0.0000 1 4
0.5000 1 21
1.0000 1 34
1.5000 1 44
2.0000 1 51
0.0000 2 0
0.5000 2 18
1.0000 2 31
1.5000 2 41
2.0000 2 48
0.0000 3 1
0.5000 3 20
1.0000 3 32
1.5000 3 42
2.0000 3 49
0.0000 4 4
0.5000 4 23
1.0000 4 36
1.5000 4 45
2.0000 4 53
0.0000 5 0
0.5000 5 19
1.0000 5 32
1.5000 5 42
2.0000 5 50
0.0000 6 0
0.5000 6 19
1.0000 6 32
1.5000 6 42
2.0000 6 49
0.0000 7 1
0.5000 7 20
1.0000 7 34
1.5000 7 42
2.0000 7 50
0.0000 8 0
0.5000 8 16
1.0000 8 30
1.5000 8 40
2.0000 8 47
0.0000 9 0
0.5000 9 16
1.0000 9 31
1.5000 9 40
2.0000 9 47
0.0000 10 0
0.5000 10 19
1.0000 10 33
1.5000 10 43
2.0000 10 49
