0.0000 1 50.3261
0.5000 1 59.7411
1.0000 1 65.0090
1.5000 1 66.9199
2.0000 1 67.3367
0.0000 2 47.7802
0.5000 2 58.7195
1.0000 2 62.4463
1.5000 2 65.0938
2.0000 2 66.6142
0.0000 3 49.4172
0.5000 3 58.3269
1.0000 3 66.0106
1.5000 3 66.6405
2.0000 3 67.7495
0.0000 4 51.2709
0.5000 4 61.2943
1.0000 4 65.6924
1.5000 4 67.6403
2.0000 4 67.2923
0.0000 5 48.6046
0.5000 5 57.3562
1.0000 5 64.4379
1.5000 5 66.6928
2.0000 5 67.4566
0.0000 6 48.4643
0.5000 6 56.5141
1.0000 6 63.9807
1.5000 6 66.1714
2.0000 6 66.6777
0.0000 7 49.4974
0.5000 7 58.9720
1.0000 7 64.5679
1.5000 7 66.6132
2.0000 7 66.9822
0.0000 8 46.6741
0.5000 8 56.2341
1.0000 8 60.7153
1.5000 8 65.0511
2.0000 8 66.0381
0.0000 9 47.0707
0.5000 9 56.9320
1.0000 9 62.1226
1.5000 9 65.9417
2.0000 9 65.2468
0.0000 10 48.6373
0.5000 10 57.7442
1.0000 10 64.2820
1.5000 10 66.6339
2.0000 10 67.3264
