0.0000 1 18140
0.5000 1 17830
1.0000 1 17940
1.5000 1 17960
2.0000 1 17980
0.0000 2 9670
0.5000 2 9630
1.0000 2 9640
1.5000 2 9660
2.0000 2 9640
0.0000 3 6070
0.5000 3 6070
1.0000 3 6060
1.5000 3 6070
2.0000 3 6060
0.0000 4 4590
0.5000 4 4590
1.0000 4 4600
1.5000 4 4590
2.0000 4 4600
0.0000 5 4430
0.5000 5 4440
1.0000 5 4550
1.5000 5 4520
2.0000 5 4510
0.0000 6 2760
0.5000 6 2760
1.0000 6 2760
1.5000 6 2750
2.0000 6 2760
0.0000 7 2840
0.5000 7 2840
1.0000 7 2850
1.5000 7 2850
2.0000 7 2840
0.0000 8 2360
0.5000 8 2350
1.0000 8 2340
1.5000 8 2350
2.0000 8 2350
0.0000 9 1330
0.5000 9 1330
1.0000 9 1330
1.5000 9 1330
2.0000 9 1330
0.0000 10 1260
0.5000 10 1260
1.0000 10 1260
1.5000 10 1260
2.0000 10 1260
0.0000 11 1190
0.5000 11 1190
1.0000 11 1190
1.5000 11 1180
2.0000 11 1190
0.0000 12 1010
0.5000 12 1010
1.0000 12 1010
1.5000 12 1010
2.0000 12 1010
0.0000 13 4020
0.5000 13 4020
1.0000 13 4020
1.5000 13 4040
2.0000 13 4020
0.0000 14 6410
0.5000 14 6410
1.0000 14 6410
1.5000 14 6400
2.0000 14 6420
0.0000 15 6550
0.5000 15 6560
1.0000 15 6550
1.5000 15 6560
2.0000 15 6550
0.0000 16 7220
0.5000 16 7220
1.0000 16 7210
1.5000 16 7200
2.0000 16 7230
0.0000 17 7100
0.5000 17 7090
1.0000 17 7090
1.5000 17 7100
2.0000 17 7090
0.0000 18 8190
0.5000 18 8190
1.0000 18 8190
1.5000 18 8190
2.0000 18 8190
0.0000 19 7640
0.5000 19 7640
1.0000 19 7640
1.5000 19 7640
2.0000 19 7640
0.0000 20 9520
0.5000 20 9500
1.0000 20 9510
1.5000 20 9550
2.0000 20 9540
0.0000 21 9280
0.5000 21 9280
1.0000 21 9260
1.5000 21 9270
2.0000 21 9280
0.0000 22 11170
0.5000 22 11150
1.0000 22 11170
1.5000 22 11180
2.0000 22 11190
0.0000 23 10890
0.5000 23 10870
1.0000 23 10880
1.5000 23 10930
2.0000 23 10920
0.0000 24 15450
0.5000 24 15230
1.0000 24 15170
1.5000 24 15270
2.0000 24 15360
