6905
6898
6917
6899
6864
6846
6885
6887
6888
6901
6940
6946
6954
6959
6943
6948
6945
7012
6989
6949
6958
6960
6962
6958
6975
6973
6966
6942
6943
6964
6958
6957
6956
6967
6932
6933
6921
6925
6935
6935
6950
6938
6953
6967
6995
6982
6982
6983
6980
6977
6981
6998
6951
6996
7001
7000
6784
6788
6789
6778
6773
6813
6797
6789
6809
6779
6814
6821
6789
6792
6776
6770
6809
6821
6803
6806
6800
6802
6800
6787
6768
6812
6816
6806
6840
6842
6835
6850
6845
6823
6813
6834
6843
6874
6885
6890
6899
6899
6910
6912
6915
6900
6926
6950
6906
6891
6896
6914
6904
6907
6905
6894
6930
6951
6955
6928
6925
6940
6927
6909
6814
6818
6755
6770
6783
6784
6767
6770
6805
6801
6813
6836
6850
6824
6822
6852
6853
6804
6816
6808
6797
6795
6813
6838
6834
6832
6834
6812
6794
6813
6809
6794
6814
6824
6850
6778
6787
6810
6840
6759
6746
6750
6735
6699
6712
6717
6747
6691
6596
6481
6459
6468
6483
6488
6497
6502
6509
6494
6496
6515
6523
6497
6505
6500
6498
6500
6477
6504
6505
6491
6519
6518
6506
6479
6480
6457
6487
6487
6505
6518
6570
6575
6585
6575
6607
6589
6572
6582
6678
6670
6690
6688
6699
6711
6712
6701
6705
6704
6710
6710
6707
6703
6702
6722
6721
6728
6729
6730
6716
6702
6696
6703
6703
6699
6675
6675
6672
6667
6678
6707
6688
6688
6695
6688
6683
6693
6689
6690
6689
6690
6670
6660
6688
6702
6703
6703
6705
6707
6711
6732
6707
6704
6711
6717
6687
6675
6672
6671
6677
6667
6650
6653
6646
6620
6640
6650
6665
6668
6700
6696
6699
6705
6710
6704
6705
6725
6718
6700
6700
6705
6719
6725
6737
6717
6700
6700
6707
6710
6704
6712
6691
6700
6756
6768
6743
6756
6747
6776
6751
6816
6832
6844
6851
6855
6833
6852
6852
6865
6872
6875
6869
6875
6867
6869
6921
6931
6931
6929
6924
6940
6950
6952
6958
6969
6953
6946
6946
6946
6950
6952
6952
6964
6969
6963
6947
6942
6941
6933
6928
6942
6935
6927
6937
6940
6942
6935
6940
6950
6938
6952
6935
6931
6936
6934
6930
6923
6934
6934
6932
6923
6921
6909
6905
6970
6964
6982
6992
7006
7005
7015
7001
6980
6993
6988
6983
6979
7003
7030
7028
7042
7021
7019
7022
7015
7013
7015
7007
7008
7003
7004
6983
6990
6989
6981
6983
6989
7008
6982
7010
7010
7003
6997
7024
7004
7000
7004
6996
6987
6992
6998
6927
6931
6928
6933
6933
6925
6910
6904
6913
6917
6918
6891
6899
6924
6938
6950
6961
6962
6973
6961
6959
6980
6962
6932
6936
6940
6926
6900
6924
6936
6929
6925
6936
6936
6938
6942
6940
6928
6915
6919
6874
6881
6903
6868
6854
6901
6905
6918
6933
6924
6928
6922
6913
6917
6900
6965
7002
7042
7045
7053
7045
7058
7023
7033
7038
7036
7037
7033
7020
7029
6995
7010
7041
7051
7055
7031
7031
7051
7074
7083
7076
7070
7102
7100
7114
7095
7092
7093
7078
7114
7113
7091
7090
7114
7160
7161
7121
7126
7132
7067
7042
7049
7047
7056
7047
7070
7056
7040
7044
7033
7033
7020
7020
7022
7064
7063
7059
7032
7040
7042
7045
7028
7012
7001
7003
7001
7044
7056
7053
7040
7046
7099
7088
7096
7096
7089
7090
7069
7097
7083
7118
7123
7127
7166
7189
7200
7146
7097
7116
7120
7115
7104
7113
7078
7094
7107
7101
7079
7051
7069
7061
7105
7111
7119
7119
7102
7093
7136
7114
7078
7101
7099
7082
7062
7009
7000
6972
6990
6996
7000
7014
7016
6990
6947
6912
6883
6888
6899
6921
6896
6895
6897
6888
6902
6891
6919
6924
6929
6919
6910
6907
6931
6922
6915
6938
6900
6848
6842
6843
6833
6824
6839
6835
6833
6831
6840
6819
6820
6833
6829
6817
6834
6831
6832
6804
6813
6809
6916
6894
6930
6915
6920
6902
6887
6898
6888
6901
6880
6876
6868
6933
6922
6924
6954
6975
6971
6974
6973
6999
7006
6999
6980
6982
6999
6997
7015
7024
7040
7034
7044
7037
7005
7022
7021
7011
6987
7020
7051
7025
7025
7016
7016
7025
7025
6998
6999
6994
6993
6994
7047
7039
7038
7036
7021
7033
7030
7050
7036
7049
7046
7041
7071
7084
7071
7045
7036
7032
7029
6998
6964
6940
6982
6995
6973
6974
6966
6956
6980
6977
6992
6970
6913
6843
6851
6850
6888
6827
6826
6799
6798
6801
6774
6830
6825
6769
6774
6786
6784
6788
6765
6765
6777
6860
6900
6893
6900
6904
6920
6910
6910
6910
6875
6888
6879
6864
6847
6846
6861
6878
6879
6892
6925
6789
6781
6777
6816
6822
6818
6791
6788
6785
6825
6792
6828
6794
6756
6777
6787
6769
6803
6814
6746
6746
6736
6742
6708
6707
6713
6698
6693
6682
6693
6701
6710
6702
6736
6676
6679
6666
6675
6659
6635
6612
6628
6621
6612
6644
6676
6683
6643
6657
6682
6633
6720
6723
6725
6874
6843
6833
6717
6723
6717
6703
6748
6750
6775
6750
6742
6731
6711
6713
6675
6720
6703
6707
6709
6721
6696
6775
6813
6825
6851
6876
6837
6878
6893
6881
6881
6877
6920
6885
6870
6876
6890
6889
6887
6889
6867
6873
6855
6857
6849
6938
6947
7000
6976
6957
7036
6978
6991
6970
6985
7013
7005
6986
6993
6991
6974
6954
6947
6947
6976
6979
6951
7029
6985
6963
6974
6954
6950
6963
6909
6930
6921
7032
7045
7050
7049
7067
7066
7055
7064
7074
7070
7062
7045
7032
7031
7050
7055
7043
7001
7107
7108
7114
7124
7131
7123
7182
7207
7202
7194
7206
7216
7172
7272
7249
7180
7130
7115
7107
7093
7038
7028
7010
7007
6956
7025
7040
7052
7075
7075
7082
7105
7129
7129
7130
7136
7160
7125
7114
7170
7123
7078
7111
7173
7032
7019
6981
6915
6871
6920
6770
6747
6743
6758
6766
6670
6670
6675
6685
6675
6688
6683
6681
6694
6646
6654
6639
6698
6720
6787
6859
6885
6881
6879
6870
6881
6857
6841
6852
6838
6831
6820
6801
6812
6798
6809
6794
6757
6774
6775
6829
6838
6826
6821
6801
6834
6850
6877
6900
6917
6910
6900
6889
6846
6853
6837
6729
6743
6754
6741
6831
6822
6900
6869
7032
7024
7052
7084
7074
7120
7106
7080
7081
7092
7111
7100
7115
7139
7150
7144
7156
7140
7122
7141
7132
7152
7170
7172
7142
7135
7172
7205
7221
7221
7219
7215
7282
7299
7256
7194
7134
7174
7076
6975
6992
7016
7088
7150
7164
7170
7183
7201
7215
7182
7158
7080
7128
7140
7152
7200
7212
7191
7277
7278
7295
7309
7278
7270
7248
7353
7353
7354
7335
7381
7372
7375
7413
7439
7439
7439
7450
7451
7474
7446
7452
7452
7449
7439
7439
7442
7442
7442
7435
7438
7431
7430
7432
7429
7432
7432
7438
7442
7446
7432
7443
7445
7441
7440
7458
7470
7485
7483
7503
7502
7491
7495
7487
7495
7478
7480
7495
7497
7502
7508
7525
7525
7525
7523
7540
7496
7500
7497
7437
7410
7413
7400
7397
7414
7427
7428
7407
7418
7400
7392
7394
7381
7360
7360
7357
7347
7372
7377
7394
7445
7474
7482
7480
7486
7473
7450
7503
7500
7516
7520
7516
7521
7524
7526
7530
7508
7498
7513
7488
7490
7500
7513
7500
7496
7497
7477
7488
7494
7497
7507
7514
7524
7529
7524
7515
7510
7518
7500
7476
7471
7470
7468
7458
7465
7453
7451
7462
7476
7470
7487
7486
7486
7492
7490
7490
7495
7478
7475
7498
7487
7464
7465
7476
7440
7489
7500
7518
7518
7518
7532
7534
7530
7515
7514
7516
7494
7495
7500
7510
7510
7518
7516
7521
7503
7506
7552
7547
7557
7550
7546
7551
7569
7534
7531
7533
7545
7538
7539
7543
7483
7508
7537
7531
7525
7546
7584
7593
7585
7597
7593
7591
7592
7619
7605
7608
7615
7603
7588
7584
7597
7599
7581
7587
7584
7576
7538
7572
7644
7643
7639
7652
7637
7653
7662
7660
7637
7625
7607
7629
7625
7616
7640
7653
7637
7614
7602
7686
7700
7690
7861
7865
7860
7867
7862
7855
7854
7853
7856
7852
7864
7865
7863
7865
7850
7887
7894
7900
7888
7883
7880
7902
7892
7878
7904
7902
7901
7893
7887
7886
7894
7889
7906
7886
7919
7936
7914
7950
7948
7948
7931
7937
7937
7929
7926
7918
7920
7921
7920
7923
7935
7936
7939
7940
7948
7930
7919
7936
7923
7937
7967
7955
7969
7957
7970
7960
7950
7952
7959
7961
7977
7971
7965
7986
7984
7996
7979
7966
7966
7964
7982
7959
7975
7972
7980
7919
7890
7869
7871
7870
7869
7861
7859
7898
7925
7931
7914
7905
7895
7884
7910
7928
7933
7922
7924
7918
7914
7914
7912
7922
7906
7913
7914
7924
7921
7915
7925
7927
7927
7923
7942
7925
7940
7937
7937
7946
7955
7945
7909
7925
7881
7890
7890
7893
7894
7924
7923
7919
7920
7918
7928
7930
7913
7908
7915
7904
7906
7900
7912
7904
7907
7875
7883
7883
7874
7890
7909
7900
7894
7895
7890
7884
7881
7868
7890
7900
7853
7850
7832
7847
7890
7907
7920
7909
7900
7893
7912
7904
7933
7900
7910
7909
7905
7908
7905
7905
7915
7927
7938
7913
7909
7906
7925
8027
8039
8038
8034
8040
8030
8036
8037
8026
8010
8011
8010
8020
8029
8043
8035
8031
8039
8041
8036
8040
8027
8028
8020
8020
8020
8003
8006
8025
8034
8033
8038
8043
8043
8053
8019
8031
8043
8058
8060
8053
8063
8065
8066
8057
8058
8059
8042
8040
8047
8049
8082
8072
8075
8068
8077
8071
8070
8079
8064
8091
8100
8093
8075
8077
8066
8059
8054
8015
8031
7985
8000
8000
7908
7903
7897
7895
7897
7892
7902
7905
7902
7898
7886
7892
7892
7890
7895
7882
7887
7886
7897
7894
7895
7893
7892
7920
7923
7906
7909
7906
7913
7897
7892
7900
7886
7886
7884
7884
7883
7870
7879
7875
7873
7864
7877
7886
7886
7866
7851
7847
7843
7850
7854
7844
7851
7850
7849
7845
7841
7836
7836
7829
7829
7830
7845
7854
7865
7857
7844
7843
7847
7848
7844
7851
7853
7862
7860
7866
7860
7859
7860
7871
7867
7861
7838
7850
7840
7836
7847
7847
7839
7856
7880
7810
7798
7810
7800
7796
7784
7795
7811
7826
7830
7833
7836
7823
7825
7826
7827
7820
7828
7827
7812
7827
7819
7828
7793
7812
7823
7801
7823
7798
7810
7813
7785
7760
7771
7777
7784
7799
7821
7804
7781
7783
7816
7825
7869
7922
7934
7919
7970
7975
7968
7954
7932
7948
7937
7955
7955
7962
7960
7930
7927
7916
8005
8011
8002
8018
7990
7988
8001
8007
8001
8008
8014
8007
8005
7994
7994
7995
7998
8006
8011
7923
7904
7920
7889
7902
7902
7903
7891
7908
7906
7910
7911
7898
7880
7869
7859
7891
7891
7896
7892
7893
7880
7890
7902
7891
7897
7881
7886
7886
7877
7917
7917
7923
7923
7921
7916
7917
7920
7906
7938
7936
7937
7931
7963
7929
7946
8040
8076
8095
8095
8095
8097
8093
8069
8103
8092
8096
8058
8069
8067
8067
8066
8067
8063
8070
8080
8095
8102
8102
8103
8096
8066
8064
8078
8076
8063
8078
8060
8065
8073
8084
8087
8087
8090
8096
8096
8143
8109
8105
7988
7984
7999
8017
8010
7965
7960
7964
7958
7973
7971
7964
7974
7940
7947
7935
7947
7950
7961
7967
7954
7932
7941
7930
7924
7920
7934
7940
7927
7928
7925
7931
7923
7922
7927
7899
7945
7950
7956
7952
7961
7956
7946
7950
7940
7958
7975
7960
7990
7994
8049
7980
7961
7958
7958
7965
7965
7976
7978
7970
7948
7939
7938
7943
7930
7918
7909
7944
7960
7957
7957
7946
7965
7971
7965
7970
7947
7956
7939
8037
8020
7956
7971
7961
7952
7956
7969
7877
7858
7850
7931
7933
7901
7941
7925
7894
7914
7877
7904
7870
7930
7970
7950
7973
7975
7973
7967
7975
7933
7919
7892
7926
7892
7895
7910
7899
7770
7772
7771
7781
7778
7770
7775
7780
7747
7760
7777
7841
7863
7859
7863
7863
7851
7875
7851
7845
7862
7836
7842
7860
7882
7882
7872
7872
7868
7896
7869
7878
7866
7868
7891
7903
7903
7897
7888
7896
7893
7899
7898
7916
7942
7950
7998
8094
8177
8181
8189
8192
8188
8188
8177
8181
8181
8175
8175
8183
8181
8182
8199
8181
8190
8181
8171
8155
8168
8178
8165
8177
8178
8179
8173
8162
8152
8158
8164
8172
8171
8195
8177
8181
8180
8180
8171
8183
8187
8204
8181
8174
8186
8187
8194
8191
8168
8139
8108
8150
8100
8074
7913
7911
7915
7888
7885
7881
7878
7882
7882
7881
7886
7886
7889
7900
7885
7900
7894
7900
7897
7894
7899
7900
7904
7905
7876
7915
7915
7911
7920
7918
7910
7916
7924
7929
7930
7937
7933
7920
7920
7927
7921
7916
7910
7935
7926
7940
7949
7950
7946
7912
7906
7905
7907
7915
7915
7917
7905
7903
7919
7912
7929
7947
7930
7940
7925
7917
7921
7944
7976
7944
7903
7905
8070
8076
8080
8080
8091
8092
8094
8095
8092
8081
8072
8061
8060
8080
8083
8093
8101
8088
8113
8098
8116
8112
8103
8095
8074
8062
8038
8050
8070
8061
8086
8090
8102
8101
8129
8138
8150
8140
8125
8112
8118
8112
8108
8120
8108
8101
8112
8118
8124
8130
8114
8094
8085
8046
8053
8050
8092
8108
8113
8115
8110
8121
8121
8114
8111
8192
8200
8206
8195
8221
8284
8281
8288
8306
8309
8305
8327
8322
8317
8325
8300
8283
8285
8287
8290
8291
8319
8316
8318
8315
8330
8300
8279
8295
8285
8288
8283
8340
8354
8351
8335
8381
8400
8402
8403
8417
8409
8409
8417
8408
8420
8396
8395
8396
8396
8402
8417
8416
8420
8417
8417
8417
8410
8407
8402
8401
8410
8417
8402
8425
8417
8420
8435
8419
8415
8410
8443
8442
8443
8445
8453
8456
8444
8450
8448
8446
8430
8448
8471
8470
8466
8466
8464
8471
8466
8462
8444
8440
8431
8442
8445
8436
8435
8440
8438
8444
8445
8460
8460
8459
8458
8458
8438
8445
8442
8442
8420
8425
8406
8425
8440
8447
8421
8411
8408
8400
8400
8399
8414
8409
8400
8418
8401
8405
8413
8438
8426
8418
8413
8418
8396
8397
8418
8412
8395
8400
8422
8421
8425
8430
8422
8419
8375
8398
8433
8421
8444
8446
8449
8444
8433
8437
8464
8466
8458
8491
8476
8477
8463
8454
8449
8455
8444
8431
8430
8407
8419
8426
8417
8437
8442
8434
8413
8420
8439
8431
8450
8484
8480
8593
8603
8620
8603
8608
8621
8612
8614
8622
8652
8643
8626
8625
8632
8632
8626
8604
8604
8600
8607
8621
8606
8579
8560
8580
8552
8558
8594
8603
8605
8604
8604
8606
8609
8615
8608
8611
8622
8616
8587
8618
8631
8638
8645
8640
8637
8630
8628
8675
8642
8635
8629
8634
8631
8650
8650
8624
8632
8630
8614
8613
8610
8612
8593
8583
8591
8573
8490
8505
8518
8538
8534
8534
8520
8544
8560
8562
8562
8556
8560
8553
8533
8544
8550
8546
8532
8533
8526
8509
8523
8536
8524
8539
8533
8535
8527
8506
8509
8506
8500
8497
8480
8494
8480
8493
8501
8566
8576
8575
8583
8588
8592
8590
8595
8598
8571
8542
8545
8570
8561
8555
8550
8523
8499
8499
8513
8521
8487
8488
8485
8495
8500
8517
8491
8499
8481
8490
8505
8505
8504
8499
8515
8517
8500
8459
8427
8430
8440
8462
8459
8471
8448
8440
8425
8429
8420
8420
8421
8401
8422
8380
8430
8442
8400
8473
8467
8480
8483
8474
8480
8493
8473
8474
8495
8495
8484
8470
8475
8467
8472
8484
8522
8514
8504
8521
8525
8519
8521
8514
8527
8535
8545
8545
8528
8531
8518
8506
8525
8528
8547
8547
8548
8553
8560
8579
8559
8560
8559
8514
8482
8481
8497
8494
8465
8464
8462
8457
8423
8434
8435
8414
8480
8484
8507
8518
8531
8519
8498
8542
8550
8557
8563
8580
8564
8560
8558
8550
8530
8556
8543
8550
8549
8560
8573
8568
8561
8561
8568
8560
8560
8543
8543
8533
8538
8550
8542
8543
8533
8535
8537
8529
8526
8514
8508
8516
8526
8531
8542
8534
8543
8526
8552
8549
8549
8539
8515
8519
8519
8528
8509
8488
8533
8524
8537
8544
8540
8535
8533
8532
8542
8552
8557
8545
8557
8549
8555
8507
8548
8538
8529
8552
8580
8580
8580
8575
8556
8557
8535
8530
8519
8538
8530
8549
8549
8565
8538
8548
8545
8520
8551
8548
8531
8545
8533
8528
8580
8619
8647
8640
8631
8646
8639
8629
8624
8617
8673
8671
8670
8670
8671
8663
8656
8621
8641
8650
8627
8658
8660
8635
8673
8693
8682
8648
8646
8641
8627
8684
8681
8675
8677
8655
8684
8680
8714
8705
8697
8732
8730
8729
8764
8778
8798
8790
8885
8880
8898
8897
8905
8937
8940
8936
8922
8931
8942
8958
8965
8939
8939
8924
8915
8893
8925
8915
8928
8926
8926
8936
8933
8915
8901
8901
8923
8915
8905
8900
8901
8890
8899
8899
8900
8896
8895
8889
8890
8922
8924
8924
8922
8910
8891
8899
8881
8893
8897
8893
8899
8891
8883
8897
8897
8889
8872
8879
8869
8880
8887
8884
8868
8901
8907
8916
8930
8928
8928
8921
8934
8932
8922
8929
8948
8949
8932
8932
8932
8938
8944
8940
8929
8910
8955
8950
8939
8942
8944
8944
8941
8927
8932
8938
8924
8971
8947
8946
8955
8964
8983
8977
8972
8968
8965
8975
8979
8972
8979
8969
8970
8954
8952
8874
8858
8865
8859
8864
8864
8862
8851
8858
8861
8859
8848
8883
8889
8882
8900
8870
8876
8880
8885
8857
8860
8865
8881
8880
8887
8864
8846
8838
8772
8753
8752
8760
8709
8709
8690
8737
8747
8736
8771
8768
8760
8760
8753
8765
8774
8792
8798
8788
8793
8760
8778
8792
8773
8760
8763
8758
8776
8782
8763
8790
8883
8888
8887
8890
8892
8892
8910
8900
8873
8876
8890
8880
8870
8881
8861
8890
8890
8892
8883
8890
8879
8890
8884
8879
8899
8874
8899
8910
8915
8920
8900
8900
8897
8896
8891
8900
8933
8929
8930
8931
8932
8920
8935
8923
8926
8927
8900
8894
8885
8894
8894
8896
8902
8903
8890
8887
8887
8887
8869
8864
8850
8855
8908
8928
8928
8932
8915
8925
8927
8929
8930
8930
8916
8922
8928
8944
8950
8934
8940
8933
8911
8912
8908
8910
8892
8891
8890
8890
8888
8888
8882
8881
8885
8890
8886
8886
8882
8882
8883
8882
8876
8881
8880
8878
8892
8866
8881
8871
8877
8874
8873
8859
8850
8840
8831
8837
8850
8851
8854
8858
8871
8872
8868
8873
8873
8869
8872
8867
8894
8895
8893
8895
8907
8899
8895
8919
8915
8899
8915
8978
8900
8902
8910
8778
8744
8736
8733
8712
8725
8705
8733
8677
8679
8657
8654
8649
8649
8675
8674
8662
8634
8658
8663
8679
8677
8648
8642
8647
8648
8664
8660
8650
8645
8636
8636
8636
8631
8636
8624
8622
8619
8617
8582
8589
8580
8587
8604
8592
8613
8615
8600
8587
8600
8619
8631
8622
8619
8617
8612
8604
8604
8603
8597
8619
8620
8622
8580
8555
8649
8649
8641
8676
8677
8677
8673
8671
8716
8627
8625
8622
8610
8620
8632
8622
8632
8628
8617
8609
8615
8632
8623
8620
8626
8620
8620
8613
8637
8637
8654
8655
8615
8609
8625
8614
8615
8618
8593
8600
8597
8604
8588
8627
8667
8632
8641
8627
8627
8638
8630
8590
8620
8630
8621
8597
8652
8620
8578
8580
8582
8585
8581
8595
8599
8451
8446
8440
8409
8424
8424
8420
8436
8420
8401
8347
8338
8322
8330
8325
8326
8342
8337
8324
8326
8319
8350
8364
8450
8432
8445
8450
8460
8505
8505
8469
8462
8470
8466
8460
8462
8465
8460
8471
8459
8484
8487
8484
8475
8483
8486
8486
8462
8465
8452
8442
8443
8466
8472
8477
8494
8496
8512
8510
8503
8496
8496
8500
8508
8517
8518
8493
8450
8451
8480
8486
8481
8487
8490
8493
8507
8493
8488
8482
8478
8468
8479
8460
8422
8402
8405
8405
8411
8422
8420
8404
8403
8398
8407
8404
8417
8416
8410
8419
8422
8394
8379
8386
8381
8394
8382
8393
8410
8410
8402
8417
8422
8442
8441
8449
8444
8395
8399
8394
8408
8403
8398
8396
8396
8383
8374
8367
8376
8408
8409
8408
8393
8415
8419
8430
8430
8448
8433
8450
8463
8450
8409
8417
8409
8425
8418
8408
8412
8424
8390
8402
8402
8406
8419
8410
8412
8410
8421
8421
8429
8418
8408
8402
8425
8451
8481
8545
8600
8601
8584
8608
8604
8592
8591
8597
8609
8593
8593
8607
8609
8640
8707
8718
8688
8668
8683
8684
8689
8694
8685
8674
8693
8711
8701
8702
8694
8695
8680
8687
8724
8721
8724
8732
8737
8761
8743
8682
8680
8688
8700
8675
8676
8676
8671
8670
8690
8689
8690
8675
8664
8619
8601
8605
8620
8622
8625
8621
8615
8615
8601
8575
8560
8553
8585
8578
8611
8593
8588
8603
8605
8583
8593
8596
8606
8582
8588
8588
8590
8587
8594
8590
8605
8616
8591
8596
8600
8612
8590
8598
8584
8634
8681
8665
8664
8662
8660
8654
8662
8650
8651
8634
8634
8640
8662
8658
8670
8657
8656
8643
8662
8690
8669
8674
8682
8672
8683
8664
8626
8619
8624
8615
8616
8595
8583
8566
8595
8613
8611
8600
8594
8590
8603
8644
8635
8629
8644
8642
8615
8598
8590
8580
8608
8577
8591
8575
8565
8568
8536
8510
8565
8504
8543
8532
8533
8550
8572
8593
8617
8590
8613
8600
8607
8640
8703
8709
8709
8690
8685
8701
8704
8709
8698
8693
8718
8723
8746
8734
8744
8754
8738
8723
8705
8703
8712
8714
8726
8723
8718
8718
8705
8703
8693
8670
8654
8678
8689
8724
8723
8704
8716
8695
8701
8678
8689
8734
8730
8710
8715
8715
8751
8732
8746
8702
8707
8674
8700
8724
8725
8718
8746
8775
8795
8776
8775
8775
8750
8780
8790
8788
8775
8767
8819
8835
8979
8976
9019
9000
9000
8995
8988
8983
8985
8985
8987
8975
8978
8980
8978
8983
8985
8977
8977
8967
8967
8963
8941
8937
8940
8925
8920
8943
8952
9014
9016
9010
9018
9011
9010
9019
9022
9027
9018
9018
9015
9024
9011
9011
9003
9000
9026
9020
9036
9036
9032
9036
9036
9034
9034
9007
8996
9004
9004
9001
8991
9001
9003
9015
9008
9018
9015
9010
9015
9014
8999
9011
9009
9007
9010
9003
9014
9018
9033
9034
9047
9040
9052
9065
9074
9047
9046
9060
9048
9040
9040
9041
9044
9041
9037
9039
9047
9072
9065
9041
9043
9046
9046
9038
9064
9058
9074
9036
9038
9051
9027
9010
9030
9038
9044
9044
8980
8968
8950
8942
8927
8922
8930
8907
8904
8897
8890
8904
8898
8892
8890
8915
8918
8882
8903
8904
8904
8889
8892
8874
8868
8833
8839
8849
8843
8852
8842
8825
8837
8891
8890
8910
8894
8879
8883
8918
8935
8922
8927
8916
8915
8915
8922
8914
8911
8931
8913
8931
8951
8951
8953
8904
8875
8873
8890
8897
8894
8898
8910
8908
8917
8897
8894
8875
8883
8888
8897
8914
8909
8906
8898
8916
8918
8908
8922
8940
8912
8911
8921
8922
8876
8896
8896
8892
8907
8909
8908
8919
8920
8903
8873
8873
8879
8855
8805
8834
8839
8859
8859
8874
8878
8857
8808
8785
8796
8827
8801
8789
8770
8798
8823
8872
8893
8915
8904
8893
8882
8881
8863
8838
8913
8925
8898
8898
8880
8925
8917
8922
8906
8901
8882
8890
8810
9030
9081
9100
9147
9136
9145
9148
9152
9090
9075
9096
9066
9060
9050
9046
9061
9062
9079
9079
9105
9056
9048
9047
9025
9029
9025
9044
9051
9059
9059
9057
9060
9065
9066
9017
9016
8996
8997
9054
9065
9073
9071
9065
9077
9086
9085
9089
9084
9091
9077
9077
9088
9100
9102
9112
9096
9109
9115
9090
9073
9071
9064
9065
9070
9073
9070
9061
9054
9062
9069
9067
9060
9063
9065
9074
9080
9076
9065
9080
9065
9073
9080
9074
9056
9083
9081
9066
9068
9037
9041
9048
9033
8969
8979
8970
8962
8980
8971
8968
8977
8964
8950
8960
8960
8957
8952
8925
8939
8930
8953
8959
8926
9022
9045
9052
9049
9022
9080
9066
9075
9079
9070
9072
9064
9070
9046
9050
9034
9016
9020
9039
9090
9087
9091
9090
9090
9113
9119
9113
9100
9109
9113
9087
9089
9100
9101
9094
9097
9070
9105
9126
9053
9021
9022
9035
9030
8978
8976
8976
8976
8971
8974
8967
8948
8952
8986
8946
8959
8954
8958
8953
8942
8957
8956
8970
8955
8950
8981
8975
8975
8964
8973
8958
8946
8939
8942
8932
8949
8938
8923
8920
8923
8926
8900
8881
8898
8901
8914
8916
8933
8925
8904
8913
8909
8900
8892
8878
8856
8851
8896
8900
8907
8887
8898
8892
8935
8935
8944
8940
8949
8931
8902
8920
8940
8940
8943
8940
8951
8951
8968
8973
8962
8955
8966
8961
8988
8969
8955
8934
8916
8928
8931
8943
8938
8902
8905
8887
8902
8915
8912
8958
8951
8952
8989
9015
9008
9015
8937
8943
8942
8947
8919
8949
8845
8841
8847
8821
8826
8834
8826
8838
8819
8831
8836
8810
8809
8823
8817
8816
8846
8852
8856
8854
8875
8862
8859
8845
8846
8805
8823
8824
8795
8823
8820
8820
8787
8800
8777
8810
8809
8819
8785
8556
8567
8566
8550
8545
8540
8544
8589
8570
8515
8517
8518
8525
8529
8493
8502
8496
8482
8494
8459
8504
8500
8512
8499
8481
8497
8497
8520
8526
8520
8530
8522
8561
8559
8545
8550
8575
8577
8557
8547
8510
8518
8517
8522
8491
8500
8499
8493
8485
8520
8509
8506
8500
8519
8530
8516
8538
8554
8531
8561
8483
8480
8470
8473
8478
8505
8503
8500
8483
8473
8500
8489
8456
8465
8465
8480
8477
8475
8466
8457
8461
8450
8456
8460
8458
8489
8419
8409
8406
8400
8392
8374
8399
8385
8385
8389
8392
8407
8417
8397
8400
8399
8392
8386
8395
8387
8385
8420
8429
8433
8450
8469
8474
8464
8465
8464
8465
8472
8495
8493
8500
8478
8486
8517
8503
8524
8526
8486
8494
8490
8465
8462
8460
8445
8460
8460
8476
8484
8484
8468
8465
8476
8478
8474
8477
8474
8457
8445
8445
8460
8461
8449
8453
8427
8444
8432
8431
8439
8452
8506
8517
8523
8542
8556
8551
8551
8551
8540
8568
8599
8612
8586
8563
8560
8548
8595
8614
8589
8599
8589
8583
8574
8577
8522
8509
8511
8507
8480
8456
8450
8478
8485
8502
8502
8497
8497
8509
8518
8497
8490
8485
8499
8500
8528
8523
8518
8524
8506
8508
8492
8505
8512
8515
8505
8474
8472
8474
8470
8453
8514
8511
8495
8494
8597
8521
8528
8531
8543
8518
8514
8500
8490
8470
8491
8484
8499
8432
8427
8443
8434
8407
8416
8387
8406
8419
8411
8424
8392
8419
8407
8395
8411
8437
8460
8459
8445
8456
8419
8425
8409
8411
8408
8408
8427
8429
8429
8429
8457
8427
8517
8422
8433
8441
8442
8448
8465
8382
8366
8388
8388
8398
8382
8395
8394
8387
8383
8382
8378
8430
8375
8362
8361
8352
8342
8331
8364
8358
8381
8395
8399
8378
8390
8338
8321
8336
8326
8349
8277
8333
8385
8401
8360
8359
8390
8346
8386
8400
8550
8565
8564
8551
8558
8596
8604
8621
8617
8616
8641
8603
8566
8585
8593
8602
8594
8595
8599
8600
8585
8577
8530
8554
8553
8543
8564
8574
8576
8570
8575
8547
8571
8590
8588
8606
8598
8590
8575
8564
8547
8594
8590
8650
8698
8671
8700
8595
8574
8581
8572
8557
8570
8546
8524
8353
8313
8325
8335
8345
8290
8286
8240
8274
8264
8271
8281
8289
8283
8277
8256
8261
8287
8304
8308
8303
8286
8302
8302
8309
8309
8285
8285
8291
8325
8355
8363
8314
8264
8255
8256
8258
8260
8270
8264
8260
8265
8235
8236
8238
8215
8216
8163
8162
8150
8154
8165
8162
8170
8184
8156
8150
8167
8172
8159
8155
8218
8218
8204
8220
8239
8234
8227
8270
8283
8329
8391
8337
8333
8333
8332
8336
8344
8341
8343
8335
8325
8347
8304
8299
8290
8301
8308
8319
8313
8304
8287
8296
8304
8299
8318
8307
8310
8308
8284
8290
8281
8299
8294
8313
8318
8285
8280
8306
8302
8310
8323
8317
8324
8340
8345
8288
8300
8295
8256
8239
8232
8215
8198
8200
8206
8211
8204
8214
8225
8224
8202
8207
8205
8171
8155
8190
8190
8172
8175
8223
8223
8228
8228
8234
8205
8219
8198
8233
8263
8264
8264
8263
8248
8290
8255
8253
8244
8230
8224
8224
8210
8219
8210
8224
8212
8228
8220
8208
8193
8187
8190
8179
8203
8217
8208
8210
8238
8300
8304
8285
8323
8355
8366
8374
8372
8400
8349
8322
8355
8430
8370
8395
8280
8206
8214
8225
8171
8181
8181
8180
8183
8180
8210
8246
8220
8230
8249
8165
8184
8142
8140
8143
8176
8182
8128
8113
8133
8115
8170
8179
8160
8050
8070
8099
7924
7916
7942
7953
7942
7903
8032
7820
7831
7673
7637
7630
7518
7515
7506
7501
7502
7531
7497
7520
7531
7472
7477
7491
7496
7500
7512
7505
7467
7489
7451
7437
7408
7418
7458
7479
7549
7537
7546
7528
7557
7546
7568
7565
7549
7487
7495
7474
7499
7496
7485
7494
7512
7462
7434
7416
7421
7413
7403
7362
7368
7385
7388
7440
7422
7380
7385
7380
7400
7384
7363
7372
7350
7363
7353
7379
7381
7428
7385
7406
7427
7410
7402
7430
7478
7465
7428
7420
7450
7408
7332
7368
7397
7400
7383
7365
7414
7400
7400
7596
7603
7584
7603
7581
7570
7602
7596
7640
7628
7672
7682
7705
7699
7770
7763
7768
7781
7755
7744
7744
7779
7759
7756
7738
7740
7763
7799
7766
7717
7707
7699
7641
7701
7663
7629
7601
7584
7592
7563
7580
7575
7590
7616
7606
7603
7610
7626
7715
7714
7717
7679
7678
7692
7705
7704
7717
7721
7763
7768
7751
7791
7780
7798
7790
7800
7757
7735
7741
7739
7731
7722
7745
7704
7676
7680
7667
7667
7696
7695
7724
7729
7710
7708
7728
7734
7724
7716
7722
7739
7730
7750
7729
7724
7730
7733
7740
7678
7693
7676
7694
7720
7741
7701
7703
7668
7661
7684
7699
7673
7656
7662
7640
7638
7637
7605
7601
7600
7618
7636
7638
7624
7630
7610
7635
7602
7602
7640
7647
7690
7722
7720
7730
7714
7685
7677
7684
7707
7689
7668
7627
7656
7649
7656
7670
7712
7590
7599
7578
7600
7642
7639
7658
7637
7772
7772
7771
7759
7768
7764
7765
7782
7789
7761
7772
7756
7763
7702
7740
7792
7824
7842
7814
7823
7812
7835
7868
7866
7847
7899
7916
7898
7884
7890
7876
7840
7930
7984
7965
8024
8035
8031
8040
8036
8032
7990
7990
7990
7987
7957
7957
7971
7968
7968
7978
7990
7994
7993
8005
8042
8044
8002
8064
7982
7877
7851
7850
7838
7832
7816
7821
7818
7803
7820
7784
7800
7791
7770
7797
7809
7807
7816
7818
7820
7834
7829
7815
7814
7839
7821
7780
7792
7822
7803
7822
7833
7907
7941
7957
7945
7956
7962
7941
7945
7970
7975
7963
7938
7955
7930
7925
7919
7923
7920
7934
7959
7958
7950
7950
7967
7974
7923
7922
7916
7920
7900
7900
7909
7912
7919
7928
7917
7904
7890
7923
7890
7887
7894
7891
7908
7925
7919
7900
7918
7916
7908
7884
7980
7981
7994
7976
7965
7996
8002
8010
8029
8033
8010
7999
7999
8032
8002
7983
7980
7965
7979
8058
8023
8048
8046
8050
8038
8039
8039
8028
8049
8050
8037
8090
8133
8133
8127
8129
8121
8177
8320
8320
8312
8320
8302
8314
8322
8274
8274
8267
8248
8239
8248
8243
8268
8271
8250
8250
8247
8249
8252
8235
8270
8276
8279
8271
8272
8284
8285
8270
8268
8268
8280
8278
8285
8308
8315
8324
8311
8327
8187
8190
8194
8186
8187
8185
8174
8175
8204
8200
8200
8192
8200
8200
8200
8205
8216
8210
8205
8193
8197
8191
8189
8191
8212
8165
8170
8175
8167
8150
8150
8124
8163
8169
8170
8170
8175
8171
8177
8165
8164
8176
8179
8173
8182
8185
8176
8177
8171
8159
8180
8154
8136
8110
8160
8164
8173
8175
8168
8205
8207
8207
8215
8208
8211
8211
8202
8195
8190
8215
8219
8211
8226
8218
8223
8154
8135
8148
8156
8167
8167
8167
8165
8151
8151
8151
8151
8148
8155
8152
8159
8147
8155
8134
8141
8139
8140
8131
8146
8149
8143
8120
8115
8125
8282
8262
8285
8292
8281
8274
8275
8251
8244
8271
8268
8283
8275
8294
8305
8321
8498
8499
8496
8498
8500
8497
8495
8500
8499
8487
8495
8496
8497
8489
8499
8498
8492
8496
8493
8500
8509
8510
8511
8492
8511
8503
8502
8520
8511
8500
8495
8492
8493
8492
8494
8509
8492
8497
8488
8470
8512
8530
8510
8525
8535
8533
8553
8547
8539
8544
8544
8552
8567
8566
8559
8537
8527
8510
8513
8520
8500
8515
8507
8507
8519
8524
8534
8520
8533
8519
8508
8506
8507
8560
8547
8569
8550
8537
8541
8521
8534
8526
8525
8533
8550
8567
8558
8545
8539
8545
8543
8528
8547
8529
8510
8516
8555
8575
8583
8516
8495
8510
8502
8498
8483
8479
8481
8491
8510
8519
8485
8472
8503
8449
8463
8466
8503
8504
8481
8481
8495
8491
8489
8488
8468
8480
8478
8450
8463
8448
8492
8470
8459
8476
8524
8500
8398
8166
8161
8178
8176
8192
8195
8198
8190
8205
8220
8214
8204
8216
8229
8224
8233
8238
8211
8201
8191
8189
8184
8198
8203
8197
8180
8199
8140
8148
8147
8136
8151
8132
8129
8081
8106
8117
8134
8140
8117
8160
8156
8160
8139
8132
8140
8186
8181
8190
8167
8195
8183
8178
8185
8163
8124
8119
8119
8112
8122
8197
8195
8244
8241
8230
8240
8208
8214
8228
8228
8203
8217
8300
8273
8273
8269
8243
8243
8235
8229
8238
8218
8226
8207
8235
8219
8212
8209
8208
8185
8185
8208
8222
8243
8243
8238
8240
8224
8228
8220
8198
8202
8198
8196
8190
8208
8209
8214
8220
8220
8220
8239
8249
8169
8140
8125
8126
8101
8085
8093
8079
8058
8016
8041
8062
8098
8094
8098
8076
8092
8126
8100
8091
8109
8053
8049
8059
8056
8035
8025
8047
8021
7960
7961
8022
8045
8003
8085
8085
8064
8079
8081
8076
8070
8062
8149
8163
8301
8332
8304
8296
8306
8321
8265
8264
8273
8251
8251
8281
8285
8288
8296
8326
8289
8291
8288
8302
8296
8307
8302
8324
8335
8360
8333
8333
8365
8361
8357
8327
8300
8280
8269
8275
8230
8212
8192
8173
8168
8233
8238
8253
8235
8244
8250
8269
8251
8233
8269
8269
8271
8267
8213
8209
8257
8240
8287
8259
8239
8224
8257
8280
8296
8295
8326
8267
8235
8174
8186
8161
8177
8174
8178
8127
8136
8130
8121
8115
8125
8130
8123
8119
8196
8174
8161
8143
8165
8170
8158
8158
8163
8149
8170
8190
8199
8186
8192
8186
8182
8195
8108
8098
8082
8108
8056
8077
8034
8014
8054
8051
8075
8077
8078
8066
8053
8067
8077
8083
8107
8089
8068
8085
8084
8041
8046
8018
8001
7998
8022
8038
8028
8153
8128
8170
8183
8270
8313
8318
8329
8316
8336
8299
8345
8369
8388
8380
8375
8391
8392
8424
8229
8232
8232
8230
8221
8250
8220
8201
8230
8230
8242
8242
8192
8200
8200
8187
8192
8209
8198
8172
8168
8147
8182
8197
8221
8213
8205
8213
8200
8230
8232
8251
8274
8283
8280
8243
8219
8193
8213
8200
8155
8140
8188
8197
8118
8118
8132
8100
8134
8174
8210
8216
8219
8231
8248
8261
8200
8221
8241
8226
8225
8280
8232
8218
8210
8197
8197
8197
8232
8243
8240
7934
7856
7867
7854
7850
7857
7864
7889
7897
7901
7898
7897
7897
7905
7912
7931
7890
7830
7823
7826
7854
7841
7815
7768
7744
7733
7748
7761
7716
7717
7771
7775
7797
7823
7795
7833
7913
7949
7966
7893
7920
7894
7883
7884
7877
7905
7925
7890
7890
7858
7887
7875
7911
7912
7967
7936
7977
7895
7883
7895
7854
7795
7800
7815
7875
7898
7889
7889
7886
7934
7931
7925
7950
8016
8116
8136
8118
8120
8114
8130
8144
8159
8161
8160
8175
8153
8121
8110
8122
8115
8103
8149
8155
8149
8078
8032
8227
8227
8238
8238
8238
8238
8253
8265
8203
8201
8231
8196
8225
8232
8226
8272
8245
8249
8222
8211
8212
8220
8206
8176
8167
8161
8170
8207
8216
8187
8244
8150
8150
8137
7995
7983
8079
8111
8120
8137
8123
8127
8150
8271
8295
8297
8289
8278
8267
8312
8326
8232
8270
8250
8233
8297
8300
8309
8320
8339
8340
8320
8320
8333
8280
8303
8273
8255
8252
8286
8281
8306
8279
8277
8260
8264
8248
8264
8277
8284
8312
8291
8216
8235
8222
8268
8332
8319
8316
8334
8331
8320
8382
8396
8286
8316
8275
8430
8523
8631
8658
8714
8703
8715
8738
8730
8720
8720
8715
8718
8703
8723
8711
8724
8675
8698
8707
8721
8716
8713
8738
8740
8746
8730
8729
8727
8736
8708
8777
8752
8743
8728
8720
8713
8701
8701
8708
8690
8690
8686
8665
8672
8645
8645
8665
8651
8640
8642
8650
8651
8667
8648
8700
8720
8725
8686
8630
8620
8686
8671
8664
8685
8678
8686
8710
8722
8707
8723
8727
8729
8741
8698
8736
8773
8747
8731
8705
8751
8755
8744
8721
8780
8804
8915
8920
8898
8900
8914
8941
8915
8799
8956
8969
8988
9050
9049
9050
9039
9050
9120
9113
9137
9120
9138
9105
9106
9120
9120
9105
9107
9107
9113
9111
9135
9098
9105
9096
9090
9150
9150
9130
9145
9145
9154
9145
9155
9173
9177
9177
9172
9166
9169
9187
9187
9154
9141
9162
9179
9179
9191
9184
9180
9199
9213
9183
9193
9158
9152
9151
9148
9143
9150
9148
9124
9128
9104
9114
9107
9087
9144
9136
9115
9136
9127
9108
9130
9125
9202
9275
9283
9292
9271
9284
9284
9268
9281
9270
9259
9259
9246
9250
9272
9261
9284
9280
9298
9298
9303
9299
9292
9290
9293
9270
9265
9281
9282
9291
9302
9319
9281
9294
9290
9290
9325
9310
9347
9327
9319
9355
9271
9227
9224
9230
9229
9208
9213
9206
9215
9245
9204
9185
9187
9175
9153
9160
9142
9165
9170
9157
9166
9187
9152
9152
9152
9155
9151
9162
9152
9160
9169
9199
9203
9193
9200
9150
9125
9120
9135
9164
9175
9119
9094
9086
9095
9122
9118
9119
9081
9087
9090
9122
9090
9112
9098
9076
9078
9045
9072
9110
9127
9230
9135
9068
9070
9072
9078
9067
9081
9050
9045
9014
9050
9145
9161
9151
9145
9174
9172
9145
9130
9123
9130
9124
9148
9148
9142
9124
9101
9103
9118
9146
9187
9176
9177
9180
9190
9171
9178
9142
9186
9250
9261
9277
9242
9281
9260
9244
9050
9032
9032
9065
9021
9030
9058
9044
9034
9104
9088
9089
9037
9049
9016
8993
9005
9021
9067
9047
9020
9110
9114
9095
9076
9118
9125
9122
9128
9068
9118
9109
9104
9128
9058
9106
9076
9110
9135
9119
9157
9203
9172
9139
9150
9156
9140
9004
8896
8900
8925
9026
9010
8980
8999
9005
9031
9010
9058
9012
9023
9012
9000
8989
9016
8971
8959
8940
8959
8970
9010
8981
8962
9160
9195
9170
9162
9190
9293
9244
9256
9293
9313
9317
9349
9333
9341
9351
9272
9279
9276
9265
9191
9206
9206
9220
9193
9150
9165
9155
9099
9151
9182
9174
9172
9204
9177
9177
9190
9158
9100
9202
9219
9223
9187
9216
9374
9368
9350
9355
9364
9382
9384
9365
9369
9370
9358
9381
9385
9360
9410
9479
9432
9383
9372
9385
9377
9385
9341
9344
9379
9374
9365
9389
9353
9375
9359
9399
9382
9332
9314
9302
9319
9339
9246
9275
9027
9005
9029
9043
9033
9043
9000
9049
9066
9091
9090
9108
9133
9129
9121
9133
9133
9138
9129
9154
9175
9159
9128
9136
9154
9094
9132
9140
9218
9228
9231
9190
9195
9217
9214
9203
9227
9242
9240
9244
9211
9241
9155
9152
9159
9157
9150
9162
9153
9160
9185
9192
9202
9159
9101
9074
9041
9087
9070
9051
9000
9094
9129
9125
9148
9122
9128
9142
9046
9032
9024
9019
9046
9027
8952
8966
8972
8988
8976
9019
9015
9027
8966
8966
8985
8902
8913
8929
8896
8834
8750
8858
8908
8886
8901
8915
9071
9151
9150
9190
9201
9201
9219
9222
9204
9208
9219
9250
9226
9215
9209
9177
9165
9167
9183
9168
9193
9198
9152
9120
9121
9150
9213
9201
9195
9218
9244
9187
9211
9208
9218
9222
9204
9237
9226
9135
9139
9149
9161
9140
9119
9129
9106
9130
9058
9077
9191
9182
9166
9180
9205
9296
9284
9307
9301
9283
9291
9322
9318
9273
9300
9322
9335
9296
9314
9260
9303
9407
9410
9439
9420
9560
9730
9726
9769
9777
9772
9785
9769
9777
9783
9788
9782
9782
9794
9800
9811
9795
9770
9765
9735
9711
9719
9716
9707
9774
9785
9789
9799
9791
9768
9793
9794
9790
9790
9809
9812
9793
9829
9790
9790
9793
9792
9789
9796
9799
9794
9799
9803
9814
9815
9823
9799
9800
9817
9807
9784
9804
9804
9806
9782
9794
9764
9872
9859
9850
9832
9825
9849
9847
9823
9806
9820
9809
9840
9821
9800
9815
9773
9790
9799
9800
9540
9555
9540
9540
9536
9563
9543
9549
9540
9537
9546
9543
9513
9519
9510
9481
9593
9574
9570
9530
9565
9598
9604
9601
9615
9623
9600
9615
9598
9619
9610
9583
9588
9623
9646
9645
9677
9631
9573
9573
9589
9581
9567
9577
9585
9600
9570
9606
9591
9587
9521
9523
9536
9535
9563
9569
9555
9577
9550
9560
9520
9486
9435
9404
9399
9433
9421
9425
9421
9424
9412
9409
9397
9409
9532
9537
9538
9520
9525
9526
9548
9571
9615
9580
9570
9589
9580
9582
9602
9594
9592
9588
9578
9564
9507
9515
9523
9539
9540
9531
9555
9647
9653
9665
9664
9671
9685
9613
9609
9607
9580
9592
9611
9616
9600
9583
9623
9610
9592
9620
9588
9608
9585
9535
9522
9542
9517
9504
9502
9522
9532
9513
9494
9489
9483
9501
9480
9482
9490
9590
9595
9598
9596
9587
9566
9600
9559
9663
9670
9665
9721
9713
9611
9618
9610
9550
9589
9589
9635
9613
9640
9671
9650
9651
9655
9656
9617
9629
9562
9527
9573
9568
9570
9575
9518
9495
9500
9525
9665
9639
9645
9649
9681
9649
9614
9617
9611
9613
9637
9600
9588
9574
9594
9620
9622
9607
9564
9629
9650
9635
9629
9629
9635
9646
9624
9598
9650
9649
9430
9430
9465
9425
9444
9451
9380
9267
9245
9230
9251
9250
9247
9239
9220
9252
9237
9230
9251
9277
9301
9300
9300
9268
9261
9253
9208
9199
9217
9138
9121
9132
9110
9108
9121
9183
9210
9211
9201
9187
9205
9233
9224
9241
9210
9221
9186
9204
9241
9273
9274
9260
9214
9210
9231
9250
9226
9225
9211
9225
9212
9255
9308
9256
9284
9318
9300
9320
9200
9201
9188
9181
9192
9212
9213
9228
9174
9195
9189
9258
9234
9145
9108
9117
9129
9139
9127
9085
8986
8918
8820
8810
8735
8693
8671
8672
8690
8675
8670
8657
8658
8678
8669
8714
8696
8701
8700
8685
8671
8676
8655
8628
8626
8637
8655
8651
8683
8672
8666
8649
8676
8717
8733
8782
8780
8780
8784
8794
8786
8765
8760
8780
8778
8794
8780
8760
8765
8773
8771
8781
8794
8760
8763
8770
8736
8729
8710
8688
8690
8723
8728
8725
8761
8763
8760
8752
8764
8779
8778
8773
8780
8752
8754
8743
8771
8768
8813
8818
8811
8813
8794
8790
8788
8800
8809
8790
8811
8810
8750
8734
8736
8750
8765
8706
8704
8712
8669
8643
8654
8650
8652
8680
8677
8670
8692
8697
8670
8697
8618
8620
8612
8619
8570
8552
8566
8609
8619
8662
8703
8699
8708
8708
8713
8715
8696
8676
8676
8718
8598
8592
8566
8573
8605
8605
8606
8600
8607
8600
8643
8636
8632
8596
8590
8625
8592
8589
8577
8462
8501
8563
8578
8568
8551
8581
8564
8569
8524
8543
8575
8636
8637
8643
8675
8673
8625
8704
8778
8784
8824
8825
8776
8764
8810
8800
8799
8800
8801
8821
8842
8838
8855
8836
8840
8821
8776
8760
8754
8748
8765
8749
8750
8789
8836
8820
8823
8802
8833
8790
8809
8812
8835
8841
8864
8825
8863
8866
8800
8792
8805
8866
8900
8870
8877
9096
9092
9096
9085
9100
9100
9120
9111
9121
9100
9141
9126
9128
9093
9108
9127
9060
9068
9076
9078
9066
9042
9070
9057
9077
9072
9134
9134
9130
9127
9046
9078
9016
9100
9088
9074
9075
9198
9198
9200
9191
9195
9200
9202
9200
9180
9203
9275
9357
9368
9378
9378
9379
9402
9415
9404
9391
9405
9396
9389
9365
9373
9376
9350
9347
9335
9366
9354
9353
9361
9358
9404
9409
9415
9414
9405
9407
9375
9388
9392
9440
9441
9458
9456
9443
9424
9435
9427
9421
9428
9420
9441
9446
9450
9490
9450
9404
9323
9302
9318
9320
9317
9291
9312
9335
9289
9284
9268
9260
9250
9293
9296
9302
9303
9315
9283
9290
9293
9285
9329
9340
9347
9309
9351
9376
9361
9373
9392
9379
9381
9384
9369
9357
9343
9336
9339
9344
9323
9341
9342
9325
9362
9325
9321
9333
9279
9276
9277
9291
9275
9286
9271
9259
9198
9218
9255
9299
9290
9305
9294
9280
9350
9334
9318
9326
9340
9299
9289
9288
9250
9282
9374
9417
9400
9409
9426
9383
9399
9400
9384
9411
9421
9428
9449
9434
9391
9395
9385
9370
9407
9413
9389
9451
9448
9447
9458
9418
9437
9444
9440
9437
9438
9449
9434
9444
9459
9475
9490
9499
9420
9347
9334
9347
9324
9312
9304
9286
9322
9335
9331
9313
9320
9287
9301
9294
9322
9326
9336
9318
9318
9298
9263
9271
9262
9269
9234
9216
9253
9265
9245
9211
9187
9207
9209
9204
9192
9192
9177
9162
9165
9153
9147
9183
9171
9164
9160
9192
9170
9272
9300
9287
9300
9307
9291
9271
9266
9289
9276
9257
9250
9280
9313
9315
9323
9323
9321
9297
9332
9385
9388
9385
9335
9290
9325
9345
9374
9350
9322
9302
9270
9267
9296
9282
9296
9249
9244
9279
9310
9324
9302
9295
9317
9262
9262
9261
9303
9308
9294
9275
9266
9255
9202
9188
9215
9210
9207
9207
9215
9202
9218
9197
9165
9119
9060
9033
9045
9053
9005
9001
9036
9045
9123
9122
9068
9057
9124
8982
8974
8947
8990
8999
8972
8936
8949
8790
8800
8800
8820
8818
8800
8813
8803
8750
8744
8726
8705
8729
8752
8748
8763
8719
8723
8721
8726
8675
8752
8729
8757
8888
8876
8912
8941
8891
8873
8874
8897
8821
8805
8814
8810
8789
8800
8785
8765
8770
8824
8814
8820
8778
8829
8868
8811
8810
8815
8850
8717
8742
8756
8725
8733
8755
8950
9010
9069
9070
9070
8994
8999
9002
8993
8991
9016
8991
9017
8966
8968
9044
9045
9008
9120
9115
9118
9114
9100
9132
9101
9080
9033
8989
8991
9000
9004
9036
8945
8945
8970
8980
8924
8895
8892
8881
8916
8945
8938
8922
8929
8959
8995
9003
9031
9025
9052
9036
8963
8960
8982
8950
8942
8982
8989
8960
8982
9019
9022
9051
8747
8753
8737
8762
8769
8768
8735
8740
8771
8750
8641
8710
8680
8721
8725
8657
8537
8544
8529
8564
8562
8501
8464
8628
8658
8614
8667
8673
8678
8647
8657
8601
8674
8656
8736
8788
8810
8824
8791
8793
8725
8693
8659
8692
8671
8683
8724
8676
8687
8654
8735
8729
8809
8841
8809
8770
8791
8760
8703
8719
8702
8635
8500
8457
8373
8407
8407
8438
8447
8502
8540
8706
8672
8684
8670
8686
8694
8643
8691
8694
8732
8710
8745
8759
8739
8698
8743
8749
8695
8674
8706
8695
8700
8598
8599
8664
8695
8654
8974
8995
9006
8984
8975
9013
9010
9019
8979
9000
9001
9051
8987
8977
9000
9005
9022
9012
9030
9077
9060
9090
9050
9017
9006
9037
8974
9055
9117
9130
9093
9050
9080
9285
9291
9323
9300
9288
9320
9343
9341
9312
9321
9337
9339
9369
9369
9379
9381
9351
9350
9350
9340
9374
9393
9378
9344
9310
9333
9300
9344
9315
9335
9308
9330
9321
9300
9280
9293
9297
9300
9307
9270
9260
9263
9280
9341
9365
9387
9384
9359
9371
9304
9338
9321
9378
9383
9400
9388
9374
9443
9457
9430
9420
9436
9415
9450
9452
9429
9420
9396
9371
9371
9356
9370
9366
9317
9315
9325
9293
9305
9323
9294
9311
9356
9344
9350
9356
9355
9386
9371
9354
9344
9343
9300
9258
9345
9356
9360
9367
9347
9341
9347
9363
9365
9370
9398
9302
9320
9273
9234
9254
9269
9209
9248
9286
9286
9320
9299
9299
9251
9310
9285
9260
9279
9228
9090
9315
9323
9347
9285
9256
9377
9356
9670
9782
9824
9846
9868
9826
9829
9863
9848
9861
9868
9916
9911
9934
9927
9914
9903
9905
9915
9950
9929
9883
9900
9835
9811
9820
9762
9778
9820
9816
9822
9805
9819
9847
9873
9892
9903
9910
9839
9862
9817
9794
9779
9778
9794
9761
9738
9738
9727
9746
9780
9790
9824
9805
9808
9781
9776
9770
9878
9924
9939
9955
9965
9971
9971
9982
9988
9963
9950
9974
10022
9994
9999
10010
10024
10030
10045
10038
10016
10028
10004
10003
10011
10019
10020
9999
10000
10012
10050
10008
10005
9979
9998
10015
10020
10044
10000
10006
10002
10024
10047
10068
10060
10074
10076
10086
10092
10073
10057
10094
10123
10110
10086
10084
9983
9987
9916
9955
9913
9957
9950
9950
9956
9969
9982
9962
9958
9974
9975
10000
9965
9926
9930
9942
9804
9745
9753
9742
9771
9765
9788
9758
9741
9751
9766
9770
9780
9777
9773
9762
9780
9807
9808
9819
9810
9795
9825
9820
9800
9801
9812
9797
9790
9772
9735
9753
9778
9775
9772
9761
9776
9772
9790
9772
9747
9752
9725
9747
9725
9747
9725
9731
9668
9625
9640
9642
9634
9629
9610
9604
9563
9563
9628
9668
9664
9654
9677
9683
9687
9689
9647
9695
9717
9752
9648
9664
9610
9677
9728
9751
9869
9834
9875
9874
9942
9987
9994
9998
10015
10007
9987
9986
9978
9957
9980
9930
9975
9997
10020
9971
9921
9925
9873
9885
9885
9900
9944
9935
9977
9863
9872
9888
9832
9852
9922
9940
9932
9927
10010
10076
10043
10001
10090
10090
10050
10050
10042
10052
10023
10052
9978
9950
9948
9948
9930
9942
9967
9944
9940
9902
9873
9808
9812
9807
9823
9799
9814
9760
9768
9750
9764
9751
9764
9744
9732
9754
9779
9809
9746
9776
9796
9782
9812
9820
9839
9747
9730
9730
9724
9712
9685
9672
9676
9686
9728
9701
9758
9677
9763
9800
9785
9843
9780
9795
9754
9764
9835
9850
9926
9798
9829
9800
9770
9792
9590
9571
9610
9821
10052
10015
9896
10368
10526
10524
10535
10551
10665
10665
10621
10613
10657
10684
10666
10679
10650
10681
10695
10690
10670
10642
10605
10604
10581
10580
10604
10604
10572
10563
10587
10551
10514
10554
10541
10620
10615
10614
10602
10603
10582
10593
10591
10600
10586
10599
10635
10616
10606
10604
10577
10600
10591
10584
10575
10590
10623
10641
10639
10631
10621
10650
10637
10617
10614
10578
10599
10593
10580
10586
10584
10554
10541
10504
10492
10495
10518
10514
10505
10524
10523
10495
10511
10554
10529
10526
10482
10454
10462
10472
10509
10527
10516
10516
10527
10446
10486
10498
10518
10520
10518
10515
10500
10503
10529
10510
10498
10558
10561
10566
10576
10566
10523
10548
10568
10578
10556
10586
10563
10542
10541
10569
10580
10569
10567
10514
10533
10460
10450
10456
10494
10500
10500
10500
10517
10520
10517
10500
10506
10525
10517
10508
10550
10561
10581
10569
10576
10582
10605
10587
10560
10559
10623
10666
10667
10655
10676
10669
10670
10647
10659
10731
10731
10723
10755
10780
10750
10772
10792
10799
10815
10806
10800
10779
10768
10761
10765
10748
10740
10727
10762
10759
10730
10712
10740
10760
10719
10705
10703
10702
10729
10709
10725
10720
10702
10738
10794
10794
10836
10827
10808
10805
10754
10745
10753
10743
10795
10830
10838
10847
10833
10839
10845
10867
10867
10856
10890
10898
10873
10826
10813
10830
10835
10830
10845
10848
10848
10848
10848
10834
10882
10876
10875
10872
10848
10803
10820
10818
10844
10817
10826
10792
10782
10735
10725
10691
10660
10680
10640
10630
10659
10640
10635
10784
10776
10795
10779
10800
10755
10756
10724
10761
10760
10755
10738
10778
10784
10776
10756
10806
10808
10801
10807
10780
10752
10729
10740
10748
10773
10758
10657
10651
10632
10663
10654
10661
10620
10585
10604
10623
10635
10621
10649
10705
10683
10677
10662
10677
10657
10638
10661
10673
10679
10670
10622
10650
10647
10722
10801
10856
10839
10832
10831
10814
10820
10839
10857
10825
10785
10808
10829
10791
10781
10774
10873
10871
10880
10880
10908
10908
10904
10938
10940
10960
10956
10950
10935
10950
10972
10969
10970
10957
10955
10943
10948
10937
10949
10921
10934
10960
10951
10966
10977
10977
10996
11000
11000
11011
10995
10980
10980
10955
10949
10922
10868
10877
10871
10883
10859
10864
10831
10839
10822
10822
10840
10821
10867
10887
10916
10910
10905
10905
10896
10887
10896
10891
10913
10913
10924
10910
10906
10905
10890
10897
10900
10881
10925
10929
10922
10933
10915
10933
10937
10948
10940
10934
10930
10910
10910
10915
10878
10915
10948
10933
10927
10926
10944
10923
10944
10918
10952
10956
10933
10929
10939
10927
10978
11075
11050
11050
11082
11101
11107
11249
11272
11265
11276
11291
11284
11284
11284
11267
11285
11270
11271
11269
11261
11261
11262
11260
11259
11270
11284
11274
11285
11298
11298
11281
11309
11301
11281
11276
11276
11280
11283
11270
11272
11260
11250
11270
11270
11270
11272
11298
11294
11296
11303
11296
11306
11320
11335
11325
11329
11322
11308
11310
11312
11291
11298
11284
11281
11300
11308
11311
11284
11280
11277
11250
11253
11291
11283
11291
11293
11292
11301
11295
11319
11307
11323
11287
11276
11276
11276
11260
11280
11277
11268
11265
11268
11256
11250
11243
11242
11244
11248
11246
11233
11223
11220
11222
11198
11216
11222
11226
11226
11228
11236
11229
11202
11243
11261
11266
11263
11251
11249
11225
11220
11226
11214
11232
11262
11253
11265
11280
11276
11235
11273
11248
11258
11258
11225
11230
11223
11221
11298
11272
11330
11303
11330
11325
11304
11305
11344
11370
11363
11373
11367
11366
11356
11390
11321
11350
11535
11537
11545
11542
11530
11561
11563
11562
11563
11592
11581
11582
11593
11587
11586
11577
11565
11571
11578
11595
11600
11600
11591
11582
11556
11565
11569
11540
11556
11562
11575
11540
11580
11587
11590
11590
11613
11622
11658
11646
11650
11646
11629
11627
11651
11640
11637
11641
11638
11659
11655
11661
11657
11659
11658
11657
11656
11670
11680
11685
11600
11511
11510
11500
11492
11490
11495
11505
11512
11500
11518
11528
11528
11529
11514
11535
11527
11535
11524
11524
11527
11527
11528
11551
11549
11545
11536
11531
11525
11523
11526
11508
11499
11491
11491
11486
11491
11463
11470
11470
11470
11470
11479
11481
11475
11496
11500
11507
11507
11496
11480
11471
11470
11465
11463
11463
11458
11468
11477
11523
11532
11515
11515
11511
11509
11511
11519
11521
11519
11517
11510
11505
11542
11541
11527
11530
11512
11509
11508
11527
11558
11554
11580
11564
11542
11543
11500
11495
11507
11510
11520
11482
11483
11477
11484
11482
11470
11465
11469
11472
11478
11486
11482
11492
11479
11470
11479
11446
11450
11428
11420
11425
11440
11450
11439
11440
11420
11437
11448
11448
11468
11479
11468
11474
11441
11445
11451
11442
11457
11449
11450
11450
11437
11430
11477
11512
11515
11515
11515
11521
11521
11526
11528
11520
11515
11505
11517
11540
11545
11521
11545
11535
11536
11533
11529
11512
11514
11516
11516
11529
11552
11536
11528
11528
11525
11527
11527
11520
11552
11554
11518
11535
11516
11495
11480
11500
11505
11532
11508
11512
11530
11533
11530
11530
11529
11580
11580
11585
11584
11592
11597
11571
11562
11560
11565
11574
11542
11525
11494
11489
11486
11465
11504
11511
11518
11509
11502
11491
11498
11468
11458
11458
11479
11475
11459
11459
11452
11456
11460
11451
11453
11455
11438
11439
11400
11423
11437
11446
11446
11446
11455
11452
11438
11449
11430
11429
11425
11404
11455
11453
11431
11416
11441
11480
11448
11455
11472
11480
11425
11431
11428
11419
11421
11421
11419
11400
11393
11409
11407
11382
11386
11395
11375
11357
11387
11379
11388
11376
11375
11377
11378
11384
11367
11408
11390
11386
11388
11405
11392
11422
11413
11428
11420
11422
11423
11414
11400
11421
11414
11428
11435
11439
11478
11449
11434
11417
11418
11415
11438
11422
11417
11390
11386
11345
11348
11355
11348
11346
11352
11355
11375
11362
11358
11339
11380
11386
11390
11379
11366
11370
11371
11369
11342
11330
11335
11350
11322
11308
11204
11205
11160
11128
11135
11101
11122
11105
11120
11120
11117
11112
11114
11130
11143
11132
11125
11132
11132
11144
11146
11146
11150
11160
11149
11150
11150
11150
11129
11123
11123
11104
11111
11100
11094
11100
11119
11117
11112
11090
11090
11092
11084
11092
11111
11108
11108
11110
11127
11138
11145
11148
11138
11138
11140
11137
11132
11155
11153
11195
11190
11190
11200
11202
11189
11196
11190
11188
11189
11181
11160
11156
11152
11167
11169
11186
11235
11231
11229
11218
11197
11186
11202
11200
11186
11189
11189
11182
11180
11164
11170
11187
11201
11159
11166
11157
11150
11156
11158
11130
11127
11146
11142
11119
11135
11152
11143
11139
11154
11170
11172
11187
11190
11208
11200
11201
11200
11208
11225
11223
11224
11235
11244
11228
11210
11195
11186
11185
11180
11180
11180
11193
11185
11199
11190
11195
11193
11192
11157
11156
11157
11139
11157
11163
11162
11158
11155
11107
11121
11142
11092
11085
11080
11084
11105
11105
11114
11120
11117
11117
11114
11126
11115
11125
11142
11200
11178
11187
11187
11176
11194
11175
11202
11200
11182
11159
11165
11179
11170
11185
11189
11189
11180
11199
11199
11195
11197
11203
11207
11210
11210
11189
11197
11172
11201
11202
11200
11151
11155
11179
11176
11176
11176
11162
11159
11182
11170
11168
11146
11242
11222
11287
11305
11320
11290
11268
11292
11299
11294
11301
11307
11353
11359
11365
11344
11351
11380
11389
11379
11389
11400
11394
11393
11365
11398
11395
11380
11381
11381
11382
11366
11357
11355
11349
11349
11364
11372
11353
11392
11385
11400
11435
11426
11420
11420
11434
11416
11436
11443
11430
11421
11442
11447
11438
11443
11405
11381
11382
11398
11370
11326
11320
11295
11316
11324
11333
11333
11328
11307
11305
11300
11285
11302
11310
11303
11309
11279
11339
11322
11339
11303
11265
11251
11322
11335
11340
11320
11297
11366
11417
11460
11460
11448
11467
11467
11465
11469
11440
11465
11465
11465
11465
11465
11467
11471
11460
11460
11452
11452
11450
11451
11449
11462
11451
11453
11454
11483
11487
11475
11483
11475
11486
11492
11499
11491
11497
11480
11435
11428
11420
11420
11420
11454
11454
11456
11454
11455
11448
11445
11448
11446
11450
11442
11443
11435
11437
11437
11452
11452
11446
11442
11458
11458
11458
11463
11448
11424
11424
11422
11414
11424
11419
11418
11411
11406
11404
11410
11418
11411
11420
11399
11397
11404
11400
11403
11407
11459
11462
11467
11465
11453
11482
11456
11436
11426
11426
11400
11377
11390
11404
11400
11404
11394
11391
11400
11414
11383
11410
11334
11330
11323
11323
11306
11298
11293
11302
11275
11288
11330
11352
11318
11292
11323
11313
11327
11318
11330
11346
11334
11344
11302
11310
11309
11317
11320
11320
11313
11318
11312
11308
11286
11288
11288
11293
11293
11300
11311
11337
11351
11351
11345
11345
11350
11341
11357
11348
11354
11345
11340
11330
11330
11330
11328
11306
11311
11306
11300
11311
11311
11317
11249
11258
11255
11266
11274
11277
11272
11268
11234
11252
11250
11296
11286
11304
11295
11304
11292
11307
11336
11340
11345
11353
11364
11364
11372
11366
11376
11369
11336
11390
11356
11356
11363
11361
11326
11328
11328
11329
11330
11336
11329
11330
11318
11341
11300
11297
11310
11323
11325
11300
11299
11286
11308
11350
11377
11378
11342
11327
11340
11324
11331
11331
11327
11320
11317
11318
11330
11330
11321
11317
11319
11312
11316
11300
11327
11316
11310
11293
11282
11266
11271
11250
11330
11325
11326
11331
11325
11320
11332
11330
11309
11315
11339
11316
11336
11317
11242
11237
11229
11239
11233
11237
11232
11209
11197
11193
11206
11220
11215
11228
11202
11206
11210
11192
11157
11099
11089
11085
11093
11086
11069
11060
11060
11069
11067
11066
11038
11070
11059
11030
11006
11039
11023
11003
10983
10976
10989
11001
11042
11100
11093
11084
11090
11101
11091
11080
11075
11067
11050
11050
11041
11055
11057
11041
11046
11032
11029
11043
11043
11025
11049
11035
11035
11044
11041
11041
11049
11042
11019
11026
10991
11046
11062
11080
11080
11071
11036
11036
11021
11048
10999
10998
10907
10906
10930
