6336
6340
6342
6341
6343
6335
6341
6333
6332
6343
6345
6343
6334
6324
6330
6337
6338
6341
6343
6337
6343
6337
6336
6331
6333
6327
6328
6322
6316
6318
6316
6315
6309
6308
6314
6309
6317
6318
6323
6324
6326
6321
6319
6326
6333
6339
6337
6335
6331
6331
6333
6332
6334
6333
6333
6338
6346
6342
6343
6349
6339
6328
6323
6318
6320
6314
6320
6321
6322
6321
6317
6312
6310
6308
6311
6311
6306
6312
6313
6316
6307
6307
6300
6290
6291
6294
6284
6282
6286
6285
6285
6291
6289
6290
6294
6298
6298
6293
6286
6296
6300
6300
6302
6307
6309
6308
6300
6303
6307
6302
6306
6300
6306
6296
6318
6318
6322
6328
6328
6333
6331
6323
6325
6327
6326
6331
6331
6330
6330
6339
6331
6330
6324
6318
6324
6330
6338
6336
6334
6338
6340
6333
6329
6330
6331
6333
6331
6330
6330
6324
6329
6326
6332
6328
6331
6331
6331
6331
6332
6339
6331
6337
6335
6336
6334
6331
6341
6340
6338
6342
6331
6330
6331
6340
6339
6338
6331
6335
6349
6346
6351
6332
6336
6344
6341
6352
6352
6350
6354
6363
6357
6371
6367
6366
6371
6366
6363
6365
6365
6363
6358
6357
6364
6369
6372
6368
6368
6378
6380
6372
6379
6356
6362
6364
6362
6348
6346
6342
6348
6348
6349
6350
6345
6352
6344
6349
6362
6360
6359
6374
6370
6374
6365
6306
6309
6308
6315
6321
6322
6318
6309
6306
6304
6298
6294
6305
6305
6302
6305
6315
6311
6315
6310
6310
6316
6321
6316
6322
6324
6322
6327
6326
6336
6327
6329
6328
6324
6324
6331
6326
6328
6323
6321
6315
6323
6315
6316
6319
6319
6317
6311
6318
6314
6319
6302
6298
6306
6315
6304
6312
6308
6320
6316
6315
6318
6319
6293
6291
6275
6275
6285
6292
6303
6289
6292
6298
6300
6285
6307
6303
6307
6304
6297
6326
6338
6346
6345
6349
6348
6339
6335
6347
6350
6359
6357
6352
6352
6357
6350
6342
6351
6347
6350
6355
6355
6357
6366
6363
6355
6360
6368
6368
6358
6362
6362
6372
6360
6368
6378
6382
6381
6371
6377
6370
6365
6371
6371
6364
6364
6373
6369
6369
6370
6374
6376
6375
6370
6370
6368
6361
6361
6369
6361
6367
6372
6370
6366
6352
6367
6371
6377
6379
6378
6387
6385
6385
6385
6382
6380
6381
6381
6377
6377
6375
6365
6364
6363
6364
6360
6367
6373
6370
6370
6378
6378
6379
6379
6380
6381
6371
6371
6362
6366
6369
6374
6371
6360
6370
6368
6370
6371
6387
6393
6387
6371
6374
6371
6381
6354
6358
6351
6356
6359
6355
6356
6354
6348
6351
6347
6347
6344
6342
6340
6339
6349
6349
6346
6353
6352
6358
6359
6354
6358
6353
6354
6354
6355
6359
6352
6348
6352
6346
6343
6337
6335
6333
6342
6339
6340
6337
6334
6348
6347
6347
6345
6350
6351
6351
6356
6349
6370
6352
6359
6353
6353
6358
6347
6339
6334
6334
6348
6340
6349
6360
6365
6374
6372
6373
6376
6376
6379
6398
6395
6396
6406
6413
6429
6399
6389
6389
6407
6395
6367
6369
6369
6353
6365
6358
6356
6340
6346
6339
6341
6344
6340
6338
6330
6335
6325
6326
6320
6334
6332
6325
6325
6331
6326
6338
6336
6334
6338
6341
6346
6345
6351
6357
6346
6350
6336
6328
6328
6336
6335
6328
6327
6320
6330
6324
6326
6326
6326
6326
6326
6326
6330
6334
6326
6326
6328
6323
6321
6317
6318
6320
6314
6315
6322
6324
6326
6316
6321
6318
6331
6323
6334
6334
6340
6343
6343
6332
6342
6346
6341
6335
6342
6345
6350
6350
6353
6360
6354
6354
6354
6355
6350
6342
6340
6354
6350
6363
6357
6363
6357
6361
6367
6370
6371
6359
6350
6340
6353
6358
6350
6347
6345
6355
6359
6368
6362
6360
6349
6361
6360
6338
6351
6349
6363
6364
6375
6376
6355
6362
6369
6376
6383
6375
6376
6384
6387
6382
6389
6383
6389
6390
6396
6388
6401
6401
6392
6391
6391
6392
6384
6394
6395
6420
6416
6410
6403
6406
6396
6391
6396
6390
6396
6399
6393
6397
6397
6399
6395
6389
6392
6390
6380
6374
6375
6383
6375
6379
6383
6380
6387
6388
6379
6392
6384
6389
6389
6399
6400
6394
6398
6406
6405
6390
6384
6380
6380
6384
6374
6383
6386
6380
6374
6387
6387
6396
6396
6389
6385
6397
6392
6384
6381
6380
6380
6394
6390
6392
6401
6400
6408
6409
6411
6408
6397
6400
6400
6408
6401
6395
6385
6393
6388
6389
6389
6385
6395
6391
6395
6389
6390
6392
6392
6392
6392
6390
6395
6405
6405
6405
6405
6405
6395
6398
6391
6399
6400
6394
6397
6398
6391
6368
6388
6376
6376
6366
6370
6371
6374
6373
6380
6380
6381
6370
6381
6388
6380
6375
6401
6405
6425
6420
6391
6397
6396
6402
6395
6401
6396
6389
6394
6384
6413
6423
6418
6401
6399
6413
6401
6423
6423
6450
6497
6359
6294
6252
6245
6241
6246
6245
6253
6242
6246
6229
6234
6213
6215
6228
6215
6210
6212
6221
6194
6204
6195
6207
6237
6239
6240
6240
6242
6244
6240
6250
6240
6239
6251
6239
6242
6236
6232
6238
6250
6239
6226
6193
5990
5984
5975
5930
5927
5926
5932
5932
5921
5920
5915
5918
5918
5921
5921
5913
5913
5910
5910
5902
5899
5892
5892
5892
5899
5900
5899
5900
5908
5908
5906
5906
5895
5910
5910
5910
5913
5894
5885
5885
5890
5877
5882
5881
5884
5881
5875
5881
5882
5880
5867
5871
5880
5882
5886
5884
5889
5890
5885
5887
5887
5887
5879
5884
5886
5883
5892
5884
5879
5877
5870
5872
5880
5880
5872
5864
5879
5886
5893
5888
5885
5895
5881
5890
5884
5885
5885
5889
5884
5895
5891
5890
5890
5892
5901
5907
5880
5885
5885
5884
5882
5879
5881
5885
5877
5865
5857
5865
5834
5844
5844
5847
5851
5834
5823
5843
5847
5844
5848
5848
5849
5846
5858
5868
5867
5861
5863
5866
5866
5866
5858
5857
5859
5863
5868
5871
5868
5870
5870
5838
5849
5856
5864
5860
5883
5882
5880
5876
5880
5881
5883
5884
5879
5884
5887
5887
5889
5893
5899
5893
5890
5895
5893
5904
5904
5900
5911
5910
5907
5907
5900
5901
5900
5900
5901
5892
5894
5906
5908
5911
5910
5905
5903
5899
5893
5892
5892
5898
5895
5887
5890
5886
5893
5893
5892
5884
5881
5881
5889
5881
5885
5880
5875
5877
5874
5880
5878
5886
5890
5889
5895
5896
5881
5895
5890
5912
5925
5819
5815
5814
5814
5821
5816
5815
5854
5850
5857
5875
5873
5872
5874
5866
5870
5872
5873
5871
5875
5871
5864
5875
5869
5872
5868
5880
5874
5874
5868
5868
5861
5852
5857
5861
5861
5878
5866
5871
5871
5872
5875
5875
5869
5866
5863
5862
5865
5871
5868
5869
5859
5871
5865
5857
5853
5857
5860
5875
5880
5877
5887
5895
5895
5890
5874
5873
5893
5880
5877
5871
5874
5870
5871
5894
5881
5873
5864
5850
5831
5827
5851
5843
5870
5871
5868
5854
5871
5879
5886
5906
5902
5900
5930
5940
5935
5930
5943
5927
5931
5923
5922
5924
5936
5945
5950
5903
5917
5914
5907
5915
5936
5923
5900
5963
5965
5974
5973
5982
5995
5987
5993
5982
6047
6038
6041
6034
6042
6052
6056
6065
6070
6070
6069
6076
6069
6067
6065
6063
6072
6088
6067
6078
6090
6086
6090
6077
6089
6096
6100
6102
6105
6103
6094
6096
6095
6099
6100
6103
6103
6105
6101
6101
6099
6105
6102
6101
6101
6104
6100
6098
6107
6101
6102
6097
6097
6100
6099
6097
6100
6097
6105
6096
6104
6103
6102
6101
6097
6097
6109
6098
6100
6100
6102
6102
6102
6108
6112
6111
6108
6109
6099
6083
6114
6113
6113
6110
6108
6106
6107
6106
6106
6105
6101
6099
6095
6091
6095
6095
6096
6098
6104
6098
6105
6100
6109
6108
6112
6114
6113
6106
6105
6103
6105
6103
6104
6107
6098
6101
6107
6105
6111
6097
6097
6095
6091
6095
6097
6095
6096
6098
6094
6097
6093
6093
6092
6089
6089
6087
6088
6081
6080
6087
6089
6093
6092
6094
6095
6096
6095
6097
6104
6098
6101
6104
6101
6096
6100
6101
6109
6103
6104
6108
6113
6109
6110
6114
6115
6113
6113
6114
6111
6115
6118
6115
6119
6125
6127
6120
6117
6114
6113
6108
6108
6113
6102
6098
6100
6093
6101
6094
6097
6101
6100
6098
6100
6093
6098
6105
6106
6102
6102
6106
6107
6102
6108
6110
6110
6107
6107
6108
6112
6104
6107
6103
6102
6101
6101
6101
6108
6096
6097
6099
6101
6102
6102
6102
6101
6101
6095
6094
6088
6098
6091
6084
6085
6088
6084
6091
6095
6100
6100
6113
6113
6116
6116
6118
6128
6120
6113
6110
6113
6125
6122
6122
6124
6134
6128
6141
6132
6132
6132
6135
6138
6131
6125
6131
6135
6135
6135
6120
6120
6115
6112
6116
6125
6127
6127
6133
6125
6137
6147
6142
6140
6147
6148
6142
6144
6142
6135
6138
6138
6138
6138
6129
6137
6135
6143
6131
6130
6126
6153
6163
6180
6149
6141
6134
6135
6151
6125
6125
6123
6124
6118
6126
6125
6118
6124
6125
6121
6128
6129
6129
6129
6129
6125
6124
6123
6123
6124
6132
6127
6130
6130
6128
6130
6122
6128
6123
6118
6118
6115
6120
6125
6127
6121
6123
6115
6115
6132
6135
6136
6130
6125
6133
6133
6127
6137
6132
6131
6132
6123
6128
6121
6118
6108
6112
6114
6116
6120
6122
6125
6122
6122
6121
6123
6122
6119
6119
6118
6115
6117
6118
6130
6129
6129
6115
6120
6129
6127
6118
6128
6130
6117
6120
6124
6123
6117
6109
6110
6097
6099
6096
6098
6103
6104
6095
6097
6111
6108
6120
6097
6112
6113
6093
6093
6109
6102
6100
6092
6105
6101
6096
6055
6029
6053
6051
6063
6069
6073
6071
6074
6081
6074
6078
6095
6095
6094
6091
6090
6098
6100
6099
6093
6097
6095
6094
6093
6090
6088
6092
6084
6082
6071
6068
6080
6085
6089
6091
6091
6098
6094
6108
6099
6101
6111
6114
6108
6101
6114
6114
6107
6114
6115
6107
6097
6095
6096
6093
6084
6102
6096
6100
6103
6091
6081
6072
6070
6070
6075
6072
6079
6079
6080
6080
6073
6074
6063
6077
6078
6079
6070
6100
6085
6075
6075
6076
6080
6079
6075
6073
6074
6075
6069
6076
6077
6077
6068
6073
6080
6073
6084
6084
6087
6081
6087
6087
6087
6086
6078
6084
6083
6088
6081
6072
6074
6076
6070
6081
6089
6077
6075
6072
6079
6076
6079
6078
6065
6070
6057
6065
6070
6055
6058
6060
6061
6061
6065
6065
6064
6061
6051
6049
6060
6050
6058
6055
6061
6070
6064
6066
6074
6079
6079
6080
6074
6074
6073
6067
6076
6072
6081
6071
6068
6074
6074
6074
6070
6076
6078
6079
6092
6086
6084
6070
6082
6092
6083
6074
6073
6072
6036
6027
6047
6049
6028
6054
6065
6065
6073
6074
6109
6093
6135
6141
6131
6131
6133
6130
6135
6130
6129
6131
6162
6163
6154
6155
6153
6152
6153
6138
6142
6130
6130
6181
6181
6181
6180
6181
6186
6187
6181
6185
6189
6182
6182
6180
6188
6187
6191
6193
6190
6190
6183
6190
6184
6179
6183
6177
6172
6169
6170
6177
6174
6167
6172
6166
6180
6167
6165
6169
6170
6176
6178
6175
6174
6179
6179
6186
6188
6190
6194
6193
6193
6185
6192
6190
6184
6195
6179
6177
6178
6177
6178
6178
6177
6174
6180
6188
6185
6182
6178
6179
6180
6176
6178
6179
6186
6182
6179
6171
6170
6177
6179
6181
6192
6198
6197
6199
6179
6168
6162
6170
6176
6172
6171
6171
6173
6181
6180
6187
6187
6187
6180
6199
6189
6183
6180
6167
6168
6158
6170
6175
6166
6148
6179
6180
6178
6176
6175
6183
6160
6180
6171
6177
6211
6209
6230
6223
6221
6208
6214
6210
6210
6203
6206
6214
6210
6215
6217
6214
6214
6204
6200
6207
6207
6214
6214
6217
6203
6205
6196
6199
6199
6199
6204
6211
6212
6210
6205
6218
6220
6216
6223
6221
6218
6226
6224
6224
6224
6227
6221
6196
6198
6199
6204
6197
6202
6197
6201
6217
6208
6219
6214
6218
6226
6221
6212
6224
6224
6229
6215
6227
6227
6220
6218
6212
6208
6214
6213
6214
6216
6224
6215
6218
6224
6214
6220
6226
6234
6226
6231
6226
6222
6253
6244
6251
6242
6244
6253
6249
6246
6246
6249
6246
6255
6255
6252
6254
6260
6254
6246
6243
6257
6253
6261
6264
6273
6262
6258
6259
6256
6259
6256
6244
6241
6254
6256
6236
6224
6223
6223
6225
6221
6239
6230
6233
6238
6238
6229
6231
6230
6230
6230
6230
6233
6229
6228
6227
6234
6236
6240
6237
6231
6222
6222
6228
6228
6227
6234
6224
6224
6224
6227
6218
6226
6227
6218
6218
6221
6227
6216
6204
6201
6202
6206
6198
6222
6216
6215
6225
6220
6241
6243
6242
6248
6253
6253
6244
6242
6248
6254
6253
6251
6242
6242
6247
6241
6241
6249
6243
6243
6243
6244
6244
6231
6246
6249
6263
6259
6263
6262
6259
6259
6259
6257
6245
6252
6253
6254
6255
6259
6249
6260
6257
6258
6247
6252
6250
6255
6269
6271
6277
6263
6256
6258
6258
6249
6248
6250
6263
6261
6259
6255
6255
6256
6245
6239
6244
6255
6270
6270
6268
6267
6266
6273
6280
6290
6292
6296
6288
6287
6286
6284
6284
6281
6281
6285
6290
6285
6288
6267
6270
6272
6280
6281
6285
6268
6272
6281
6278
6286
6293
6300
6300
6300
6320
6293
6294
6294
6295
6292
6294
6302
6302
6307
6290
6280
6290
6302
6298
6314
6293
6284
6280
6280
6279
6280
6295
6307
6308
6301
6233
6219
6221
6221
6128
6122
6130
6137
6137
6133
6136
6132
6128
6130
6137
6136
6135
6131
6136
6132
6128
6124
6110
6108
6120
6117
6126
6136
6110
6105
6091
6146
6152
6240
6258
6229
6229
6227
6235
6220
6223
6229
6230
6214
6214
6219
6221
6215
6208
6195
6193
6187
6188
6182
6179
6187
6195
6195
6191
6178
6185
6180
6186
6184
6192
6185
6191
6186
6174
6170
6173
6170
6168
6168
6165
6164
6165
6163
6166
6163
6155
6159
6159
6155
6163
6160
6162
6164
6148
6149
6169
6166
6159
6168
6167
6154
6157
6154
6156
6163
6159
6160
6160
6162
6162
6161
6164
6154
6163
6158
6171
6172
6170
6167
6155
6146
6145
6152
6152
6146
6156
6152
6157
6153
6162
6152
6152
6150
6143
6155
6153
6144
6142
6150
6135
6146
6143
6144
6151
6157
6167
6160
6160
6166
6154
6175
6158
6140
6134
6141
6141
6139
6135
6131
6135
6134
6134
6137
6146
6137
6139
6135
6136
6133
6129
6128
6137
6134
6141
6138
6141
6141
6142
6143
6140
6157
6156
6154
6157
6159
6153
6158
6159
6160
6159
6155
6166
6164
6166
6170
6165
6161
6173
6168
6161
6147
6139
6152
6147
6153
6148
6150
6168
6149
6154
6145
6136
6135
6137
6135
6133
6142
6150
6159
6154
6146
6144
6121
6131
6125
6120
6121
6140
6147
6148
6154
6144
6155
6159
6172
6172
6170
6169
6169
6162
6164
6172
6186
6187
6187
6183
6198
6200
6203
6198
6194
6185
6189
6197
6204
6206
6186
6184
6180
6170
6172
6187
6182
6176
6174
6174
6182
6187
6192
6196
6176
6179
6181
6174
6184
6180
6186
6185
6196
6194
6196
6194
6194
6186
6182
6188
6184
6184
6190
6196
6178
6205
6167
6179
6184
6177
6198
6195
6193
6201
6207
6213
6208
6229
6220
6224
6239
6183
6172
6181
6187
6207
6199
6174
6186
6240
6250
6206
5913
5927
5927
5902
5897
5894
5905
5815
5832
5830
5843
5855
5850
5906
5927
5923
5926
5932
5937
5932
5932
5934
5932
5936
5937
5943
5945
5942
5942
5943
5936
5950
5928
5927
5929
5917
5925
5936
5938
5938
5926
5930
5930
5931
5920
5911
5906
5900
5897
5905
5906
5906
5900
5903
5903
5896
5910
5908
5917
5923
5928
5937
5931
5922
5926
5920
5913
5920
5923
5948
5952
5944
5936
5924
5949
5953
5908
5908
5908
5906
5904
5907
5905
5903
5910
5905
5905
5905
5904
5900
5900
5900
5899
5899
5902
5905
5901
5903
5897
5898
5901
5904
5901
5900
5863
5860
5862
5866
5880
5875
5875
5874
5876
5880
5870
5860
5874
5879
5874
5874
5864
5862
5881
5897
5897
5888
5897
5891
5890
5893
5900
5894
5884
5874
5876
5878
5887
5885
5896
5902
5903
5903
5883
5878
5874
5870
5875
5872
5881
5847
5873
5879
5879
5879
5876
5905
5901
5903
5908
5905
5906
5916
5919
5901
5900
5924
5910
5899
5906
5903
5912
5915
5930
5926
5938
5973
5990
5991
5991
5980
5975
5984
6003
6059
6062
6078
6095
6105
6108
6112
6111
6112
6101
6092
6099
6104
6103
6102
6113
6114
6119
6113
6115
6118
6117
6117
6117
6121
6114
6120
6120
6114
6117
6112
6114
6106
6094
6097
6104
6099
6101
6101
6124
6119
6122
6129
6133
6134
6133
6133
6129
6127
6125
6124
6129
6133
6124
6118
6140
6153
6146
6143
6158
6152
6185
6177
6176
6172
6174
6172
6166
6185
6187
6183
6183
6200
6203
6201
6195
6194
6198
6198
6200
6200
6198
6196
6199
6208
6222
6215
6230
6226
6230
6223
6233
6232
6234
6232
6161
6161
6156
6158
6162
6162
6161
6146
6142
6137
6143
6143
6142
6138
6146
6142
6141
6135
6127
6127
6128
6131
6142
6135
6143
6134
6141
6150
6153
6153
6150
6153
6150
6149
6150
6148
6155
6156
6156
6156
6162
6148
6142
6132
6132
6144
6139
6133
6131
6140
6140
6126
6133
6133
6135
6136
6129
6136
6139
6140
6139
6138
6138
6128
6129
6132
6135
6135
6135
6128
6114
6116
6112
6124
6122
6131
6123
6127
6121
6134
6142
6135
6131
6124
6118
6108
6113
6112
6120
6118
6119
6121
6121
6116
6124
6132
6136
6139
6145
6147
6140
6128
6141
6143
6148
6155
6160
6150
6148
6137
6129
6121
6130
6131
6130
6135
6137
6142
6133
6128
6121
6117
6119
6115
6118
6119
6103
6115
6112
6144
6151
6160
6148
6149
6149
6155
6140
6140
6147
6157
6160
6156
6182
6158
6153
6152
6152
6151
6139
6145
6138
6138
6158
6156
6155
6151
6146
6142
6146
6149
6143
6154
6122
6117
6128
6107
6109
6109
6119
6115
6114
6116
6106
6124
6131
6125
6141
6130
6125
6126
6125
6142
6122
6108
6100
6100
6105
6114
6115
6114
6086
6056
6075
6063
6056
6086
6088
6060
6076
6086
6105
6101
6119
6125
6133
6126
6118
6127
6129
6136
6138
6131
6138
6141
6140
6141
6143
6148
6149
6146
6150
6150
6131
6117
6118
6106
6122
6120
6117
6117
6125
6125
6110
6103
6103
6147
6146
6147
6143
6125
6144
6134
6153
6154
6157
6155
6160
6150
6154
6153
6147
6146
6158
6156
6140
6147
6156
6142
6142
6138
6133
6134
6139
6144
6144
6135
6142
6134
6135
6154
6141
6144
6149
6148
6083
6050
6059
6044
6055
6053
6060
6061
6072
6075
6077
6074
6077
6067
6060
6064
6071
6084
6073
6073
6094
6074
6017
6020
6023
6011
6019
6010
6025
6038
6031
6019
6007
6014
6034
6038
6046
5992
6006
5971
6043
6050
6073
6075
6079
6100
6060
6056
6042
6026
6040
6055
6101
6119
6116
6130
6120
6171
6204
6214
6214
6205
6207
6199
6195
6190
6210
6210
6219
6221
6229
6220
6210
6229
6200
6228
6231
6198
6201
6196
6186
6167
6170
6157
6164
6163
6158
6160
6155
6166
6167
6158
6163
6163
6163
6163
6165
6177
6160
6165
6157
6151
6158
6151
6154
6130
6152
6147
6159
6151
6140
6144
6134
6147
6151
6163
6160
6168
6170
6185
6188
6184
6180
6179
6177
6183
6169
6169
6177
6174
6166
6159
6159
6166
6197
6199
6192
6175
6166
6166
6173
6150
6148
6128
6098
6141
6177
6257
6281
6281
6269
6248
6266
6336
6340
6345
6339
6362
6367
6367
6367
6367
6351
6342
6342
6347
6360
6361
6364
6360
6373
6362
6366
6354
6366
6374
6378
6369
6367
6374
6371
6373
6369
6377
6379
6369
6354
6352
6353
6350
6349
6345
6345
6342
6331
6321
6340
6339
6333
6328
6332
6321
6387
6390
6387
6385
6383
6388
6393
6388
6386
6392
6391
6380
6388
6380
6379
6383
6384
6367
6388
6403
6401
6399
6396
6386
6400
6407
6473
6494
6493
6502
6496
6512
6516
6512
6512
6521
6513
6497
6500
6500
6480
6489
6506
6521
6515
6516
6511
6520
6554
6634
6633
6648
6656
6657
6657
6664
6660
6656
6657
6667
6665
6666
6652
6650
6655
6658
6663
6666
6662
6674
6677
6669
6677
6670
6671
6668
6667
6664
6666
6663
6668
6666
6665
6648
6648
6645
6648
6646
6657
6655
6671
6671
6681
6687
6682
6678
6669
6670
6680
6668
6668
6673
6673
6682
6674
6680
6664
6666
6651
6655
6644
6651
6651
6648
6645
6652
6650
6657
6658
6649
6658
6649
6645
6647
6652
6645
6646
6644
6638
6645
6648
6658
6650
6654
6708
6708
6708
6721
6725
6725
6729
6725
6729
6720
6719
6725
6729
6729
6725
6727
6719
6719
6718
6727
6724
6720
6718
6718
6718
6725
6727
6724
6720
6727
6725
6719
6728
6716
6716
6715
6710
6708
6715
6714
6715
6715
6717
6711
6715
6715
6717
6713
6710
6711
6718
6717
6725
6725
6726
6720
6720
6710
6729
6722
6730
6721
6721
6728
6720
6713
6717
6720
6723
6720
6715
6709
6710
6712
6712
6709
6710
6710
6704
6697
6707
6715
6713
6715
6715
6716
6712
6718
6706
6714
6714
6716
6719
6723
6723
6721
6716
6716
6720
6716
6710
6716
6712
6719
6712
6712
6714
6720
6715
6719
6722
6725
6728
6725
6725
6719
6733
6722
6720
6727
6727
6724
6720
6719
6716
6719
6716
6716
6723
6718
6712
6713
6719
6718
6734
6735
6732
6729
6734
6736
6734
6733
6727
6721
6717
6715
6722
6722
6730
6722
6722
6707
6713
6715
6712
6713
6723
6713
6712
6713
6718
6724
6715
6718
6731
6730
6736
6732
6735
6734
6732
6738
6735
6718
6712
6727
6728
6730
6721
6724
6721
6722
6710
6723
6731
6736
6743
6739
6738
6739
6733
6740
6740
6735
6730
6726
6726
6728
6729
6731
6739
6734
6734
6739
6741
6742
6736
6731
6732
6732
6732
6735
6735
6736
6738
6728
6734
6742
6746
6745
6742
6743
6744
6754
6742
6741
6731
6734
6743
6739
6745
6745
6751
6737
6722
6721
6719
6715
6723
6729
6729
6736
6737
6732
6728
6735
6732
6737
6731
6726
6730
6729
6725
6733
6725
6745
6743
6748
6756
6761
6763
6762
6760
6761
6762
6767
6765
6764
6767
6766
6766
6760
6761
6754
6753
6752
6755
6749
6750
6749
6745
6752
6751
6758
6754
6756
6754
6756
6758
6753
6755
6759
6752
6759
6758
6761
6762
6764
6763
6760
6764
6765
6756
6755
6764
6759
6763
6757
6770
6771
6771
6771
6774
6774
6770
6766
6767
6760
6767
6767
6765
6764
6769
6776
6781
6778
6783
6784
6789
6784
6775
6779
6770
6770
6777
6774
6774
6775
6775
6787
6782
6779
6770
6756
6760
6760
6749
6748
6746
6755
6754
6751
6744
6751
6754
6752
6752
6752
6750
6750
6759
6760
6760
6770
6771
6760
6758
6750
6748
6754
6755
6760
6760
6757
6750
6746
6745
6745
6749
6751
6754
6728
6721
6714
6714
6721
6726
6739
6722
6721
6721
6717
6734
6730
6737
6736
6734
6737
6733
6734
6741
6743
6749
6751
6744
6750
6746
6745
6747
6758
6757
6758
6748
6756
6753
6747
6753
6747
6756
6754
6741
6751
6745
6745
6746
6753
6751
6760
6755
6756
6756
6750
6750
6755
6752
6752
6761
6766
6767
6763
6757
6763
6759
6757
6763
6763
6760
6757
6759
6760
6760
6752
6752
6753
6751
6749
6749
6749
6749
6744
6755
6755
6759
6759
6760
6760
6760
6760
6760
6763
6764
6763
6782
6785
6781
6793
6775
6778
6774
6778
6767
6772
6762
6750
6758
6753
6760
6755
6754
6754
6758
6759
6759
6760
6762
6754
6749
6749
6755
6751
6752
6762
6762
6768
6762
6761
6738
6740
6747
6750
6779
6758
6741
6745
6737
6738
6740
6723
6726
6720
6722
6655
6668
6622
6609
6606
6597
6610
6625
6622
6626
6619
6620
6618
6629
6622
6629
6627
6630
6619
6626
6630
6630
6628
6626
6626
6624
6625
6620
6624
6625
6625
6629
6628
6622
6628
6621
6621
6621
6620
6628
6628
6632
6632
6635
6632
6621
6626
6637
6636
6633
6625
6633
6634
6640
6651
6651
6654
6655
6655
6654
6647
6643
6647
6630
6622
6634
6644
6643
6643
6644
6642
6638
6631
6630
6634
6630
6630
6631
6634
6630
6630
6630
6630
6628
6625
6624
6620
6624
6623
6619
6627
6623
6630
6624
6618
6619
6611
6607
6602
6607
6606
6606
6607
6600
6598
6602
6600
6600
6604
6607
6616
6614
6606
6603
6604
6606
6605
6607
6600
6602
6602
6600
6590
6597
6590
6599
6601
6605
6610
6606
6614
6612
6615
6610
6617
6618
6618
6621
6615
6624
6625
6610
6610
6609
6609
6601
6615
6604
6604
6603
6601
6618
6611
6602
6625
6602
6602
6598
6594
6593
6589
6599
6584
6570
6591
6596
6687
6686
6717
6717
6716
6722
6723
6715
6726
6727
6728
6740
6742
6741
6728
6740
6742
6737
6737
6735
6727
6727
6736
6736
6725
6733
6731
6727
6724
6724
6723
6727
6727
6727
6727
6730
6729
6730
6735
6728
6714
6711
6719
6716
6722
6722
6722
6722
6722
6722
6719
6722
6717
6703
6702
6700
6695
6715
6725
6725
6729
6736
6733
6736
6727
6739
6747
6747
6749
6742
6749
6739
6751
6741
6729
6716
6720
6720
6720
6714
6717
6728
6728
6713
6721
6711
6717
6714
6715
6715
6715
6717
6718
6715
6717
6719
6724
6724
6723
6721
6718
6708
6715
6710
6721
6711
6710
6710
6706
6706
6705
6711
6708
6713
6713
6715
6731
6730
6727
6724
6716
6714
6708
6708
6708
6703
6704
6708
6704
6691
6674
6677
6704
6717
6725
6724
6743
6748
6741
6745
6746
6745
6752
6752
6749
6745
6733
6740
6739
6743
6733
6741
6743
6745
6747
6748
6749
6749
6750
6734
6761
6758
6760
6767
6771
6777
6779
6776
6784
6770
6770
6779
6768
6773
6792
6811
6774
6765
6776
6756
6742
6751
6751
6725
6725
6725
6737
6735
6726
6733
6749
6745
6741
6751
6755
6750
6737
6729
6724
6722
6725
6713
6711
6706
6693
6690
6703
6707
6710
6725
6724
6732
6732
6724
6717
6716
6715
6710
6710
6710
6710
6706
6702
6704
6702
6702
6706
6703
6703
6704
6704
6704
6702
6701
6706
6706
6704
6708
6708
6708
6708
6707
6706
6707
6702
6698
6697
6696
6696
6701
6698
6697
6697
6708
6705
6706
6688
6689
6689
6689
6679
6675
6680
6680
6685
6682
6681
6694
6693
6699
6699
6700
6708
6696
6696
6705
6700
6703
6703
6709
6700
6709
6710
6710
6714
6700
6693
6698
6699
6700
6704
6705
6705
6709
6712
6710
6702
6710
6710
6710
6706
6706
6697
6694
6686
6684
6685
6686
6682
6685
6695
6694
6691
6691
6679
6685
6686
6696
6685
6693
6694
6691
6691
6691
6691
6700
6706
6721
6712
6722
6722
6713
6721
6718
6709
6710
6712
6714
6711
6716
6723
6724
6719
6720
6720
6716
6717
6717
6716
6716
6716
6716
6716
6713
6715
6716
6718
6714
6727
6728
6721
6716
6722
6716
6722
6729
6729
6724
6724
6712
6720
6712
6721
6708
6710
6703
6705
6706
6693
6701
6692
6701
6701
6694
6698
6699
6708
6709
6701
6703
6708
6710
6702
6707
6700
6715
6724
6723
6723
6718
6725
6717
6715
6715
6715
6714
6718
6718
6714
6725
6725
6719
6725
6725
6732
6730
6725
6723
6714
6718
6725
6718
6715
6709
6706
6706
6713
6715
6700
6700
6699
6710
6706
6713
6723
6719
6728
6729
6733
6728
6727
6728
6723
6729
6732
6730
6731
6732
6720
6720
6721
6747
6747
6729
6725
6736
6740
6737
6749
6742
6753
6752
6748
6675
6672
6643
6647
6659
6656
6660
6660
6650
6625
6462
6463
6457
6462
6465
6465
6461
6461
6466
6460
6457
6460
6460
6464
6461
6448
6451
6448
6461
6456
6464
6454
6432
6437
6435
6435
6435
6435
6435
6436
6438
6438
6438
6438
6440
6434
6429
6434
6424
6418
6420
6420
6428
6430
6430
6427
6430
6433
6427
6429
6435
6426
6429
6433
6442
6442
6442
6439
6439
6430
6430
6428
6428
6428
6424
6430
6423
6435
6428
6416
6410
6421
6413
6415
6418
6423
6441
6442
6441
6433
6441
6441
6433
6431
6432
6432
6449
6441
6439
6435
6436
6436
6456
6457
6455
6460
6461
6461
6461
6453
6452
6454
6463
6468
6458
6467
6464
6466
6474
6474
6474
6469
6478
6470
6460
6464
6454
6464
6446
6440
6442
6440
6440
6439
6433
6431
6440
6441
6431
6433
6423
6435
6442
6430
6437
6434
6434
6441
6434
6442
6449
6437
6439
6437
6432
6428
6423
6423
6421
6421
6428
6425
6429
6428
6424
6429
6433
6433
6438
6430
6429
6424
6409
6398
6404
6407
6402
6400
6399
6416
6416
6415
6415
6415
6412
6415
6414
6413
6415
6413
6415
6413
6412
6415
6425
6439
6429
6433
6436
6426
6434
6424
6431
6424
6427
6437
6434
6433
6432
6433
6431
6428
6427
6425
6424
6420
6425
6424
6420
6415
6419
6421
6420
6429
6418
6420
6425
6435
6408
6414
6409
6404
6431
6445
6445
6435
6438
6450
6445
6453
6457
6450
6444
6438
6455
6471
6465
6461
6467
6470
6468
6484
6478
6488
6490
6488
6490
6500
6495
6492
6504
6502
6500
6500
6492
6490
6491
6495
6504
6500
6500
6493
6488
6487
6490
6487
6491
6489
6490
6497
6495
6490
6496
6484
6487
6504
6500
6494
6503
6509
6532
6544
6546
6540
6547
6532
6531
6524
6531
6531
6532
6530
6532
6524
6527
6522
6517
6523
6523
6523
6515
6508
6513
6511
6510
6510
6510
6503
6510
6511
6513
6503
6500
6500
6505
6504
6504
6506
6505
6501
6507
6508
6512
6513
6502
6503
6511
6513
6510
6514
6516
6524
6521
6496
6488
6490
6493
6494
6489
6490
6485
6489
6487
6490
6477
6489
6485
6490
6496
6475
6475
6476
6481
6485
6490
6489
6489
6490
6489
6485
6494
6494
6496
6499
6497
6499
6477
6490
6482
6485
6489
6492
6477
6459
6452
6459
6480
6480
6480
6490
6495
6508
6514
6501
6510
6501
6506
6506
6517
6507
6508
6516
6515
6516
6506
6506
6506
6500
6500
6509
6512
6516
6515
6509
6502
6512
6516
6516
6518
6513
6520
6517
6518
6512
6507
6516
6519
6523
6525
6526
6525
6524
6530
6529
6519
6523
6534
6527
6535
6531
6536
6531
6524
6526
6516
6522
6516
6511
6521
6518
6516
6511
6519
6517
6524
6524
6544
6555
6555
6561
6570
6548
6546
6545
6545
6537
6530
6530
6525
6528
6533
6525
6534
6517
6512
6517
6509
6515
6508
6509
6507
6505
6509
6510
6513
6512
6511
6512
6513
6514
6510
6514
6513
6515
6520
6523
6526
6526
6522
6531
6530
6531
6531
6535
6536
6531
6550
6530
6518
6530
6530
6525
6519
6522
6514
6512
6512
6527
6531
6531
6531
6535
6535
6534
6532
6532
6530
6530
6528
6531
6529
6527
6523
6527
6523
6527
6520
6529
6531
6534
6534
6530
6534
6532
6534
6526
6526
6517
6516
6516
6526
6516
6526
6524
6524
6524
6519
6513
6518
6514
6514
6510
6510
6506
6514
6508
6505
6510
6510
6507
6509
6503
6505
6508
6503
6496
6489
6489
6485
6488
6490
6493
6498
6493
6504
6505
6509
6498
6487
6490
6501
6507
6509
6509
6508
6508
6501
6511
6511
6508
6524
6529
6540
6532
6535
6535
6535
6538
6541
6550
6549
6548
6550
6550
6530
6537
6537
6537
6537
6529
6529
6528
6533
6533
6538
6524
6524
6518
6520
6525
6525
6525
6532
6518
6518
6521
6523
6518
6501
6494
6500
6500
6491
6499
6495
6491
6497
6503
6507
6507
6510
6510
6510
6514
6513
6503
6512
6514
6499
6497
6515
6521
6522
6518
6533
6521
6521
6519
6519
6514
6508
6504
6511
6523
6520
6533
6536
6520
6520
6514
6513
6393
6358
6367
6355
6364
6365
6368
6358
6362
6354
6339
6394
6403
6395
6417
6418
6411
6411
6403
6400
6408
6410
6416
6410
6415
6415
6417
6413
6413
6421
6414
6412
6409
6412
6414
6419
6409
6418
6410
6406
6407
6407
6400
6396
6410
6399
6401
6402
6400
6405
6412
6412
6398
6408
6392
6397
6424
6429
6433
6434
6441
6466
6469
6453
6453
6453
6451
6453
6454
6456
6463
6469
6470
6478
6460
6448
6462
6457
6456
6461
6461
6461
6463
6461
6460
6453
6458
6462
6482
6479
6483
6483
6481
6482
6472
6486
6498
6489
6484
6487
6485
6485
6482
6491
6470
6460
6464
6464
6468
6466
6474
6474
6464
6468
6463
6453
6467
6458
6452
6459
6449
6459
6458
6458
6457
6456
6448
6450
6448
6445
6440
6456
6456
6466
6466
6468
6472
6469
6471
6467
6467
6464
6473
6466
6465
6473
6469
6460
6470
6460
6460
6459
6455
6447
6448
6460
6456
6462
6462
6469
6465
6466
6474
6472
6471
6477
6463
6455
6444
6442
6442
6439
6445
6442
6445
6444
6445
6444
6437
6440
6439
6416
6419
6412
6420
6420
6435
6435
6433
6421
6433
6434
6434
6430
6421
6418
6438
6446
6450
6448
6451
6456
6455
6453
6450
6454
6454
6441
6454
6454
6419
6412
6412
6410
6412
6412
6412
6412
6408
6405
6393
6402
6407
6406
6410
6426
6420
6422
6422
6428
6425
6406
6406
6402
6391
6427
6411
6411
6398
6392
6411
6404
6402
6403
6402
6398
6416
6448
6449
6443
6441
6423
6479
6478
6478
6475
6466
6461
6475
6492
6490
6492
6499
6500
6500
6500
6495
6488
6486
6495
6483
6478
6510
6501
6510
6518
6506
6470
6541
6541
6550
6549
6551
6557
6557
6538
6555
6545
6545
6545
6545
6553
6553
6547
6555
6556
6550
6555
6548
6563
6549
6548
6548
6545
6545
6562
6557
6548
6540
6525
6519
6525
6533
6543
6547
6558
6559
6554
6569
6575
6575
6566
6572
6578
6578
6576
6577
6584
6591
6544
6532
6529
6532
6535
6548
6548
6536
6539
6535
6538
6542
6542
6542
6539
6534
6530
6543
6542
6540
6546
6544
6537
6524
6521
6520
6505
6505
6499
6498
6496
6499
6499
6499
6498
6494
6500
6513
6508
6511
6513
6515
6512
6516
6514
6509
6490
6507
6507
6525
6525
6535
6528
6532
6521
6504
6516
6522
6541
6540
6548
6540
6542
6511
6500
6557
6555
6617
6599
6594
6600
6595
6601
6585
6590
6591
6595
6602
6601
6588
6593
6600
6595
6598
6589
6584
6580
6584
6571
6585
6598
6589
6590
6601
6597
6590
6618
6594
6602
6602
6607
6603
6598
6597
6593
6585
6587
6569
6580
6584
6586
6577
6587
6584
6580
6598
6604
6599
6590
6595
6600
6600
6597
6586
6583
6576
6569
6570
6577
6581
6596
6597
6588
6580
6577
6587
6590
6590
6585
6581
6581
6567
6564
6563
6568
6549
6558
6555
6570
6551
6558
6547
6573
6584
6582
6579
6583
6602
6602
6611
6613
6612
6611
6615
6609
6614
6613
6600
6608
6615
6608
6608
6605
6604
6599
6596
6588
6590
6600
6593
6584
6582
6576
6575
6577
6559
6564
6574
6583
6579
6589
6595
6597
6584
6590
6596
6578
6590
6601
6599
6620
6618
6618
6627
6614
6614
6615
6617
6624
6628
6631
6636
6640
6638
6634
6643
6636
6634
6648
6636
6636
6649
6600
6600
6596
6599
6617
6607
6609
6613
6628
6627
6624
6624
6615
6599
6600
6606
6615
6623
6625
6621
6630
6637
6648
6654
6658
6662
6660
6652
6650
6658
6665
6678
6679
6665
6650
6650
6647
6649
6652
6661
6666
6668
6672
6672
6650
6646
6649
6637
6650
6651
6646
6639
6636
6642
6634
6629
6624
6622
6623
6623
6622
6617
6610
6642
6656
6654
6642
6650
6656
6655
6671
6659
6665
6694
6680
6623
6617
6601
6597
6598
6598
6604
6610
6610
6650
6616
6578
6573
6580
6571
6525
6513
6535
6502
6419
6418
6412
6398
6384
6384
6393
6375
6374
6380
6358
6363
6363
6374
6370
6374
6359
6346
6325
6386
6385
6397
6395
6403
6410
6420
6423
6425
6423
6422
6422
6424
6419
6419
6424
6427
6424
6420
6408
6396
6403
6410
6408
6390
6406
6401
6406
6390
6385
6372
6394
6393
6401
6392
6408
6384
6392
6382
6433
6441
6448
6480
6495
6493
6492
6493
6491
6488
6488
6478
6503
6504
6511
6508
6513
6511
6511
6514
6545
6539
6541
6535
6541
6529
6529
6520
6500
6502
6503
6502
6499
6497
6495
6491
6491
6484
6495
6507
6505
6509
6511
6509
6509
6509
6510
6499
6489
6490
6493
6499
6499
6500
6490
6500
6506
6506
6498
6497
6498
6493
6492
6495
6490
6483
6493
6503
6515
6502
6505
6519
6514
6483
6483
6477
6475
6468
6465
6475
6476
6467
6475
6476
6473
6454
6460
6452
6461
6465
6476
6485
6476
6477
6481
6485
6488
6485
6487
6492
6493
6480
6485
6478
6477
6476
6480
6484
6486
6483
6467
6473
6473
6462
6470
6473
6480
6470
6474
6460
6455
6465
6461
6461
6463
6452
6477
6480
6479
6478
6478
6481
6485
6485
6475
6485
6493
6491
6498
6496
6483
6484
6480
6484
6491
6482
6469
6484
6483
6494
6475
6478
6472
6476
6499
6511
6441
6446
6441
6410
6329
6331
6342
6312
6307
6308
6312
6303
6312
6322
6339
6333
6322
6326
6326
6313
6294
6290
6310
6316
6330
6329
6324
6322
6315
6312
6330
6332
6307
6309
6299
6298
6307
6307
6310
6348
6330
6331
6324
6331
6336
6344
6323
6309
6294
6295
6281
6281
6282
6303
6295
6298
6298
6281
6261
6260
6249
6245
6242
6244
6255
6274
6286
6260
6266
6265
6242
6243
6238
6246
6261
6267
6262
6263
6253
6276
6285
6305
6309
6315
6337
6287
6296
6282
6290
6288
6276
6297
6332
6332
6331
6331
6332
6327
6332
6331
6314
6333
6339
6328
6329
6340
6317
6314
6329
6335
6326
6323
6277
6267
6262
6272
6256
6248
6259
6262
6266
6301
6248
6312
6381
6391
6390
6384
6387
6386
6394
6386
6380
6370
6459
6458
6458
6450
6453
6456
6456
6440
6451
6445
6447
6433
6439
6436
6443
6453
6456
6457
6458
6457
6458
6457
6450
6461
6458
6460
6469
6473
6466
6464
6478
6474
6477
6486
6490
6483
6480
6468
6466
6475
6473
6468
6465
6459
6469
6470
6474
6470
6467
6480
6470
6460
6437
6444
6456
6454
6464
6452
6460
6459
6457
6458
6442
6452
6440
6434
6427
6439
6438
6446
6440
6450
6448
6448
6450
6438
6444
6452
6452
6455
6424
6431
6417
6414
6428
6417
6427
6438
6425
6402
6502
6505
6507
6492
6495
6532
6534
6542
6542
6539
6533
6536
6524
6526
6536
6561
6561
6560
6556
6552
6548
6543
6547
6570
6549
6548
6564
6563
6582
6584
6582
6584
6584
6584
6584
6584
6576
6569
6576
6581
6580
6577
6577
6579
6579
6581
6575
6565
6570
6580
6582
6582
6582
6579
6582
6576
6577
6564
6568
6572
6582
6577
6569
6574
6569
6562
6571
6574
6570
6586
6580
6590
6595
6602
6605
6595
6592
6580
6566
6567
6564
6575
6574
6582
6556
6546
6557
6551
6558
6562
6554
6567
6564
6566
6560
6560
6552
6557
6554
6567
6572
6567
6574
6563
6576
6574
6575
6562
6567
6574
6573
6576
6562
6559
6562
6550
6546
6550
6547
6550
6543
6550
6567
6557
6555
6556
6558
6557
6563
6558
6572
6571
6574
6568
6575
6562
6557
6579
6561
6548
6549
6526
6511
6516
6525
6526
6520
6502
6511
6499
6535
6522
6538
6539
6543
6542
6540
6541
6527
6531
6525
6552
6556
6555
6550
6543
6550
6555
6555
6557
6554
6550
6550
6542
6538
6536
6532
6526
6526
6537
6529
6522
6526
6534
6528
6543
6550
6560
6550
6551
6559
6568
6570
6577
6568
6540
6543
6548
6540
6511
6525
6514
6504
6479
6498
6499
6516
6540
6568
6690
6688
6706
6711
6722
6722
6718
6714
6722
6701
6691
6708
6708
6723
6730
6723
6729
6738
6743
6744
6745
6742
6738
6734
6746
6753
6752
6742
6730
6732
6740
6735
6747
6747
6739
6747
6754
6763
6741
6752
6760
6748
6755
6760
6762
6765
6764
6756
6763
6761
6760
6758
6759
6758
6764
6762
6766
6753
6765
6756
6766
6773
6775
6770
6768
6767
6759
6758
6747
6749
6743
6738
6738
6741
6745
6740
6745
6730
6735
6735
6716
6740
6735
6734
6833
6831
6839
6836
6839
6836
6832
6841
6841
6841
6841
6835
6834
6836
6844
6837
6835
6836
6844
6848
6848
6848
6850
6844
6855
6854
6851
6844
6848
6855
6855
6855
6855
6856
6853
6854
6850
6846
6853
6851
6851
6850
6850
6850
6850
6858
6851
6853
6851
6840
6842
6854
6846
6848
6852
6852
6857
6865
6874
6867
6853
6862
6857
6819
6810
6825
6838
6830
6858
6845
6828
6830
6823
6824
6829
6832
6832
6835
6839
6840
6837
6836
6835
6838
6844
6840
6844
6841
6839
6838
6838
6837
6832
6839
6832
6839
6835
6840
6837
6838
6837
6841
6844
6837
6837
6833
6826
6827
6829
6832
6836
6816
6827
6825
6835
6838
6856
6860
6854
6858
6858
6859
6855
6856
6857
6864
6864
6863
6852
6853
6854
6854
6860
6845
6860
6860
6866
6865
6869
6863
6876
6871
6864
6868
6851
6852
6853
6856
6860
6859
6856
6847
6854
6837
6855
6855
6850
6850
6848
6855
6851
6837
6846
6844
6858
6870
6877
6875
6879
6900
6843
6802
6800
6784
6792
6788
6788
6790
6785
6785
6792
6780
6772
6761
6762
6770
6755
6761
6777
6771
6771
6764
6762
6761
6769
6769
6772
6773
6771
6774
6767
6769
6750
6755
6755
6753
6748
6746
6748
6752
6753
6752
6760
6761
6764
6757
6765
6762
6762
6753
6761
6758
6760
6764
6760
6769
6757
6782
6760
6759
6762
6753
6734
6736
6726
6717
6702
6701
6706
6717
6720
6720
6715
6725
6721
6730
6727
6731
6722
6736
6743
6748
6745
6750
6739
6733
6734
6735
6729
6736
6739
6731
6744
6743
6745
6745
6743
6734
6744
6743
6744
6746
6751
6748
6744
6718
6699
6717
6680
6678
6674
6740
6738
6736
6722
6719
6718
6723
6713
6714
6734
6767
6759
6762
6760
6758
6752
6758
6764
6768
6769
6760
6763
6753
6773
6771
6778
6775
6753
6764
6774
6778
6766
6765
6762
6757
6755
6772
6777
6777
6778
6768
6778
6778
6776
6781
6782
6783
6786
6783
6778
6772
6774
6774
6772
6767
6785
6788
6776
6776
6776
6772
6771
6772
6769
6761
6757
6758
6759
6745
6777
6779
6772
6788
6793
6785
6788
6789
6783
6782
6773
6801
6799
6785
6797
6792
6796
6794
6798
6811
6774
6775
6779
6748
6693
6685
6705
6675
6738
6742
6770
6771
6762
6765
6769
6748
6760
6765
6765
6761
6767
6768
6769
6763
6766
6763
6765
6732
6748
6748
6741
6744
6746
6772
6771
6768
6770
6771
6764
6769
6767
6765
6772
6777
6770
6790
6787
6791
6795
6804
6790
6780
6774
6768
6760
6766
6770
6760
6761
6774
6766
6775
6776
6776
6764
6774
6780
6773
6784
6774
6780
6779
6783
6783
6781
6778
6774
6775
6780
6784
6795
6802
6810
6809
6793
6790
6789
6785
6790
6789
6772
6758
6750
6758
6753
6743
6737
6734
6735
6729
6725
6720
6727
6735
6726
6715
6730
6734
6745
6753
6750
6753
6752
6753
6760
6781
6754
6744
6745
6753
6758
6743
6730
6719
6720
6732
6737
6734
6708
6701
6716
6707
6749
6754
6747
6741
6730
6727
6747
6757
6760
6778
6777
6780
6793
6790
6750
6712
6732
6761
6748
6751
6744
6758
6741
6741
6718
6731
6719
6758
6781
6776
6778
6789
6801
6811
6811
6808
6813
6822
6826
6816
6835
6796
6804
6738
6757
6750
6733
6730
6756
6763
6753
6734
6728
6728
6724
6746
6721
6714
6710
6738
6741
6712
6710
6770
6794
6791
6739
6685
6727
6766
6801
6811
6860
6879
7090
7110
7094
7129
7120
7209
7222
7219
7219
7222
7216
7221
7229
7224
7231
7235
7230
7238
7240
7243
7240
7240
7247
7244
7234
7246
7254
7261
7260
7248
7242
7252
7259
7262
7262
7265
7265
7265
7264
7277
7255
7247
7243
7245
7207
7245
7243
7248
7236
7235
7241
7235
7236
7233
7240
7242
7249
7247
7250
7260
7250
7258
7256
7254
7253
7255
7247
7244
7237
7240
7248
7239
7253
7250
7236
7250
7240
7237
7243
7250
7251
7250
7230
7247
7238
7226
7228
7233
7226
7235
7225
7232
7233
7236
7237
7242
7244
7242
7234
7225
7234
7232
7236
7239
7247
7248
7241
7219
7225
7220
7215
7194
7204
7205
7215
7227
7228
7225
7206
7227
7292
7294
7299
7297
7298
7300
7309
7309
7310
7320
7315
7317
7325
7322
7319
7311
7318
7315
7317
7315
7315
7313
7308
7309
7315
7313
7311
7309
7299
7300
7301
7292
7309
7306
7305
7305
7307
7299
7295
7301
7297
7309
7314
7314
7316
7309
7310
7315
7317
7324
7318
7318
7318
7323
7326
7317
7320
7316
7321
7295
7288
7291
7296
7290
7307
7308
7318
7306
7308
7321
7319
7325
7325
7325
7320
7321
7327
7327
7328
7326
7325
7324
7311
7319
7311
7313
7305
7307
7314
7307
7302
7336
7337
7328
7331
7329
7326
7335
7334
7333
7320
7313
7312
7305
7319
7294
7284
7303
7317
7325
7360
7398
7393
7417
7420
7420
7426
7443
7432
7421
7478
7488
7610
7606
7611
7604
7603
7604
7609
7600
7608
7610
7608
7607
7599
7600
7606
7604
7602
7602
7603
7604
7604
7604
7607
7600
7600
7607
7620
7620
7610
7617
7620
7620
7614
7614
7609
7620
7618
7615
7629
7629
7627
7630
7630
7617
7617
7620
7617
7615
7620
7620
7620
7618
7612
7618
7626
7612
7618
7604
7605
7615
7618
7619
7610
7620
7620
7618
7608
7604
7605
7596
7598
7598
7596
7602
7592
7590
7593
7600
7600
7600
7593
7590
7599
7593
7600
7600
7600
7597
7603
7607
7595
7592
7594
7586
7586
7578
7580
7593
7596
7585
7590
7594
7600
7606
7600
7607
7608
7607
7616
7611
7611
7610
7611
7616
7608
7622
7614
7621
7621
7617
7620
7620
7625
7626
7629
7629
7630
7600
7597
7596
7595
7600
7592
7600
7598
7600
7608
7598
7608
7609
7604
7593
7592
7590
7599
7589
7593
7594
7603
7595
7605
7599
7575
7578
7599
7614
7605
7605
7610
7648
7643
7650
7641
7639
7639
7639
7639
7642
7649
7645
7654
7649
7650
7652
7650
7659
7650
7659
7654
7662
7660
7659
7659
7657
7654
7645
7646
7649
7649
7657
7650
7656
7651
7651
7647
7649
7646
7638
7642
7641
7646
7647
7645
7644
7635
7643
7641
7631
7633
7636
7634
7624
7635
7643
7643
7645
7654
7650
7649
7649
7645
7645
7640
7640
7647
7646
7651
7654
7658
7655
7655
7660
7655
7660
7673
7672
7664
7672
7672
7671
7670
7670
7673
7672
7671
7678
7670
7670
7670
7680
7672
7681
7672
7681
7679
7680
7676
7672
7671
7669
7660
7665
7660
7652
7660
7656
7660
7660
7660
7655
7663
7660
7655
7658
7659
7664
7662
7661
7653
7672
7669
7667
7663
7663
7659
7671
7662
7665
7667
7667
7668
7663
7670
7664
7668
7661
7659
7654
7660
7665
7678
7677
7679
7680
7674
7662
7657
7672
7664
7677
7683
7680
7675
7674
7670
7676
7684
7676
7669
7660
7666
7664
7656
7650
7640
7630
7629
7633
7634
7638
7627
7634
7635
7634
7634
7625
7633
7633
7634
7632
7629
7623
7621
7620
7625
7624
7617
7620
7618
7617
7617
7616
7619
7627
7629
7628
7628
7630
7637
7643
7651
7647
7649
7664
7664
7660
7661
7650
7636
7644
7635
7668
7650
7650
7649
7648
7646
7638
7645
7645
7645
7639
7650
7650
7648
7648
7648
7650
7649
7639
7647
7639
7650
7650
7638
7644
7631
7642
7642
7643
7642
7644
7634
7640
7631
7638
7638
7639
7637
7645
7640
7635
7640
7643
7642
7643
7639
7640
7642
7635
7642
7643
7646
7650
7648
7652
7652
7641
7648
7641
7641
7645
7652
7650
7652
7646
7655
7649
7650
7651
7654
7651
7653
7651
7647
7648
7648
7640
7639
7637
7643
7635
7645
7640
7581
7570
7581
7591
7591
7586
7579
7588
7580
7581
7581
7581
7587
7587
7582
7590
7591
7589
7593
7593
7585
7590
7590
7584
7571
7567
7575
7575
7570
7580
7580
7587
7588
7579
7571
7576
7570
7577
7560
7553
7551
7555
7546
7553
7554
7560
7551
7568
7576
7571
7557
7566
7557
7557
7568
7571
7575
7576
7571
7560
7567
7556
7552
7552
7561
7550
7546
7546
7566
7567
7570
7576
7575
7568
7580
7589
7594
7592
7583
7585
7602
7615
7621
7617
7611
7616
7630
7638
7643
7640
7631
7640
7631
7628
7637
7636
7635
7631
7627
7625
7624
7619
7626
7615
7613
7636
7638
7635
7631
7639
7639
7639
7646
7650
7650
7643
7657
7658
7652
7649
7649
7649
7649
7650
7634
7635
7636
7640
7637
7636
7644
7641
7643
7630
7635
7635
7629
7637
7629
7630
7635
7635
7636
7639
7637
7636
7633
7631
7628
7629
7638
7630
7632
7630
7639
7647
7651
7643
7638
7629
7648
7638
7649
7651
7654
7650
7645
7647
7647
7644
7664
7680
7671
7669
7678
7679
7674
7667
7673
7669
7660
7661
7669
7671
7674
7671
7679
7676
7667
7678
7679
7673
7673
7675
7676
7689
7690
7681
7682
7689
7693
7693
7694
7690
7690
7697
7686
7690
7677
7691
7679
7679
7681
7681
7678
7678
7676
7674
7675
7668
7668
7647
7654
7654
7654
7654
7654
7646
7652
7642
7656
7658
7652
7660
7657
7647
7648
7648
7646
7653
7655
7651
7656
7657
7658
7658
7649
7649
7656
7654
7653
7653
7660
7660
7656
7656
7647
7644
7642
7680
7683
7694
7686
7683
7690
7693
7691
7688
7693
7683
7689
7693
7694
7696
7698
7690
7691
7690
7693
7693
7688
7698
7692
7688
7687
7686
7686
7691
7691
7695
7686
7696
7685
7678
7681
7700
7696
7710
7703
7704
7695
7688
7692
7689
7693
7694
7690
7689
7687
7683
7683
7691
7687
7695
7693
7697
7691
7683
7697
7678
7670
7670
7673
7679
7674
7675
7680
7690
7682
7686
7691
7677
7689
7695
7693
7704
7697
7698
7712
7702
7699
7695
7699
7696
7702
7698
7699
7706
7704
7703
7706
7705
7710
7713
7702
7702
7713
7706
7704
7709
7707
7695
7698
7700
7698
7699
7699
7694
7692
7695
7693
7692
7682
7696
7691
7693
7696
7697
7694
7700
7696
7692
7688
7690
7693
7680
7694
7695
7689
7695
7697
7699
7710
7707
7703
7693
7692
7692
7692
7695
7689
7693
7689
7681
7690
7683
7675
7689
7694
7699
7693
7690
7695
7698
7705
7704
7714
7703
7705
7701
7703
7700
7705
7700
7702
7699
7701
7705
7689
7700
7688
7709
7700
7673
7698
7705
7708
7710
7708
7714
7715
7707
7707
7709
7703
7710
7708
7707
7704
7718
7716
7691
7708
7716
7709
7713
7707
7705
7706
7708
7707
7706
7702
7723
7725
7726
7722
7729
7731
7718
7720
7718
7718
7721
7726
7725
7717
7724
7730
7730
7730
7720
7728
7725
7725
7726
7733
7732
7729
7713
7744
7741
7743
7729
7723
7712
7715
7723
7723
7695
7690
7688
7682
7682
7676
7684
7665
7664
7652
7652
7652
7648
7649
7639
7641
7643
7661
7660
7660
7655
7643
7643
7645
7639
7653
7659
7653
7673
7673
7674
7660
7666
7666
7651
7641
7635
7687
7694
7677
7627
7627
7628
7631
7632
7629
7620
7626
7619
7519
7519
7516
7516
7516
7520
7515
7521
7526
7530
7531
7528
7524
7528
7521
7527
7524
7513
7520
7523
7527
7526
7525
7526
7518
7523
7518
7512
7509
7500
7500
7500
7500
7499
7499
7497
7500
7504
7505
7523
7523
7533
7533
7537
7533
7528
7515
7518
7525
7525
7528
7528
7532
7527
7527
7529
7526
7518
7518
7530
7532
7531
7526
7525
7523
7522
7647
7651
7647
7660
7660
7653
7636
7636
7635
7640
7640
7635
7637
7631
7627
7631
7627
7626
7625
7626
7626
7628
7626
7633
7633
7631
7634
7635
7639
7634
7639
7634
7639
7643
7644
7641
7637
7633
7627
7633
7647
7646
7646
7650
7653
7646
7643
7646
7642
7648
7640
7634
7633
7642
7615
7610
7614
7614
7608
7610
7620
7624
7623
7628
7617
7612
7620
7620
7620
7616
7621
7628
7614
7615
7618
7612
7620
7615
7603
7605
7603
7601
7615
7608
7611
7602
7599
7595
7596
7603
7600
7600
7606
7612
7605
7613
7615
7612
7609
7606
7620
7623
7610
7612
7601
7611
7615
7613
7616
7611
7609
7616
7616
7616
7622
7625
7619
7612
7614
7617
7614
7612
7615
7619
7643
7642
7646
7650
7637
7637
7630
7629
7631
7631
7632
7632
7629
7630
7619
7633
7610
7603
7605
7599
7602
7600
7601
7588
7597
7597
7594
7594
7605
7597
7596
7603
7607
7607
7595
7612
7622
7622
7615
7614
7615
7612
7606
7605
7611
7615
7615
7616
7620
7628
7614
7614
7621
7619
7615
7610
7608
7616
7615
7620
7617
7614
7607
7612
7607
7606
7611
7611
7606
7592
7604
7602
7616
7627
7627
7620
7625
7625
7624
7623
7622
7629
7623
7628
7630
7617
7620
7595
7606
7607
7611
7619
7618
7617
7605
7614
7617
7617
7616
7610
7616
7610
7610
7606
7610
7606
7609
7610
7610
7614
7608
7613
7609
7618
7626
7628
7615
7613
7612
7611
7604
7604
7602
7607
7607
7602
7590
7582
7595
7605
7605
7607
7603
7603
7596
7592
7596
7633
7632
7645
7629
7615
7614
7623
7623
7616
7628
7620
7619
7620
7624
7612
7619
7622
7618
7622
7627
7625
7625
7624
7629
7622
7628
7636
7631
7641
7629
7627
7621
7624
7631
7631
7634
7632
7631
7618
7617
7614
7616
7616
7631
7591
7570
7560
7570
7566
7570
7570
7557
7550
7559
7551
7556
7563
7572
7580
7558
7553
7472
7474
7464
7464
7461
7462
7442
7435
7417
7417
7407
7409
7418
7407
7409
7408
7407
7408
7410
7406
7390
7381
7384
7410
7420
7418
7422
7425
7424
7420
7429
7422
7422
7422
7419
7411
7405
7433
7429
7437
7433
7424
7427
7427
7420
7438
7438
7429
7428
7419
7422
7430
7425
7420
7442
7438
7410
7416
7417
7419
7414
7417
7416
7418
7427
7433
7429
7439
7437
7437
7427
7421
7435
7426
7436
7433
7429
7424
7430
7436
7437
7440
7434
7440
7437
7440
7443
7444
7452
7454
7452
7450
7452
7442
7440
7439
7426
7444
7444
7442
7438
7410
7410
7400
7396
7396
7410
7415
7413
7410
7412
7421
7422
7422
7416
7421
7420
7415
7420
7425
7419
7420
7442
7433
7446
7448
7439
7426
7427
7436
7433
7423
7436
7434
7436
7432
7431
7419
7416
7420
7413
7420
7412
7409
7404
7401
7387
7384
7387
7402
7401
7413
7413
7407
7428
7427
7414
7416
7416
7412
7407
7407
7415
7418
7421
7417
7418
7413
7412
7413
7417
7404
7404
7399
7399
7396
7412
7425
7427
7431
7437
7421
7418
7420
7426
7424
7424
7420
7468
7464
7491
7490
7486
7486
7486
7480
7481
7480
7484
7493
7496
7499
7495
7501
7503
7505
7503
7505
7504
7496
7499
7491
7490
7496
7496
7498
7496
7500
7499
7492
7489
7483
7480
7490
7485
7489
7474
7480
7479
7501
7508
7512
7512
7510
7510
7509
7507
7509
7504
7507
7518
7511
7537
7542
7527
7536
7536
7533
7535
7533
7531
7531
7532
7525
7528
7506
7502
7505
7505
7500
7503
7499
7498
7497
7501
7501
7501
7501
7501
7500
7498
7497
7488
7495
7496
7500
7498
7501
7505
7505
7506
7509
7504
7503
7500
7502
7499
7495
7487
7487
7477
7481
7479
7483
7486
7486
7483
7477
7476
7456
7465
7461
7468
7474
7484
7485
7480
7495
7490
7495
7495
7505
7497
7510
7505
7500
7500
7499
7499
7500
7505
7503
7490
7512
7512
7509
7509
7509
7500
7494
7499
7481
7480
7486
7493
7490
7487
7477
7481
7484
7487
7476
7485
7470
7500
7502
7530
7526
7523
7523
7518
7521
7519
7519
7533
7535
7533
7533
7532
7524
7524
7530
7521
7538
7530
7511
7524
7530
7527
7532
7540
7554
7553
7551
7553
7569
7565
7529
7570
7605
7607
7607
7607
7607
7611
7612
7609
7613
7604
7617
7620
7591
7591
7591
7585
7585
7588
7590
7600
7593
7598
7586
7582
7589
7600
7604
7599
7600
7605
7609
7607
7600
7604
7600
7592
7585
7602
7610
7612
7615
7619
7613
7611
7606
7600
7600
7597
7618
7613
7593
7601
7610
7584
7600
7608
7618
7646
7659
7647
7650
7626
7638
7646
7657
7617
7682
7682
7682
7691
7688
7686
7692
7694
7694
7695
7696
7698
7699
7699
7692
7692
7691
7686
7692
7694
7690
7687
7687
7694
7688
7695
7697
7693
7680
7680
7679
7684
7679
7688
7695
7692
7693
7688
7688
7701
7700
7701
7703
7683
7706
7709
7705
7708
7702
7709
7707
7704
7700
7702
7710
7708
7714
7723
7723
7718
7712
7720
7724
7721
7727
7715
7713
7713
7709
7698
7692
7693
7709
7708
7709
7700
7702
7707
7707
7702
7708
7710
7703
7690
7685
7696
7695
7699
7700
7696
7702
7695
7700
7691
7683
7687
7687
7691
7693
7711
7703
7710
7714
7716
7712
7709
7710
7721
7724
7729
7706
7709
7701
7701
7697
7695
7701
7703
7697
7700
7689
7699
7698
7697
7702
7717
7710
7697
7706
7705
7702
7669
7662
7682
7682
7683
7682
7683
7676
7684
7688
7682
7690
7682
7689
7690
7701
7702
7698
7697
7696
7692
7683
7685
7684
7689
7702
7704
7700
7708
7705
7705
7710
7710
7711
7710
7713
7718
7716
7720
7717
7716
7714
7718
7730
7726
7723
7712
7719
7720
7719
7720
7713
7715
7713
7713
7714
7710
7719
7719
7714
7717
7690
7701
7699
7703
7712
7720
7723
7727
7721
7737
7736
7739
7740
7740
7746
7745
7743
7733
7730
7740
7737
7737
7737
7734
7727
7721
7715
7710
7712
7711
7704
7709
7703
7699
7704
7704
7702
7698
7707
7702
7705
7704
7708
7715
7718
7702
7705
7705
7710
7704
7699
7704
7706
7708
7713
7713
7720
7724
7734
7729
7734
7737
7738
7738
7733
7734
7736
7739
7740
7727
7727
7731
7730
7723
7735
7739
7722
7730
7750
7749
7732
7745
7732
7722
7722
7718
7720
7718
7715
7709
7710
7707
7710
7708
7724
7715
7720
7727
7722
7710
7714
7714
7712
7708
7716
7715
7717
7723
7723
7725
7732
7733
7736
7714
7651
7646
7645
7641
7647
7648
7638
7637
7638
7642
7636
7650
7657
7647
7646
7645
7645
7640
7643
7644
7640
7646
7642
7643
7637
7633
7636
7633
7627
7631
7644
7644
7638
7615
7631
7632
7625
7633
7638
7640
7638
7638
7642
7630
7620
7616
7604
7611
7602
7585
7635
7635
7635
7627
7627
7634
7634
7634
7633
7632
7632
7630
7637
7634
7660
7653
7661
7657
7658
7642
7649
7650
7653
7646
7653
7650
7650
7645
7644
7647
7641
7646
7646
7642
7635
7640
7644
7635
7632
7647
7645
7645
7644
7625
7630
7629
7621
7621
7620
7620
7621
7624
7623
7624
7615
7626
7620
7627
7625
7627
7620
7625
7626
7628
7625
7636
7641
7641
7640
7648
7640
7636
7636
7636
7629
7626
7630
7613
7629
7632
7644
7644
7650
7641
7644
7651
7649
7648
7646
7653
7659
7663
7663
7662
7665
7665
7655
7651
7651
7652
7655
7650
7646
7650
7646
7652
7645
7651
7645
7649
7650
7641
7641
7638
7644
7642
7641
7642
7643
7636
7636
7636
7634
7630
7627
7621
7624
7624
7626
7640
7628
7627
7625
7624
7625
7627
7630
7632
7630
7630
7627
7620
7620
7613
7610
7616
7621
7617
7627
7621
7620
7619
7638
7642
7647
7642
7653
7650
7660
7629
7637
7632
7641
7642
7641
7630
7626
7630
7630
7630
7630
7628
7635
7627
7626
7626
7629
7626
7628
7632
7631
7638
7638
7636
7641
7636
7639
7636
7638
7633
7637
7624
7630
7630
7634
7631
7646
7629
7634
7626
7632
7636
7642
7640
7645
7644
7622
7644
7645
7641
7648
7647
7650
7652
7659
7655
7655
7656
7651
7658
7653
7656
7656
7660
7652
7647
7652
7647
7660
7634
7637
7636
7641
7643
7642
7641
7642
7651
7636
7632
7637
7637
7630
7633
7629
7635
7649
7658
7660
7692
7668
7667
7663
7657
7658
7645
7642
7647
7655
7662
7663
7668
7657
7640
7648
7652
7652
7499
7496
7484
7484
7522
7515
7522
7522
7503
7521
7490
7484
7493
7493
7491
7487
7484
7480
7488
7486
7488
7485
7484
7482
7483
7496
7491
7492
7492
7492
7491
7498
7498
7490
7498
7500
7497
7491
7493
7486
7494
7494
7494
7494
7491
7486
7489
7481
7475
7489
7496
7492
7492
7492
7480
7486
7490
7481
7486
