1076
1074
1073
1073
1074
1074
1073
1073
1074
1074
1074
1074
1074
1074
1074
1074
1074
1074
1074
1074
1074
1074
1074
1074
1074
1074
1074
1074
1074
1074
1075
1075
1075
1075
1075
1075
1075
1075
1075
1075
1075
1075
1076
1076
1076
1076
1077
1076
1076
1076
1077
1077
1076
1076
1076
1076
1076
1076
1076
1076
1075
1075
1076
1077
1075
1076
1076
1077
1075
1076
1085
1083
1085
1085
1083
1083
1085
1083
1084
1084
1084
1084
1080
1079
1080
1079
1079
1077
1079
1078
1080
1080
1078
1078
1079
1080
1080
1075
1075
1074
1073
1073
1072
1073
1075
1074
1075
1072
1075
1075
1075
1075
1075
1075
1072
1070
1063
1063
1063
1062
1065
1066
1067
1068
1072
1070
1071
1070
1071
1071
1075
1076
1075
1074
1072
1073
1073
1073
1072
1073
1070
1069
1069
1070
1070
1070
1069
1069
1069
1068
1068
1067
1067
1068
1070
1070
1070
1070
1070
1069
1067
1068
1067
1072
1073
1073
1073
1072
1072
1071
1069
1068
1069
1069
1069
1074
1073
1068
1067
1069
1072
1074
1075
1076
1077
1076
1077
1077
1077
1077
1077
1076
1079
1082
1086
1085
1085
1082
1088
1091
1094
1090
1090
1094
1092
1092
1090
1093
1093
1091
1090
1090
1091
1088
1089
1091
1089
1091
1091
1090
1088
1090
1088
1088
1091
1089
1090
1094
1092
1095
1096
1091
1093
1095
1092
1096
1094
1096
1092
1092
1093
1094
1094
1093
1097
1097
1095
1097
1097
1097
1097
1096
1096
1096
1097
1097
1097
1094
1097
1097
1095
1097
1096
1095
1090
1089
1095
1089
1088
1090
1093
1093
1092
1092
1091
1092
1092
1093
1092
1091
1091
1091
1091
1091
1092
1092
1091
1091
1090
1087
1086
1085
1086
1085
1084
1081
1085
1084
1078
1078
1076
1075
1074
1077
1077
1073
1073
1073
1070
1070
1070
1070
1070
1069
1070
1071
1071
1071
1073
1070
1070
1070
1070
1069
1069
1070
1069
1068
1069
1068
1071
1071
1070
1073
1068
1068
1068
1068
1070
1066
1067
1066
1067
1066
1068
1068
1069
1070
1071
1070
1070
1069
1071
1068
1068
1068
1068
1068
1068
1068
1069
1067
1068
1069
1068
1070
1067
1068
1068
1069
1066
1067
1067
1067
1068
1069
1069
1069
1070
1069
1071
1071
1070
1069
1070
1070
1070
1070
1070
1069
1069
1069
1070
1071
1071
1071
1070
1070
1070
1070
1070
1070
1070
1070
1070
1070
1070
1070
1070
1071
1071
1071
1072
1072
1072
1072
1073
1073
1073
1073
1073
1074
1073
1073
1074
1074
1075
1071
1071
1071
1071
1071
1070
1071
1071
1072
1072
1072
1071
1071
1073
1072
1072
1072
1072
1075
1075
1075
1075
1077
1075
1075
1075
1075
1075
1075
1071
1077
1076
1075
1075
1075
1068
1070
1067
1067
1064
1061
1062
1064
1065
1065
1062
1062
1063
1067
1067
1067
1067
1066
1067
1067
1067
1067
1066
1066
1067
1067
1066
1073
1074
1074
1074
1071
1070
1069
1066
1065
1065
1069
1069
1069
1065
1065
1067
1065
1066
1069
1068
1069
1069
1069
1066
1067
1071
1064
1066
1067
1065
1061
1066
1071
1071
1073
1073
1074
1069
1070
1068
1069
1066
1069
1069
1069
1070
1070
1074
1074
1075
1074
1074
1071
1068
1065
1062
1065
1078
1077
1081
1080
1077
1078
1074
1072
1073
1063
1058
1055
1059
1057
1056
1056
1057
1057
1055
1054
1054
1050
1048
1051
1047
1044
1042
1039
1040
1040
1043
1039
1040
1042
1042
1042
1042
1039
1042
1039
1038
1041
1040
1038
1040
1042
1040
1043
1040
1040
1043
1041
1040
1040
1040
1044
1043
1040
1039
1044
1044
1044
1044
1044
1044
1043
1043
1042
1041
1042
1044
1043
1043
1042
1042
1042
1044
1042
1042
1043
1043
1044
1042
1045
1044
1044
1045
1043
1043
1045
1043
1042
1044
1041
1042
1044
1043
1045
1045
1043
1042
1041
1044
1040
1039
1040
1040
1040
1039
1038
1038
1038
1040
1039
1041
1041
1038
1037
1036
1036
1036
1036
1036
1036
1036
1037
1037
1037
1037
1039
1038
1038
1039
1041
1042
1042
1043
1043
1043
1042
1043
1043
1044
1045
1044
1046
1048
1044
1044
1045
1044
1045
1045
1045
1044
1042
1042
1041
1043
1043
1043
1043
1042
1044
1043
1044
1039
1044
1045
1045
1045
1044
1039
1038
1038
1038
1037
1039
1038
1038
1038
1039
1040
1041
1039
1040
1041
1041
1039
1037
1036
1038
1038
1042
1040
1039
1039
1039
1038
1039
1041
1037
1040
1040
1040
1039
1041
1034
1035
1035
1034
1034
1034
1031
1034
1031
1030
1031
1029
1027
1025
1025
1026
1026
1024
1024
1024
1026
1025
1027
1028
1028
1028
1028
1027
1025
1026
1026
1025
1025
1025
1032
1032
1033
1032
1032
1031
1031
1028
1029
1029
1029
1030
1029
1029
1029
1030
1029
1029
1029
1030
1029
1029
1028
1028
1029
1029
1029
1029
1028
1028
1028
1028
1027
1026
1027
1025
1024
1024
1024
1026
1027
1028
1029
1029
1027
1030
1030
1027
1029
1029
1028
1028
1029
1026
1027
1027
1030
1029
1027
1028
1031
1031
1031
1030
1035
1034
1033
1033
1033
1031
1033
1032
1026
1026
1025
1030
1029
1029
1030
1033
1029
1026
1026
1026
1027
1025
1023
1022
1022
1021
1020
1023
1023
1022
1022
1020
1026
1028
1024
1024
1026
1025
1028
1027
1024
1022
1031
1028
1030
1027
1029
1027
1030
1030
1030
1030
1030
1027
1027
1026
1026
1028
1031
1032
1032
1033
1034
1032
1032
1032
1032
1030
1032
1034
1034
1035
1034
1034
1034
1034
1038
1038
1038
1038
1038
1038
1038
1038
1035
1036
1038
1038
1035
1035
1034
1034
1033
1031
1034
1033
1032
1030
1030
1028
1032
1032
1033
1033
1032
1032
1032
1034
1033
1034
1035
1035
1039
1038
1039
1038
1039
1039
1038
1038
1039
1040
1034
1030
1032
1035
1037
1040
1042
1040
1042
1043
1044
1044
1044
1046
1045
1045
1045
1045
1045
1044
1044
1044
1044
1044
1043
1041
1040
1038
1040
1040
1039
1040
1040
1036
1039
1039
1036
1035
1037
1036
1037
1036
1037
1039
1040
1039
1039
1038
1038
1038
1038
1038
1038
1037
1039
1039
1037
1037
1038
1038
1037
1037
1035
1034
1035
1035
1035
1032
1035
1034
1034
1034
1034
1034
1033
1036
1036
1036
1038
1038
1035
1038
1035
1033
1030
1037
1040
1042
1042
1042
1042
1042
1041
1043
1042
1040
1040
1040
1040
1040
1038
1038
1038
1039
1038
1039
1040
1039
1040
1043
1044
1044
1043
1046
1045
1046
1048
1048
1046
1047
1046
1040
1040
1040
1039
1038
1036
1035
1036
1036
1036
1036
1035
1036
1036
1036
1036
1036
1036
1035
1034
1035
1035
1035
1035
1036
1037
1039
1040
1040
1040
1040
1040
1040
1040
1043
1042
1042
1042
1042
1042
1041
1041
1038
1039
1037
1037
1037
1037
1037
1037
1037
1035
1035
1034
1034
1034
1035
1035
1035
1035
1035
1036
1036
1035
1036
1036
1036
1036
1036
1036
1036
1035
1034
1033
1034
1034
1034
1034
1029
1028
1028
1028
1028
1027
1021
1026
1032
1033
1032
1031
1032
1035
1035
1036
1040
1040
1041
1040
1040
1040
1041
1040
1042
1043
1043
1042
1046
1047
1045
1045
1045
1047
1045
1045
1046
1050
1047
1046
1044
1042
1042
1043
1043
1043
1042
1041
1040
1043
1042
1044
1045
1047
1046
1050
1051
1049
1047
1047
1046
1045
1046
1046
1046
1043
1045
1045
1045
1042
1045
1045
1044
1044
1044
1042
1040
1045
1049
1050
1050
1052
1051
1050
1053
1053
1055
1055
1056
1051
1050
1051
1052
1052
1052
1051
1052
1051
1050
1053
1052
1055
1051
1044
1043
1039
1037
1037
1039
1040
1040
1038
1039
1042
1042
1041
1041
1042
1043
1044
1039
1039
1039
1038
1038
1038
1037
1037
1038
1037
1037
1037
1036
1036
1034
1036
1034
1031
1033
1032
1033
1031
1032
1031
1031
1030
1036
1035
1036
1035
1020
1013
1012
1013
1013
1013
1013
1014
1014
1013
1013
1014
1013
1015
1014
1014
1010
1010
1013
1011
1011
1020
1023
1026
1025
1024
1025
1022
1024
1024
1021
1020
1020
1019
1020
1023
1021
1020
1020
1020
1019
1020
1016
1014
1016
1016
1016
1016
1018
1018
1018
1018
1018
1018
1018
1018
1013
1011
1011
1011
1011
1011
1011
1009
1011
1013
1009
1009
1009
1012
1015
1015
1010
1009
1010
1010
1012
1014
1013
1013
1016
1016
1018
1018
1019
1018
1018
1018
1020
1018
1024
1030
1031
1031
1030
1030
1030
1031
1034
1034
1032
1030
1030
1031
1036
1032
1032
1033
1033
1031
1031
1030
1030
1034
1043
1043
1045
1046
1044
1044
1044
1044
1044
1045
1045
1045
1041
1039
1039
1036
1038
1038
1038
1038
1038
1036
1036
1036
1032
1035
1035
1030
1031
1033
1035
1035
1036
1036
1036
1029
1026
1025
1025
1026
1025
1032
1032
1032
1033
1033
1032
1032
1028
1026
1021
1026
1027
1027
1018
1018
1018
1022
1023
1023
1030
1036
1040
1041
1035
1034
1034
1035
1035
1040
1045
1044
1040
1039
1040
1052
1052
1052
1055
1056
1054
1054
1051
1052
1052
1052
1052
1052
1051
1052
1053
1053
1052
1052
1054
1051
1052
1054
1056
1056
1059
1060
1060
1064
1060
1058
1058
1058
1057
1053
1053
1053
1055
1054
1055
1055
1056
1057
1058
1056
1058
1054
1053
1052
1053
1058
1061
1065
1061
1061
1065
1068
1066
1066
1065
1062
1058
1058
1067
1068
1066
1067
1066
1066
1066
1065
1064
1065
1065
1063
1063
1063
1063
1063
1060
1058
1053
1055
1054
1050
1050
1051
1053
1059
1058
1059
1059
1059
1059
1059
1058
1058
1058
1060
1060
1058
1056
1053
1051
1051
1055
1054
1054
1051
1047
1045
1046
1047
1047
1046
1042
1044
1045
1044
1043
1043
1043
1042
1041
1042
1038
1038
1038
1036
1036
1036
1037
1036
1036
1036
1036
1037
1036
1035
1034
1034
1032
1031
1030
1030
1030
1030
1030
1030
1030
1028
1029
1029
1029
1027
1027
1028
1028
1028
1032
1032
1032
1032
1034
1035
1035
1035
1034
1034
1034
1033
1032
1034
1033
1033
1034
1032
1032
1033
1033
1031
1032
1032
1032
1031
1032
1035
1036
1036
1036
1037
1038
1035
1035
1034
1031
1029
1030
1029
1028
1030
1029
1029
1026
1026
1027
1027
1028
1030
1032
1032
1032
1032
1032
1032
1031
1033
1032
1032
1033
1033
1031
1032
1030
1030
1029
1029
1029
1033
1034
1038
1038
1038
1039
1039
1038
1036
1038
1038
1040
1041
1040
1041
1043
1042
1040
1038
1041
1041
1040
1039
1037
1036
1035
1033
1034
1036
1036
1036
1035
1033
1040
1037
1037
1032
1031
1032
1032
1031
1032
1031
1028
1027
1027
1027
1029
1025
1023
1023
1023
1021
1021
1021
1020
1020
1011
1011
1012
1013
1014
1017
1017
1017
1018
1018
1018
1018
1020
1020
1020
1022
1021
1021
1022
1025
1025
1025
1024
1023
1025
1025
1024
1024
1024
1024
1024
1021
1021
1021
1021
1022
1022
1021
1021
1024
1024
1025
1028
1028
1027
1027
1027
1028
1029
1029
1029
1029
1027
1027
1027
1026
1025
1026
1027
1027
1026
1029
1027
1029
1026
1024
1025
1022
1025
1018
1017
1016
1018
1016
1016
1025
1022
1022
1021
1021
1018
1019
1016
1022
1022
1026
1024
1030
1027
1028
1027
1024
1022
1022
1020
1015
1014
1022
1017
1015
1018
1019
1006
1006
1008
1010
1010
1000
1011
1010
1009
1010
996
991
994
990
993
990
992
993
995
995
996
992
992
992
993
993
994
989
987
985
987
988
987
987
988
986
984
982
982
981
987
993
991
994
992
990
989
990
992
992
992
992
989
989
989
986
989
989
986
987
988
984
984
984
986
986
987
986
985
987
987
982
992
992
989
989
990
988
985
982
977
973
972
973
972
972
974
977
980
980
976
976
975
976
975
972
965
962
962
962
962
964
964
964
964
964
963
964
964
964
963
965
965
965
965
965
964
964
965
963
964
964
965
965
965
965
965
965
965
963
963
965
965
965
965
963
959
960
958
956
960
961
961
972
973
973
973
972
968
968
968
965
963
962
965
967
968
968
966
966
969
969
968
965
969
965
965
963
962
962
962
962
962
959
959
959
960
961
962
959
955
954
955
955
955
955
956
955
958
958
959
959
958
960
956
959
959
955
957
955
955
950
954
952
954
948
949
946
956
948
948
945
945
946
946
945
948
949
950
962
955
951
950
952
945
945
946
952
949
954
957
959
961
955
949
951
957
954
950
958
964
966
968
970
975
975
977
978
975
977
980
979
978
974
983
985
983
978
978
975
975
974
974
973
973
974
974
975
976
976
974
974
971
975
970
970
973
974
981
979
980
980
980
980
977
975
982
981
977
973
978
978
972
972
974
971
977
977
979
980
984
986
987
990
995
990
990
991
991
992
993
995
997
997
993
992
993
990
991
993
993
990
984
983
984
982
984
984
982
984
986
987
985
985
984
984
988
987
979
980
990
983
982
980
980
980
978
974
974
973
973
973
977
976
976
976
976
974
973
972
968
968
965
964
965
964
964
963
963
964
962
962
961
963
967
966
969
966
966
968
968
966
964
964
964
964
965
965
964
964
963
963
963
962
964
962
964
964
962
961
960
959
957
956
957
956
956
957
957
956
956
954
956
957
958
956
956
955
955
955
955
955
955
950
948
949
949
949
944
944
942
942
940
940
947
944
947
947
947
945
944
945
948
942
943
947
951
954
955
955
955
955
955
955
956
957
956
956
951
954
954
954
953
953
952
953
953
953
953
953
953
953
953
953
951
953
952
952
950
949
947
950
950
952
953
954
954
955
955
955
956
956
956
956
956
958
954
955
960
962
963
959
950
950
950
950
951
949
946
946
950
952
953
952
952
952
951
952
950
949
949
949
949
950
950
952
951
953
956
959
960
963
962
961
960
960
960
954
953
962
962
962
958
956
960
962
963
962
957
957
955
955
954
954
951
950
951
949
948
949
949
949
945
945
945
948
953
953
953
953
953
954
954
954
950
949
946
946
941
941
934
936
937
934
935
936
940
944
943
942
944
944
944
944
945
946
943
945
946
946
940
946
944
943
944
944
949
948
951
950
953
950
947
941
942
939
945
936
936
936
938
937
937
939
932
930
924
925
925
927
925
929
931
929
928
929
931
930
933
936
935
931
938
941
940
936
938
938
942
943
941
944
938
938
938
933
930
927
930
936
939
937
939
939
942
936
947
949
943
942
939
935
935
923
915
916
920
908
909
909
909
911
909
910
909
910
909
905
903
900
900
905
900
898
906
906
908
908
909
908
908
909
913
915
915
907
913
914
907
907
901
900
903
904
905
899
893
912
916
917
916
919
920
920
929
925
925
925
925
926
920
917
920
925
933
930
929
922
922
918
919
916
917
909
896
896
895
895
896
896
898
900
898
899
896
898
900
902
905
905
900
902
902
904
906
906
906
909
910
902
902
905
901
905
905
904
902
902
907
906
900
895
900
904
911
912
915
905
915
921
921
926
929
929
929
931
930
929
929
932
930
937
934
936
933
930
930
930
935
934
934
929
926
926
928
928
928
927
924
930
928
927
932
929
922
923
925
926
925
929
922
921
925
926
929
934
939
941
934
938
938
936
937
937
932
930
935
935
928
928
921
925
928
925
922
933
936
938
938
930
930
929
923
941
947
947
945
945
946
954
955
957
955
956
956
956
945
959
960
963
965
962
962
964
962
966
967
974
976
974
975
973
970
973
972
972
972
971
970
971
969
969
964
963
972
974
974
975
976
977
976
976
975
976
976
978
977
982
983
983
987
986
984
982
982
980
980
983
981
986
986
985
983
982
981
976
978
976
979
982
974
976
977
977
977
979
990
990
989
993
992
993
994
994
993
993
993
993
992
993
992
991
991
990
992
991
995
985
986
985
984
981
984
973
975
975
978
978
976
972
976
976
976
980
969
968
971
973
979
982
989
988
987
986
987
983
994
995
990
989
988
993
995
1000
1000
1000
999
1000
998
1005
1006
1005
1004
1002
1002
1002
1001
1001
1008
1008
1007
1006
1005
1008
1010
1010
1010
1010
1011
1009
1013
1011
1014
1014
1016
1013
1019
1015
1019
1014
1019
1016
1016
1010
1010
1011
1007
1010
1008
1011
1013
1012
1013
1014
1014
1017
1019
1019
1017
1016
1016
1017
1014
1015
1015
1011
1009
1009
1009
1006
1007
1005
1007
1010
1010
1010
1007
1009
1009
1010
1010
1010
1010
1010
1013
1013
1015
1016
1016
1013
1011
1010
1007
1007
1007
1008
1010
1011
1011
1012
1013
995
994
992
995
1006
1003
999
1005
1005
1010
1009
1008
1010
1016
1017
1016
1016
1016
1018
1017
1016
1016
1016
1016
1016
1016
1016
1016
1014
1016
1016
1016
1016
1014
1016
1015
1013
1015
1014
1014
1014
1013
1012
1012
1011
1015
1017
1018
1019
1020
1024
1018
1016
1019
1017
1016
1024
1026
1028
1030
1032
1030
1031
1029
1030
1029
1030
1029
1028
1029
1029
1027
1027
1028
1028
1028
1027
1029
1029
1027
1026
1026
1026
1026
1026
1022
1023
1029
1031
1032
1031
1031
1032
1030
1030
1030
1029
1026
1025
1025
1026
1028
1026
1028
1029
1029
1030
1028
1037
1037
1037
1036
1036
1036
1036
1037
1038
1040
1040
1040
1039
1041
1042
1042
1040
1039
1038
1039
1039
1039
1037
1039
1039
1038
1040
1040
1037
1035
1037
1037
1036
1036
1034
1034
1035
1037
1037
1037
1035
1035
1035
1033
1035
1035
1039
1039
1039
1041
1041
1041
1041
1041
1041
1039
1037
1037
1035
1039
1038
1035
1036
1034
1041
1044
1044
1044
1044
1044
1044
1043
1044
1044
1045
1044
1044
1043
1043
1044
1045
1045
1044
1043
1043
1045
1045
1045
1048
1048
1046
1046
1045
1048
1049
1049
1047
1047
1045
1043
1043
1043
1046
1049
1050
1049
1048
1048
1050
1049
1048
1050
1047
1048
1046
1048
1048
1047
1046
1046
1046
1046
1048
1048
1048
1050
1052
1050
1050
1051
1042
1044
1040
1046
1048
1052
1052
1052
1052
1052
1053
1050
1044
1035
1034
1030
1028
1032
1031
1031
1031
1031
1030
1031
1031
1034
1034
1033
1034
1034
1034
1032
1034
1034
1035
1034
1034
1034
1034
1031
1031
1034
1039
1038
1039
1038
1038
1036
1034
1030
1030
1032
1030
1032
1032
1034
1038
1038
1036
1036
1038
1039
1038
1037
1036
1037
1036
1028
1029
1024
1028
1017
1015
1014
1017
1018
1018
1018
1018
1018
1015
1014
1014
1019
1018
1017
1021
1019
1020
1019
1022
1023
1024
1025
1025
1028
1030
1031
1031
1031
1033
1032
1033
1035
1035
1035
1034
1034
1035
1035
1033
1034
1034
1030
1030
1028
1028
1027
1027
1027
1028
1028
1028
1028
1033
1032
1034
1034
1034
1030
1029
1025
1025
1025
1025
1025
1024
1024
1024
1025
1031
1030
1030
1030
1033
1034
1032
1033
1040
1040
1041
1041
1038
1038
1038
1038
1038
1037
1036
1037
1038
1032
1035
1039
1038
1038
1035
1035
1035
1033
1029
1024
1018
1017
1016
1015
1016
1015
1015
1017
1015
1012
1011
1012
1019
1017
1015
1014
1014
1017
1013
1013
1013
1010
1009
1009
1006
1004
1003
1005
1003
1007
1004
1004
1009
1004
1004
1012
1011
1014
1016
1014
1024
1023
1014
1014
1016
1000
1000
1001
999
993
997
1000
1000
1007
1005
1002
1000
1000
991
993
996
1006
1008
1008
1014
1015
1016
1015
1016
1016
1015
1015
1016
1017
1018
1014
1023
1023
1023
1025
1022
1023
1028
1027
1029
1030
1030
1030
1030
1030
1027
1027
1027
1027
1027
1024
1023
1023
1014
1014
1018
1017
1018
1009
1009
1011
1012
1018
1016
1012
1011
1024
1024
1023
1024
1020
1024
1015
1015
1019
1021
1018
1013
1010
1004
1018
1019
1023
1031
1026
1048
1050
1048
1056
1058
1057
1057
1059
1060
1057
1054
1054
1057
1058
1061
1062
1061
1066
1068
1066
1068
1068
1068
1070
1070
1072
1072
1070
1071
1074
1074
1071
1070
1075
1081
1082
1075
1075
1072
1066
1066
1066
1064
1058
1061
1060
1060
1064
1066
1067
1062
1059
1055
1057
1050
1050
1054
1054
1051
1058
1060
1056
1052
1055
1054
1052
1060
1060
1069
1070
1070
1073
1063
1061
1059
1060
1060
1063
1050
1060
1060
1056
1066
1069
1069
1081
1085
1086
1086
1088
1090
1092
1092
1092
1092
1092
1092
1092
1097
1097
1097
1098
1097
1097
1097
1096
1096
1098
1096
1096
1099
1099
1099
1099
1099
1098
1097
1099
1099
1098
1098
1098
1098
1099
1097
1097
1097
1095
1095
1095
1094
1094
1091
1090
1090
1089
1089
1089
1094
1094
1094
1094
1094
1094
1094
1092
1092
1089
1092
1095
1093
1097
1098
1100
1100
1099
1099
1099
1099
1100
1100
1102
1102
1106
1104
1105
1105
1103
1103
1103
1097
1099
1109
1109
1109
1106
1105
1107
1106
1110
1111
1111
1112
1113
1113
1112
1112
1110
1106
1106
1107
1110
1110
1110
1112
1112
1112
1114
1116
1114
1112
1112
1117
1117
1117
1117
1117
1117
1114
1115
1115
1110
1112
1111
1110
1108
1108
1108
1105
1103
1103
1100
1097
1097
1098
1098
1105
1104
1103
1103
1100
1093
1091
1100
1096
1094
1103
1104
1115
1116
1114
1115
1113
1111
1111
1107
1105
1107
1105
1105
1107
1107
1105
1103
1108
1108
1108
1108
1108
1108
1107
1107
1107
1108
1107
1109
1109
1109
1109
1109
1110
1112
1114
1114
1111
1116
1116
1116
1115
1113
1109
1110
1109
1108
1107
1107
1107
1105
1095
1094
1094
1094
1094
1093
1091
1093
1093
1092
1091
1090
1090
1089
1088
1089
1088
1090
1090
1089
1090
1090
1090
1091
1090
1092
1091
1092
1091
1091
1091
1091
1088
1087
1087
1086
1086
1088
1089
1094
1089
1089
1087
1090
1084
1084
1085
1085
1085
1085
1089
1089
1090
1089
1089
1091
1091
1090
1090
1088
1088
1088
1091
1091
1089
1088
1090
1090
1092
1094
1094
1092
1092
1092
1090
1090
1090
1090
1085
1084
1080
1080
1077
1075
1075
1075
1075
1074
1073
1071
1071
1072
1070
1072
1069
1069
1068
1071
1072
1074
1075
1073
1073
1073
1074
1074
1076
1073
1073
1073
1072
1072
1075
1075
1075
1075
1074
1076
1076
1078
1079
1077
1078
1079
1081
1080
1078
1078
1078
1078
1077
1080
1080
1080
1078
1080
1074
1074
1075
1075
1073
1073
1073
1081
1081
1081
1081
1082
1081
1083
1083
1083
1082
1082
1080
1079
1078
1075
1073
1070
1070
1073
1074
1077
1077
1077
1077
1076
1076
1072
1078
1078
1075
1072
1072
1076
1079
1079
1079
1075
1074
1070
1070
1064
1062
1061
1061
1061
1064
1061
1060
1061
1063
1063
1061
1061
1061
1061
1060
1060
1055
1055
1055
1055
1053
1055
1052
1051
1050
1050
1050
1049
1050
1046
1049
1048
1049
1049
1049
1049
1048
1048
1048
1048
1048
1045
1045
1049
1049
1049
1048
1049
1049
1049
1049
1049
1049
1049
1049
1048
1049
1045
1045
1045
1045
1043
1042
1042
1038
1033
1031
1033
1033
1033
1035
1038
1035
1036
1039
1041
1040
1040
1040
1039
1040
1039
1041
1041
1040
1040
1041
1041
1041
1042
1042
1041
1038
1040
1038
1031
1030
1031
1030
1030
1028
1025
1025
1028
1025
1027
1032
1032
1032
1031
1032
1035
1030
1027
1025
1031
1034
1036
1037
1043
1043
1042
1043
1043
1044
1042
1042
1044
1043
1044
1045
1040
1046
1043
1045
1046
1050
1050
1049
1047
1048
1046
1043
1041
1041
1044
1042
1042
1042
1042
1050
1050
1046
1044
1045
1044
1045
1044
1045
1044
1043
1043
1043
1043
1043
1045
1044
1044
1044
1043
1043
1046
1046
1045
1045
1045
1044
1044
1043
1043
1043
1043
1041
1038
1038
1039
1039
1038
1040
1043
1044
1045
1046
1048
1048
1047
1048
1048
1046
1047
1046
1048
1046
1047
1048
1050
1051
1052
1052
1052
1049
1049
1049
1046
1044
1045
1043
1044
1045
1047
1048
1047
1046
1041
1041
1041
1039
1040
1040
1037
1038
1038
1040
1040
1037
1040
1040
1040
1036
1034
1034
1033
1032
1032
1031
1030
1030
1030
1030
1033
1032
1026
1026
1022
1021
1018
1021
1018
1019
1018
1015
1012
1012
1012
1010
1010
1016
1016
1016
1015
1016
1012
1025
1023
1023
1026
1023
1020
1020
1016
1016
1016
1015
1015
1013
1016
1016
1014
1014
1016
1019
1019
1015
1014
1018
1012
1012
1015
1025
1026
1026
1026
1026
1030
1033
1033
1033
1033
1033
1033
1033
1033
1034
1033
1033
1032
1033
1032
1032
1032
1032
1031
1031
1034
1033
1033
1033
1034
1034
1034
1035
1035
1034
1035
1035
1034
1035
1035
1035
1035
1034
1036
1037
1037
1038
1039
1040
1035
1035
1035
1034
1032
1032
1031
1030
1034
1034
1034
1034
1035
1034
1032
1031
1028
1025
1024
1023
1023
1022
1023
1023
1029
1029
1027
1027
1029
1026
1026
1024
1022
1020
1020
1018
1020
1019
1019
1017
1017
1012
1011
1012
1012
1013
1017
1017
1018
1024
1018
1020
1020
1017
1014
1011
1017
1020
1024
1025
1018
1023
1027
1030
1029
1027
1033
1036
1033
1026
1026
1028
1028
1028
1028
1024
1024
1026
1034
1037
1033
1034
1037
1035
1039
1036
1039
1036
1041
1036
1036
1044
1049
1051
1054
1054
1051
1051
1051
1055
1049
1049
1045
1045
1043
1043
1047
1045
1043
1045
1054
1053
1060
1056
1061
1057
1054
1054
1049
1048
1048
1048
1044
1043
1044
1044
1044
1044
1044
1045
1044
1038
1034
1030
1035
1029
1029
1027
1030
1030
1032
1037
1040
1037
1040
1040
1043
1037
1031
1031
1042
1046
1044
1036
1030
1019
1017
1018
1017
1017
1009
1007
998
998
998
998
997
998
998
994
992
993
991
994
991
992
994
994
994
995
988
991
993
989
988
987
986
988
988
991
993
993
993
986
986
987
989
988
989
993
996
996
995
994
994
994
994
996
996
996
994
994
996
996
998
998
999
997
997
999
997
1000
1000
996
993
989
989
991
991
993
993
994
994
992
991
993
992
990
990
990
990
990
989
989
986
989
990
980
979
975
978
974
976
978
977
980
977
977
991
998
1000
1000
1000
1000
1003
1000
1002
999
999
1002
1000
1005
1007
1008
1008
1008
1007
1007
1007
1007
1007
1005
1002
1000
1001
1000
999
997
1000
1000
1000
1000
1000
998
996
998
998
998
998
998
1000
1000
1000
1000
1002
1000
1003
1002
1006
1005
1003
1003
1001
999
999
998
1001
1001
1000
1001
999
987
987
981
981
990
990
990
987
983
983
986
1002
1002
1002
1003
1003
1003
1002
1003
1005
1005
1006
1006
1006
1003
1006
1007
1010
1009
1010
1009
1009
1008
1009
1008
1005
1005
1005
1003
998
995
995
997
999
1000
993
997
994
991
995
994
996
992
990
990
991
985
980
974
974
975
976
984
985
982
971
968
970
965
955
958
961
957
950
948
950
955
955
953
951
952
952
954
952
963
974
979
980
981
981
980
973
972
958
969
965
965
970
955
946
959
958
957
960
959
960
964
964
960
970
970
970
970
981
980
984
981
985
989
987
985
988
986
984
990
991
987
984
983
980
976
981
987
986
990
989
996
997
997
998
996
1003
1007
1007
1004
1003
1003
1005
1002
996
992
995
999
986
985
986
985
984
978
979
985
992
987
985
986
972
970
970
960
969
974
955
955
960
961
963
968
971
1004
994
999
1006
994
995
1004
1001
992
994
1012
1011
1021
1008
1007
1007
1008
1008
1003
1005
1010
1002
1000
1007
1050
1053
1049
1043
1041
1045
1045
1047
1039
1031
1065
1062
1059
1058
1072
1071
1070
1068
1065
1072
1070
1083
1083
1089
1089
1088
1085
1086
1086
1086
1089
1083
1083
1085
1087
1091
1086
1090
1085
1088
1090
1095
1095
1097
1096
1095
1098
1095
1086
1082
1081
1070
1067
1066
1065
1070
1073
1073
1071
1072
1071
1071
1071
1071
1071
1072
1072
1072
1073
1066
1070
1071
1075
1075
1071
1075
1075
1072
1071
1071
1071
1075
1075
1070
1075
1075
1075
1072
1075
1075
1075
1075
1075
1072
1075
1075
1071
1070
1070
1068
1068
1066
1066
1067
1072
1070
1075
1078
1071
1071
1064
1063
1064
1060
1071
1077
1077
1070
1070
1070
1070
1080
1080
1071
1076
1075
1073
1068
1063
1067
1068
1060
1063
1063
1064
1065
1060
1066
1067
1067
1063
1065
1063
1069
1069
1066
1070
1063
1062
1056
1070
1073
1073
1075
1076
1078
1085
1086
1088
1081
1081
1086
1095
1092
1092
1091
1094
1091
1090
1088
1085
1087
1084
1087
1092
1094
1092
1089
1087
1084
1085
1085
1085
1080
1075
1068
1066
1070
1070
1083
1086
1087
1090
1091
1091
1091
1090
1087
1085
1090
1090
1097
1088
1089
1087
1090
1098
1095
1077
1077
1075
1075
1089
1094
1085
1086
1089
1109
1111
1106
1100
1100
1100
1097
1094
1083
1085
1096
1088
1080
1090
1111
1110
1116
1113
1118
1119
1120
1116
1116
1118
1118
1118
1128
1130
1130
1130
1130
1130
1126
1126
1125
1125
1127
1118
1118
1115
1116
1120
1122
1119
1130
1127
1124
1132
1140
1140
1140
1141
1141
1144
1144
1145
1150
1148
1152
1153
1155
1156
1156
1156
1160
1160
1160
1160
1160
1160
1160
1159
1162
1159
1164
1158
1158
1159
1159
1157
1157
1165
1165
1165
1162
1162
1162
1162
1165
1165
1165
1165
1165
1165
1162
1163
1165
1163
1160
1155
1156
1155
1155
1155
1154
1144
1144
1147
1147
1147
1147
1148
1145
1145
1148
1150
1150
1154
1154
1155
1154
1155
1149
1144
1142
1143
1144
1140
1140
1140
1140
1149
1152
1151
1149
1149
1149
1144
1143
1140
1132
1130
1126
1132
1131
1125
1126
1124
1123
1120
1126
1124
1123
1120
1113
1117
1114
1116
1116
1115
1119
1117
1117
1120
1110
1108
1109
1100
1097
1105
1118
1117
1118
1119
1107
1126
1125
1125
1132
1135
1133
1110
1107
1107
1107
1107
1107
1112
1114
1111
1113
1118
1120
1121
1121
1106
1105
1106
1100
1104
1106
1103
1080
1102
1106
1113
1121
1124
1123
1121
1124
1128
1137
1138
1139
1135
1139
1139
1132
1131
1128
1127
1126
1130
1130
1125
1127
1131
1141
1119
1115
1111
1111
1122
1125
1124
1124
1123
1110
1106
1111
1115
1126
1124
1133
1136
1140
1140
1140
1139
1137
1142
1147
1138
1152
1155
1153
1153
1156
1161
1160
1162
1162
1162
1162
1159
1159
1162
1162
1162
1164
1169
1166
1163
1163
1163
1167
1167
1169
1164
1165
1162
1158
1157
1157
1152
1151
1164
1163
1165
1165
1165
1165
1171
1180
1180
1180
1178
1177
1183
1185
1183
1185
1185
1181
1176
1176
1175
1173
1172
1175
1173
1176
1175
1176
1179
1187
1172
1167
1170
1164
1156
1170
1170
1145
1136
1131
1136
1139
1141
1141
1141
1136
1144
1157
1155
1158
1168
1149
1166
1172
1191
1193
1187
1187
1187
1182
1181
1186
1191
1187
1184
1180
1186
1191
1200
1190
1194
1216
1215
1217
1217
1217
1219
1219
1218
1219
1219
1219
1219
1219
1218
1218
1218
1219
1219
1220
1219
1219
1219
1219
1219
1219
1219
1218
1218
1217
1215
1215
1217
1217
1218
1217
1217
1218
1217
1219
1219
1219
1216
1218
1220
1218
1218
1218
1215
1218
1215
1216
1214
1220
1218
1223
1224
1224
1221
1220
1220
1222
1222
1219
1219
1218
1218
1216
1216
1220
1218
1219
1222
1218
1218
1217
1213
1216
1225
1227
1227
1229
1231
1231
1232
1231
1230
1229
1227
1227
1230
1227
1227
1229
1232
1233
1234
1234
1234
1234
1230
1232
1229
1229
1228
1229
1227
1227
1227
1227
1230
1222
1226
1220
1224
1227
1224
1221
1221
1227
1225
1226
1230
1230
1228
1232
1232
1232
1228
1228
1232
1234
1233
1234
1236
1237
1237
1237
1239
1241
1241
1241
1237
1237
1237
1237
1239
1239
1237
1239
1238
1240
1237
1239
1240
1240
1240
1238
1236
1232
1232
1236
1236
1237
1233
1228
1232
1231
1231
1227
1226
1230
1238
1246
1246
1244
1244
1244
1244
1246
1248
1248
1248
1245
1246
1246
1244
1244
1244
1245
1247
1249
1249
1249
1247
1249
1249
1249
1248
1249
1250
1251
1250
1250
1250
1249
1249
1250
1250
1250
1250
1249
1250
1251
1250
1250
1250
1251
1252
1252
1252
1255
1255
1255
1255
1255
1255
1255
1254
1254
1254
1254
1254
1254
1254
1254
1254
1257
1258
1258
1258
1258
1258
1258
1258
1258
1258
1256
1257
1256
1259
1259
1259
1258
1258
1259
1260
1259
1259
1259
1258
1257
1257
1257
1257
1259
1259
1258
1254
1255
1254
1256
1254
1255
1255
1254
1254
1254
1254
1254
1252
1251
1254
1251
1254
1251
1253
1251
1254
1253
1251
1254
1252
1254
1251
1251
1252
1252
1251
1251
1250
1249
1249
1249
1249
1250
1250
1250
1250
1249
1250
1251
1248
1249
1248
1248
1249
1250
1249
1248
1248
1248
1248
1249
1249
1250
1250
1252
1252
1250
1249
1250
1250
1251
1251
1251
1251
1250
1249
1251
1252
1250
1250
1249
1249
1249
1248
1248
1248
1247
1247
1250
1252
1252
1252
1251
1256
1256
1255
1256
1256
1256
1255
1255
1255
1255
1255
1254
1254
1253
1254
1255
1255
1253
1256
1255
1256
1256
1256
1256
1255
1255
1253
1253
1254
1255
1256
1254
1254
1252
1252
1253
1254
1254
1254
1254
1255
1255
1256
1257
1256
1257
1258
1257
1258
1257
1256
1255
1258
1259
1256
1256
1256
1259
1256
1256
1256
1256
1253
1253
1253
1255
1253
1251
1249
1251
1251
1251
1252
1253
1253
1251
1250
1251
1251
1252
1249
1250
1251
1251
1251
1250
1249
1249
1251
1252
1252
1253
1254
1254
1254
1253
1253
1253
1253
1253
1253
1251
1255
1254
1255
1254
1255
1255
1255
1253
1254
1254
1254
1254
1254
1254
1255
1255
1255
1252
1252
1253
1253
1252
1252
1252
1253
1254
1254
1254
1253
1252
1250
1250
1248
1248
1247
1247
1248
1246
1246
1245
1244
1245
1244
1242
1242
1244
1245
1245
1246
1246
1246
1248
1247
1247
1247
1247
1246
1245
1245
1245
1246
1246
1246
1245
1245
1245
1246
1246
1248
1248
1248
1248
1248
1248
1248
1248
1247
1247
1247
1247
1249
1249
1250
1250
1249
1249
1250
1250
1250
1249
1248
1249
1249
1250
1250
1248
1248
1250
1250
1250
1250
1248
1248
1247
1247
1247
1248
1247
1247
1246
1246
1246
1246
1246
1247
1247
1248
1248
1247
1247
1247
1247
1247
1245
1247
1247
1247
1246
1247
1247
1247
1247
1247
1247
1247
1247
1248
1246
1246
1246
1246
1246
1245
1245
1244
1245
1244
1245
1244
1242
1246
1246
1247
1247
1248
1249
1250
1250
1250
1250
1250
1250
1250
1250
1250
1250
1251
1250
1251
1251
1251
1251
1251
1251
1250
1251
1252
1250
1250
1250
1249
1249
1250
1250
1250
1250
1250
1249
1248
1249
1244
1245
1246
1246
1246
1247
1248
1254
1254
1255
1255
1256
1254
1254
1255
1254
1255
1254
1255
1254
1254
1255
1254
1255
1254
1255
1255
1254
1254
1254
1254
1255
1255
1255
1254
1254
1255
1255
1255
1254
1254
1253
1253
1253
1253
1253
1248
1248
1248
1247
1250
1251
1252
1252
1252
1254
1254
1256
1256
1256
1258
1258
1258
1258
1257
1253
1253
1258
1258
1251
1251
1249
1248
1249
1249
1249
1247
1248
1248
1248
1247
1247
1246
1247
1247
1245
1243
1245
1243
1243
1243
1245
1244
1244
1245
1244
1244
1244
1244
1243
1243
1243
1243
1243
1242
1244
1242
1238
1239
1239
1238
1239
1238
1240
1239
1240
1240
1240
1237
1237
1237
1238
1237
1237
1238
1236
1238
1238
1238
1237
1238
1238
1237
1238
1236
1237
1237
1237
1237
1238
1239
1237
1237
1239
1237
1235
1236
1236
1234
1234
1234
1230
1230
1230
1229
1228
1228
1229
1228
1228
1226
1226
1228
1228
1228
1228
1228
1228
1229
1228
1228
1229
1230
1230
1232
1235
1236
1235
1235
1235
1235
1235
1235
1235
1235
1235
1235
1235
1235
1236
1236
1236
1236
1237
1237
1237
1238
1238
1240
1240
1241
1241
1241
1241
1240
1241
1241
1241
1240
1240
1241
1241
1241
1241
1241
1241
1241
1241
1241
1241
1240
1240
1240
1240
1241
1241
1240
1241
1242
1242
1242
1242
1242
1241
1241
1241
1240
1240
1239
1239
1239
1244
1238
1237
1237
1238
1240
1242
1242
1243
1241
1241
1241
1241
1242
1241
1242
1245
1244
1244
1243
1243
1242
1242
1242
1241
1240
1240
1240
1242
1242
1241
1241
1241
1241
1240
1241
1240
1239
1240
1240
1240
1247
1248
1245
1247
1247
1244
1244
1245
1244
1244
1243
1243
1242
1241
1242
1242
1240
1242
1239
1240
1239
1241
1241
1241
1241
1240
1240
1240
1240
1240
1240
1240
1240
1240
1240
1237
1237
1237
1240
1237
1237
1237
1240
1240
1238
1237
1237
1237
1238
1241
1241
1235
1235
1239
1238
1237
1238
1236
1239
1236
1235
1236
1238
1238
1237
1238
1237
1237
1237
1237
1237
1237
1237
1237
1238
1237
1238
1238
1242
1238
1238
1238
1239
1239
1237
1236
1236
1236
1236
1237
1236
1237
1237
1239
1237
1237
1240
1240
1240
1238
1235
1234
1235
1233
1229
1230
1230
1230
1227
1226
1229
1228
1228
1229
1229
1229
1229
1229
1234
1235
1234
1234
1234
1238
1238
1236
1235
1238
1238
1236
1236
1237
1237
1245
1248
1246
1244
1246
1246
1244
1244
1243
1242
1248
1249
1249
1248
1244
1245
1244
1242
1241
1241
1240
1240
1240
1240
1238
1236
1235
1235
1232
1234
1232
1232
1233
1234
1234
1232
1232
1232
1234
1233
1231
1232
1233
1232
1232
1232
1232
1233
1227
1227
1223
1231
1230
1232
1232
1230
1231
1232
1232
1230
1232
1229
1232
1229
1232
1231
1231
1231
1232
1230
1230
1229
1225
1220
1223
1223
1220
1223
1220
1219
1220
1222
1222
1223
1223
1224
1225
1224
1222
1225
1226
1226
1226
1225
1228
1228
1225
1225
1220
1222
1224
1228
1228
1227
1227
1228
1228
1229
1229
1229
1233
1234
1236
1237
1237
1236
1237
1238
1237
1237
1239
1240
1241
1243
1241
1240
1235
1235
1234
1234
1234
1235
1234
1234
1234
1234
1234
1233
1233
1232
1230
1228
1223
1223
1225
1224
1225
1225
1226
1225
1225
1225
1225
1225
1226
1227
1228
1224
1224
1224
1225
1228
1227
1227
1227
1228
1228
1226
1225
1226
1224
1225
1225
1225
1225
1225
1226
1226
1226
1226
1226
1226
1227
1226
1228
1228
1228
1229
1230
1232
1232
1230
1231
1230
1231
1232
1231
1227
1228
1227
1229
1229
1228
1232
1232
1222
1222
1222
1222
1220
1219
1220
1220
1221
1222
1222
1219
1216
1226
1226
1229
1233
1232
1232
1240
1240
1240
1238
1237
1237
1236
1235
1234
1236
1238
1237
1237
1236
1236
1225
1224
1222
1220
1222
1223
1224
1226
1226
1225
1225
1224
1226
1219
1216
1216
1217
1221
1221
1221
1220
1222
1221
1222
1223
1223
1224
1225
1224
1223
1223
1231
1234
1231
1229
1229
1228
1224
1225
1218
1211
1213
1213
1215
1214
1217
1221
1220
1220
1219
1215
1215
1212
1204
1201
1202
1201
1201
1202
1204
1204
1209
1209
1209
1197
1195
1197
1198
1195
1188
1191
1192
1192
1181
1179
1179
1177
1176
1176
1176
1176
1176
1176
1176
1176
1175
1176
1173
1174
1174
1176
1175
1175
1176
1176
1174
1174
1171
1171
1174
1174
1175
1175
1175
1175
1175
1174
1174
1174
1175
1176
1176
1177
1177
1178
1178
1179
1179
1179
1179
1179
1179
1179
1179
1178
1177
1177
1177
1177
1177
1176
1177
1177
1176
1175
1175
1177
1177
1177
1177
1177
1177
1177
1177
1177
1177
1177
1177
1178
1178
1178
1178
1177
1178
1177
1177
1179
1179
1179
1179
1180
1180
1180
1180
1180
1180
1180
1181
1181
1181
1182
1182
1182
1180
1182
1181
1182
1182
1182
1182
1179
1179
1179
1178
1177
1178
1179
1179
1178
1179
1179
1178
1178
1179
1179
1179
1180
1178
1181
1180
1180
1185
1184
1185
1184
1184
1185
1186
1186
1186
1185
1186
1187
1189
1186
1186
1188
1187
1183
1183
1182
1182
1180
1180
1175
1175
1176
1178
1177
1177
1177
1177
1179
1177
1177
1177
1177
1177
1178
1177
1173
1173
1175
1174
1172
1172
1172
1172
1174
1177
1179
1179
1174
1174
1174
1170
1170
1170
1169
1169
1169
1170
1164
1166
1166
1167
1166
1165
1161
1166
1166
1168
1166
1166
1163
1166
1167
1171
1170
1170
1171
1171
1175
1175
1175
1168
1167
1166
1166
1167
1168
1171
1163
1165
1164
1177
1178
1178
1177
1180
1179
1179
1178
1179
1181
1181
1183
1181
1181
1178
1177
1177
1174
1174
1173
1173
1173
1174
1174
1175
1176
1178
1178
1178
1179
1178
1177
1177
1178
1180
1181
1183
1182
1181
1182
1182
1182
1182
1182
1181
1183
1183
1183
1183
1186
1186
1186
1185
1185
1183
1183
1182
1184
1180
1182
1184
1181
1181
1181
1185
1185
1180
1179
1179
1180
1180
1178
1177
1183
1187
1189
1187
1188
1189
1190
1186
1188
1183
1183
1188
1189
1192
1194
1196
1196
1194
1192
1192
1194
1193
1191
1189
1187
1189
1185
1187
1187
1185
1185
1185
1186
1185
1186
1186
1184
1183
1183
1187
1187
1185
1184
1178
1176
1177
1180
1182
1185
1185
1186
1185
1188
1188
1183
1187
1185
1185
1184
1186
1182
1182
1184
1185
1178
1180
1176
1172
1173
1177
1179
1185
1187
1184
1193
1189
1189
1183
1181
1194
1197
1195
1188
1186
1185
1183
1181
1180
1180
1180
1179
1179
1180
1179
1178
1179
1178
1180
1174
1174
1171
1164
1165
1162
1160
1158
1150
1150
1150
1150
1148
1149
1147
1147
1148
1148
1148
1148
1148
1146
1147
1147
1142
1140
1143
1141
1145
1146
1146
1146
1146
1144
1144
1144
1144
1143
1142
1142
1142
1140
1139
1139
1140
1141
1139
1142
1139
1138
1130
1131
1131
1133
1136
1140
1140
1140
1140
1141
1139
1139
1138
1138
1141
1139
1140
1139
1139
1139
1138
1140
1129
1128
1119
1120
1120
1123
1125
1125
1125
1121
1129
1117
1114
1111
1112
1096
1094
1097
1099
1099
1100
1091
1085
1084
1074
1075
1072
1089
1087
1091
1087
1095
1095
1095
1093
1110
1104
1106
1108
1103
1099
1106
1120
1078
1079
1084
1081
1075
1077
1117
1130
1090
1043
1151
1282
1285
1285
1290
1284
1282
1280
1281
1275
1273
1271
1271
1270
1270
1270
1270
1270
1267
1270
1265
1265
1265
1262
1265
1256
1257
1265
1268
1257
1254
1253
1250
1247
1249
1248
1248
1244
1242
1243
1241
1244
1244
1243
1251
1252
1252
1252
1252
1252
1252
1255
1255
1255
1250
1248
1247
1248
1248
1247
1247
1250
1253
1255
1256
1253
1238
1238
1240
1239
1239
1239
1238
1238
1241
1239
1241
1241
1242
1241
1239
1242
1241
1241
1228
1228
1237
1235
1253
1254
1259
1256
1256
1259
1270
1268
1270
1262
1258
1260
1262
1246
1230
1232
1264
1266
1310
1330
1303
1282
1241
1215
1204
1204
1205
1203
1201
1200
1197
1198
1201
1201
1202
1203
1204
1203
1194
1194
1198
1200
1203
1203
1204
1205
1201
1202
1201
1198
1200
1199
1200
1197
1196
1195
1193
1194
1196
1194
1195
1195
1195
1195
1192
1194
1193
1192
1193
1193
1194
1192
1192
1194
1190
1190
1190
1189
1187
1187
1187
1188
1191
1191
1191
1192
1192
1192
1193
1193
1192
1192
1190
1189
1186
1186
1186
1186
1186
1189
1186
1184
1179
1177
1173
1173
1183
1181
1181
1185
1185
1187
1188
1188
1188
1188
1191
1193
1192
1193
1194
1194
1196
1196
1196
1196
1196
1196
1196
1197
1198
1198
1198
1198
1198
1198
1198
1198
1198
1199
1199
1199
1198
1198
1199
1199
1199
1199
1199
1198
1199
1199
1199
1203
1201
1201
1201
1202
1202
1205
1202
1199
1199
1199
1199
1199
1201
1200
1202
1202
1202
1202
1200
1200
1200
1200
1200
1200
1198
1200
1199
1200
1199
1200
1200
1200
1199
1200
1200
1200
1203
1201
1201
1203
1203
1203
1203
1203
1200
1200
1200
1200
1199
1200
1203
1203
1204
1203
1202
1202
1202
1199
1199
1191
1191
1192
1189
1190
1190
1190
1189
1189
1189
1190
1189
1190
1190
1190
1190
1190
1190
1189
1188
1188
1186
1187
1191
1192
1192
1195
1195
1195
1195
1195
1195
1194
1195
1194
1197
1199
1198
1198
1198
1199
1200
1200
1199
1201
1200
1199
1199
1199
1199
1199
1199
1201
1200
1201
1199
1199
1197
1198
1198
1194
1196
1195
1196
1196
1199
1200
1201
1202
1202
1201
1202
1201
1200
1199
1200
1199
1200
1203
1200
1199
1200
1199
1201
1201
1201
1201
1195
1192
1199
1201
1202
1204
1204
1204
1203
1202
1201
1201
1202
1206
1206
1206
1207
1207
1204
1205
1202
1203
1203
1203
1191
1192
1190
1192
1193
1193
1192
1192
1189
1190
1185
1185
1182
1182
1180
1180
1180
1180
1179
1183
1182
1182
1181
1181
1183
1182
1183
1182
1178
1178
1178
1178
1177
1175
1177
1176
1180
1173
1173
1174
1177
1177
1182
1185
1184
1184
1186
1184
1183
1183
1182
1181
1181
1181
1177
1177
1177
1178
1176
1176
1175
1176
1172
1169
1168
1167
1166
1166
1166
1166
1167
1160
1159
1160
1160
1163
1161
1172
1173
1173
1173
1174
1174
1175
1177
1176
1176
1176
1174
1177
1178
1178
1182
1180
1181
1180
1176
1177
1179
1182
1185
1189
1185
1184
1184
1184
1183
1183
1183
1180
1178
1175
1177
1175
1175
1173
1174
1174
1171
1171
1172
1174
1171
1173
1174
1170
1171
1174
1172
1175
1168
1167
1165
1166
1164
1156
1153
1153
1156
1154
1148
1148
1146
1146
1146
1145
1145
1145
1146
1149
1150
1150
1152
1152
1155
1155
1157
1156
1153
1151
1153
1152
1153
1153
1153
1152
1154
1162
1160
1161
1161
1161
1160
1159
1159
1158
1158
1161
1148
1153
1152
1151
1148
1147
1147
1146
1146
1145
1145
1145
1143
1144
1144
1143
1143
1144
1143
1141
1141
1141
1137
1136
1135
1135
1151
1155
1152
1153
1152
1149
1150
1155
1156
1150
1150
1151
1152
1163
1166
1168
1165
1165
1156
1158
1156
1157
1158
1155
1154
1151
1160
1160
1160
1161
1159
1159
1164
1163
1170
1168
1163
1165
1165
1168
1160
1164
1160
1161
1162
1169
1169
1176
1177
1173
1162
1163
1163
1169
1171
1178
1178
1184
1184
1184
1184
1185
1186
1186
1185
1185
1183
1186
1187
1190
1191
1192
1190
1192
1191
1190
1189
1188
1189
1185
1185
1186
1187
1189
1195
1194
1194
1194
1194
1195
1194
1194
1197
1196
1195
1194
1190
1190
1187
1187
1187
1184
1180
1186
1186
1186
1188
1187
1185
1183
1182
1182
1180
1178
1182
1185
1192
1192
1190
1194
1198
1203
1202
1204
1204
1203
1204
1201
1202
1203
1200
1201
1201
1210
1212
1212
1212
1208
1205
1206
1204
1201
1201
1201
1203
1207
1213
1213
1212
1212
1210
1208
1208
1206
1206
1206
1208
1208
1208
1211
1214
1217
1217
1216
1214
1210
1211
1211
1211
1215
1216
1215
1215
1218
1219
1220
1220
1228
1225
1218
1219
1213
1212
1212
1212
1209
1210
1207
1207
1206
1207
1207
1204
1206
1205
1202
1206
1208
1208
1208
1208
1205
1204
1202
1208
1204
1207
1200
1178
1177
1186
1185
1185
1182
1172
1178
1178
1178
1180
1183
1183
1180
1185
1186
1184
1187
1189
1195
1194
1196
1196
1198
1191
1192
1199
1201
1194
1195
1193
1188
1187
1181
1192
1200
1201
1205
1198
1209
1209
1209
1209
1208
1213
1213
1216
1214
1191
1193
1212
1211
1222
1222
1222
1223
1224
1220
1218
1221
1223
1229
1233
1233
1234
1235
1235
1236
1239
1239
1239
1239
1241
1239
1240
1241
1241
1241
1241
1240
1239
1240
1240
1240
1241
1236
1236
1237
1240
1240
1240
1240
1240
1237
1234
1232
1234
1234
1234
1233
1234
1233
1233
1236
1234
1234
1239
1241
1240
1240
1231
1231
1236
1236
1236
1237
1238
1240
1241
1244
1242
1241
1243
1242
1245
1245
1246
1246
1246
1245
1247
1248
1249
1248
1247
1247
1248
1245
1243
1246
1246
1245
1244
1245
1247
1245
1245
1247
1246
1248
1248
1255
1254
1253
1252
1252
1252
1250
1250
1249
1250
1249
1251
1251
1251
1252
1252
1250
1251
1251
1250
1253
1253
1253
1254
1254
1254
1253
1254
1255
1255
1255
1257
1258
1258
1259
1259
1259
1261
1261
1262
1262
1264
1265
1264
1265
1262
1262
1256
1257
1253
1250
1252
1250
1250
1251
1251
1245
1247
1235
1233
1233
1231
1231
1230
1233
1233
1233
1232
1229
1231
1228
1228
1231
1233
1233
1233
1233
1232
1228
1231
1232
1231
1232
1237
1238
1238
1238
1240
1237
1236
1233
1231
1228
1226
1228
1232
1232
1234
1230
1234
1231
1220
1218
1216
1207
1210
1216
1215
1203
1211
1228
1223
1222
1220
1187
1218
1246
1248
1246
1255
1255
1254
1249
1248
1247
1248
1249
1255
1256
1254
1258
1258
1259
1256
1256
1259
1256
1257
1258
1258
1261
1259
1252
1255
1251
1254
1254
1250
1255
1259
1260
1267
1270
1268
1269
1267
1269
1269
1272
1270
1271
1271
1272
1269
1275
1275
1276
1276
1275
1276
1275
1275
1273
1272
1272
1273
1272
1272
1272
1273
1272
1272
1273
1273
1272
1269
1270
1271
1270
1269
1269
1269
1270
1270
1270
1272
1272
1270
1269
1267
1269
1269
1270
1270
1269
1269
1271
1273
1273
1272
1272
1265
1267
1266
1264
1273
1274
1274
1274
1274
1274
1275
1277
1277
1277
1276
1276
1276
1276
1276
1278
1276
1279
1279
1279
1279
1279
1279
1279
1279
1279
1279
1278
1278
1277
1277
1278
1278
1278
1278
1278
1280
1280
1280
1280
1279
1280
1279
1279
1282
1278
1278
1277
1277
1277
1277
1277
1277
1277
1277
1278
1278
1278
1277
1278
1278
1278
1278
1278
1279
1278
1279
1278
1278
1278
1278
1278
1278
1278
1278
1280
1280
1280
1280
1280
1279
1279
1279
1279
1279
1279
1279
1279
1278
1279
1279
1277
1276
1276
1276
1276
1276
1276
1276
1276
1276
1276
1276
1276
1276
1278
1277
1278
1279
1280
1278
1278
1279
1278
1276
1278
1278
1277
1277
1277
1278
1277
1276
1277
1276
1279
1277
1276
1277
1277
1277
1277
1277
1275
1278
1277
1277
1277
1278
1277
1277
1277
1277
1276
1277
1277
1277
1277
1277
1277
1278
1279
1279
1277
1277
1277
1278
1278
1279
1278
1278
1280
1278
1277
1276
1276
1275
1279
1279
1279
1280
1280
1279
1279
1279
1279
1279
1279
1279
1279
1279
1279
1279
1280
1280
1280
1281
1278
1278
1279
1282
1280
1280
1280
1280
1278
1280
1278
1278
1280
1279
1279
1280
1278
1280
1280
1280
1277
1279
1277
1277
1279
1279
1278
1277
1275
1272
1270
1281
1285
1283
1283
1283
1280
1280
1277
1278
1278
1278
1277
1281
1282
1282
1279
1282
1282
1281
1281
1281
1281
1280
1279
1279
1277
1279
1279
1279
1279
1279
1279
1279
1279
1279
1280
1281
1281
1282
1282
1282
1281
1281
1281
1279
1280
1279
1279
1279
1280
1280
1280
1279
1279
1279
1278
1278
1277
1277
1277
1277
1278
1277
1277
1275
1275
1275
1275
1278
1277
1277
1277
1276
1276
1273
1274
1274
1274
1274
1273
1272
1272
1272
1272
1270
1270
1270
1270
1270
1265
1265
1268
1265
1267
1264
1264
1264
1265
1266
1264
1264
1262
1262
1264
1262
1262
1262
1260
1260
1260
1262
1262
1260
1261
1261
1262
1261
1262
1262
1263
1262
1260
1262
1262
1264
1261
1260
1259
1253
1266
1267
1267
1268
1266
1266
1266
1266
1266
1266
1266
1266
1268
1268
1270
1270
1270
1270
1270
1269
1269
1270
1270
1271
1270
1272
1273
1273
1273
1271
1271
1271
1271
1271
1271
1271
1270
1271
1270
1271
1270
1269
1270
1270
1268
1267
1270
1270
1267
1270
1270
1270
1269
1269
1270
1273
1273
1270
1273
1270
1271
1268
1268
1267
1268
1268
1268
1268
1268
1269
1269
1268
1270
1269
1266
1266
1265
1266
1269
1269
1270
1266
1266
1266
1266
1266
1266
1269
1269
1269
1268
1267
1265
1265
1265
1265
1265
1266
1266
1266
1266
1266
1266
1266
1266
1265
1265
1267
1268
1265
1266
1265
1267
1267
1267
1268
1270
1270
1269
1270
1269
1269
1273
1273
1270
1270
1270
1270
1270
1268
1268
1268
1269
1268
1268
1265
1265
1269
1267
1267
1267
1266
1271
1270
1265
1266
1267
1267
1267
1267
1266
1265
1266
1269
1266
1266
1266
1266
1264
1264
1268
1264
1263
1268
1266
1263
1265
1265
1265
1265
1266
1266
1266
1266
1266
1266
1266
1266
1268
1267
1266
1262
1263
1261
1261
1262
1260
1260
1261
1258
1262
1263
1261
1260
1260
1260
1258
1257
1257
1258
1255
1255
1257
1254
1253
1253
1257
1258
1252
1254
1254
1252
1248
1248
1250
1249
1249
1248
1246
1246
1246
1245
1246
1246
1248
1248
1250
1248
1248
1248
1245
1245
1247
1245
1245
1250
1247
1246
1246
1246
1246
1246
1246
1247
1245
1245
1245
1245
1245
1245
1246
1245
1245
1245
1245
1246
1248
1248
1246
1246
1245
1245
1245
1245
1245
1245
1247
1245
1245
1247
1245
1242
1245
1242
1242
1243
1243
1249
1248
1248
1248
1248
1248
1248
1248
1249
1249
1249
1252
1252
1250
1252
1253
1253
1253
1253
1253
1254
1254
1254
1255
1250
1250
1252
1250
1250
1250
1251
1251
1252
1252
1251
1254
1251
1255
1252
1252
1252
1254
1257
1257
1253
1251
1251
1253
1258
1258
1259
1259
1259
1260
1261
1261
1262
1262
1261
1261
1262
1260
1260
1262
1261
1261
1262
1262
1262
1260
1260
1260
1260
1260
1260
1260
1260
1260
1260
1262
1260
1262
1261
1261
1261
1262
1262
1262
1261
1258
1258
1258
1258
1258
1258
1258
1259
1260
1262
1262
1262
1262
1262
1262
1262
1262
1262
1262
1262
1262
1262
1262
1262
1262
1262
1262
1262
1262
1262
1262
1262
1262
1262
1262
1262
1262
1262
1262
1262
1262
1261
1260
1258
1261
1261
1261
1260
1260
1259
1255
1257
1257
1257
1253
1253
1253
1254
1254
1255
1257
1259
1259
1259
1260
1260
1260
1260
1260
1260
1259
1260
1260
1259
1259
1260
1260
1259
1259
1260
1259
1259
1259
1260
1259
1259
1258
1258
1257
1257
1257
1257
1257
1257
1257
1259
1257
1260
1258
1258
1258
1258
1261
1257
1256
1256
1256
1255
1255
1256
1253
1250
1249
1249
1246
1248
1248
1249
1246
1250
1252
1252
1250
1249
1249
1250
1251
1251
1252
1248
1249
1252
1251
1257
1250
1248
1234
1235
1236
1245
1245
1247
1249
1256
1254
1250
1261
1258
1255
1255
1255
1253
1253
1257
1253
1236
1249
1260
1260
1262
1262
1262
1262
1262
1274
1274
1274
1274
1272
1275
1275
1272
1272
1272
1272
1276
1277
1271
1274
1270
1270
1271
1270
1272
1272
1274
1272
1273
1268
1268
1265
1259
1262
1262
1267
1269
1267
1270
1271
1271
1274
1273
1274
1274
1274
1273
1274
1275
1276
1277
1276
1276
1276
1276
1276
1277
1277
1277
1277
1277
1277
1277
1276
1275
1275
1277
1277
1275
1275
1275
1277
1277
1278
1279
1279
1280
1279
1279
1279
1279
1279
1278
1278
1279
1279
1279
1278
1278
1278
1279
1279
1278
1277
1280
1277
1278
1277
1280
1279
1276
1276
1276
1277
1277
1276
1277
1275
1277
1276
1276
1277
1278
1279
1279
1279
1279
1276
1280
1282
1281
1283
1284
1284
1281
1284
1280
1281
1281
1279
1279
1281
1281
1280
1280
1280
1280
1280
1278
1280
1280
1280
1280
1280
1278
1280
1280
1280
1280
1280
1277
1278
1277
1278
1278
1279
1278
1280
1279
1280
1280
1276
1280
1279
1279
1276
1277
1277
1279
1279
1279
1279
1279
1279
1279
1279
1279
1279
1279
1278
1278
1278
1277
1276
1277
1277
1276
1277
1277
1278
1282
1283
1283
1283
1284
1284
1285
1285
1283
1284
1283
1288
1289
1285
1285
1285
1285
1283
1283
1281
1281
1281
1284
1281
1283
1286
1282
1282
1286
1286
1286
1281
1284
1287
1285
1285
1285
1287
1287
1287
1285
1285
1285
1287
1288
1288
1288
1288
1284
1283
1283
1283
1284
1281
1285
1285
1284
1283
1280
1276
1277
1275
1275
1278
1278
1277
1275
1273
1275
1275
1273
1275
1273
1272
1272
1272
1276
1275
1276
1274
1276
1275
1274
1273
1274
1272
1271
1270
1269
1269
1269
1269
1266
1266
1263
1261
1263
1263
1269
1269
1268
1269
1268
1270
1271
1268
1268
1267
1266
1266
1266
1263
1262
1265
1266
1267
1268
1267
1269
1269
1262
1260
1260
1262
1267
1268
1269
1271
1271
1271
1271
1271
1271
1271
1271
1271
1271
1271
1272
1271
1272
1272
1270
1272
1270
1272
1273
1275
1279
1276
1275
1275
1276
1276
1278
1277
1277
1278
1278
1278
1278
1277
1274
1276
1275
1277
1277
1277
1277
1277
1273
1276
1274
1275
1271
1270
1276
1270
1269
1275
1277
1272
1272
1273
1281
1281
1285
1286
1292
1291
1291
1291
1290
1290
1291
1288
1289
1287
1287
1287
1284
1284
1286
1284
1284
1284
1282
1282
1280
1282
1280
1282
1277
1289
1291
1291
1288
1291
1291
1290
1291
1287
1286
1281
1280
1280
1280
1277
1280
1277
1277
1277
1274
1275
1275
1277
1275
1277
1279
1280
1276
1274
1269
1271
1270
1267
1270
1270
1269
1268
1268
1267
1268
1262
1263
1262
1259
1259
1258
1258
1257
1259
1259
1257
1259
1260
1260
1257
1258
1260
1260
1263
1260
1261
1259
1259
1259
1259
1259
1260
1260
1261
1261
1260
1261
1261
1261
1260
1260
1260
1262
1262
1264
1265
1265
1266
1264
1264
1264
1264
1264
1264
1264
1264
1264
1266
1268
1268
1268
1268
1269
1270
1267
1266
1266
1266
1266
1267
1266
1267
1268
1268
1268
1268
1268
1269
1269
1269
1267
1266
1264
1264
1264
1264
1264
1264
1265
1265
1265
1265
1265
1264
1263
1264
1262
1262
1261
1258
1257
1257
1257
1257
1258
1258
1259
1259
1262
1262
1262
1265
1263
1262
1263
1263
1262
1262
1257
1257
1257
1255
1253
1256
1256
1249
1252
1248
1249
1255
1257
1255
1266
1266
1266
1268
1268
1268
1268
1269
1266
1266
1266
1267
1267
1267
1267
1268
1268
1267
1267
1267
