1448
1451
1451
1450
1450
1450
1450
1450
1448
1449
1455
1455
1450
1449
1446
1446
1449
1450
1448
1441
1446
1444
1462
1459
1458
1458
1458
1460
1461
1456
1461
1464
1461
1464
1465
1465
1466
1462
1464
1462
1466
1467
1467
1470
1470
1463
1462
1460
1460
1458
1460
1459
1462
1453
1453
1448
1452
1463
1473
1465
1462
1462
1458
1471
1478
1475
1470
1462
1465
1460
1458
1454
1447
1437
1434
1432
1433
1433
1436
1436
1436
1436
1434
1436
1435
1435
1432
1436
1435
1432
1436
1432
1432
1433
1433
1430
1430
1429
1428
1428
1426
1425
1424
1424
1424
1424
1424
1424
1424
1424
1423
1422
1424
1422
1424
1420
1422
1420
1419
1421
1420
1420
1420
1420
1420
1421
1421
1421
1420
1421
1420
1422
1420
1422
1422
1420
1424
1420
1420
1420
1420
1420
1423
1420
1420
1420
1420
1420
1423
1423
1422
1425
1425
1425
1421
1421
1423
1422
1421
1421
1424
1420
1418
1418
1419
1420
1418
1420
1420
1417
1416
1416
1417
1416
1415
1415
1414
1413
1413
1413
1413
1413
1413
1413
1413
1413
1414
1416
1416
1416
1416
1416
1414
1413
1413
1414
1413
1413
1413
1410
1413
1415
1412
1412
1412
1415
1417
1412
1412
1417
1417
1412
1417
1415
1409
1407
1405
1400
1392
1390
1389
1389
1389
1389
1390
1388
1390
1389
1391
1390
1392
1391
1394
1398
1400
1401
1402
1401
1401
1403
1405
1406
1404
1404
1401
1403
1402
1403
1398
1391
1401
1401
1401
1396
1391
1391
1392
1394
1391
1396
1409
1412
1412
1413
1417
1415
1417
1417
1414
1414
1413
1413
1414
1413
1413
1415
1412
1412
1412
1412
1407
1410
1407
1410
1408
1408
1410
1409
1410
1408
1409
1410
1408
1409
1408
1408
1410
1408
1408
1410
1409
1408
1409
1409
1409
1409
1409
1408
1407
1407
1407
1407
1407
1407
1406
1406
1408
1393
1393
1389
1385
1397
1403
1421
1421
1423
1417
1419
1417
1419
1414
1416
1408
1402
1402
1406
1400
1401
1396
1392
1389
1391
1390
1393
1392
1391
1388
1391
1388
1390
1386
1389
1390
1389
1386
1384
1386
1386
1388
1388
1390
1390
1382
1382
1386
1387
1389
1389
1388
1387
1383
1384
1389
1387
1380
1380
1374
1365
1368
1370
1370
1367
1369
1364
1363
1361
1364
1364
1363
1363
1363
1361
1362
1361
1362
1358
1360
1356
1356
1357
1355
1360
1361
1361
1362
1360
1362
1360
1360
1356
1358
1353
1353
1353
1357
1357
1356
1358
1354
1359
1362
1355
1355
1361
1361
1360
1354
1355
1352
1354
1353
1353
1352
1353
1354
1354
1354
1351
1348
1362
1362
1362
1362
1362
1359
1362
1360
1360
1361
1356
1356
1357
1357
1356
1356
1356
1361
1356
1360
1362
1360
1362
1360
1360
1360
1360
1359
1362
1359
1362
1363
1363
1366
1366
1359
1366
1366
1365
1366
1365
1360
1360
1361
1367
1363
1366
1366
1366
1366
1367
1368
1366
1366
1366
1362
1365
1359
1361
1361
1361
1360
1359
1360
1360
1361
1363
1362
1362
1360
1360
1358
1359
1359
1359
1360
1360
1362
1362
1360
1361
1359
1360
1359
1361
1360
1360
1360
1353
1353
1358
1355
1358
1352
1352
1346
1347
1350
1353
1353
1350
1347
1347
1347
1342
1352
1353
1350
1352
1351
1354
1355
1355
1356
1356
1357
1357
1353
1354
1355
1351
1351
1351
1352
1350
1354
1352
1353
1355
1352
1355
1355
1356
1356
1355
1355
1356
1355
1354
1353
1352
1354
1354
1351
1352
1349
1354
1350
1350
1350
1352
1350
1354
1354
1349
1349
1349
1350
1354
1353
1353
1347
1345
1343
1343
1342
1341
1338
1338
1338
1338
1338
1336
1335
1336
1336
1328
1328
1328
1329
1335
1331
1335
1335
1335
1335
1335
1335
1335
1332
1332
1332
1330
1330
1330
1330
1325
1330
1330
1329
1329
1328
1330
1328
1329
1328
1325
1325
1325
1326
1324
1324
1323
1323
1324
1324
1325
1325
1325
1325
1326
1326
1326
1330
1330
1330
1327
1327
1327
1327
1323
1323
1324
1327
1329
1329
1329
1330
1330
1327
1328
1327
1330
1331
1331
1331
1331
1328
1330
1330
1330
1328
1332
1331
1328
1327
1330
1329
1329
1330
1328
1327
1327
1329
1326
1325
1327
1327
1326
1328
1330
1330
1328
1328
1330
1330
1329
1330
1326
1326
1330
1330
1330
1330
1330
1330
1330
1330
1330
1326
1330
1329
1329
1324
1324
1329
1326
1330
1324
1330
1329
1327
1324
1324
1325
1324
1322
1320
1323
1320
1320
1320
1320
1319
1318
1319
1319
1319
1321
1321
1320
1318
1319
1318
1317
1320
1320
1320
1317
1317
1318
1323
1323
1323
1320
1321
1322
1322
1326
1325
1327
1327
1326
1328
1326
1330
1330
1330
1327
1330
1330
1330
1330
1330
1325
1325
1329
1330
1328
1325
1325
1328
1328
1328
1323
1328
1328
1323
1323
1325
1325
1328
1328
1325
1326
1326
1326
1326
1326
1326
1326
1324
1324
1325
1324
1324
1324
1324
1324
1322
1324
1325
1324
1325
1324
1326
1325
1325
1325
1326
1329
1329
1328
1329
1329
1328
1328
1331
1330
1330
1329
1331
1331
1329
1329
1327
1327
1327
1331
1331
1329
1329
1329
1329
1329
1329
1329
1329
1329
1332
1332
1332
1332
1332
1331
1331
1332
1332
1332
1332
1332
1332
1336
1334
1334
1332
1336
1337
1337
1337
1337
1333
1338
1337
1337
1337
1337
1337
1338
1336
1334
1336
1336
1334
1334
1333
1333
1336
1335
1335
1333
1333
1336
1336
1336
1336
1336
1338
1336
1336
1336
1336
1336
1336
1335
1335
1339
1333
1335
1333
1335
1334
1334
1335
1335
1335
1338
1339
1339
1340
1340
1340
1335
1335
1334
1334
1334
1334
1334
1338
1339
1338
1337
1334
1340
1340
1338
1340
1339
1340
1339
1340
1339
1340
1342
1339
1342
1342
1339
1340
1340
1337
1337
1337
1336
1336
1336
1338
1338
1338
1338
1337
1338
1337
1337
1337
1337
1334
1334
1335
1335
1336
1336
1336
1333
1333
1333
1331
1330
1330
1330
1330
1331
1331
1332
1329
1326
1326
1326
1325
1326
1325
1324
1327
1326
1326
1326
1327
1327
1330
1330
1330
1327
1330
1331
1331
1331
1331
1328
1331
1331
1331
1331
1331
1331
1331
1327
1326
1327
1324
1324
1324
1326
1324
1324
1322
1320
1322
1319
1321
1323
1321
1318
1318
1319
1320
1319
1320
1320
1319
1318
1319
1319
1319
1319
1319
1320
1320
1320
1321
1321
1321
1323
1319
1321
1324
1324
1320
1320
1325
1325
1325
1321
1326
1324
1321
1326
1326
1326
1326
1320
1320
1326
1325
1325
1325
1320
1318
1321
1317
1321
1321
1321
1321
1321
1325
1321
1321
1327
1321
1328
1327
1326
1321
1326
1321
1322
1327
1327
1327
1328
1328
1325
1325
1323
1323
1323
1327
1327
1327
1323
1321
1322
1322
1322
1320
1321
1321
1324
1322
1327
1328
1326
1328
1329
1329
1329
1326
1328
1328
1328
1329
1329
1328
1327
1328
1327
1328
1330
1328
1328
1328
1329
1329
1330
1328
1331
1333
1334
1334
1333
1333
1333
1333
1333
1333
1333
1333
1333
1333
1332
1332
1332
1331
1330
1329
1329
1329
1328
1329
1331
1329
1328
1328
1329
1329
1326
1326
1327
1327
1330
1330
1330
1330
1329
1330
1326
1329
1329
1331
1331
1335
1333
1336
1336
1338
1339
1338
1338
1338
1336
1336
1335
1337
1334
1330
1330
1330
1329
1329
1329
1329
1329
1329
1329
1329
1331
1334
1330
1333
1336
1338
1336
1337
1335
1335
1334
1332
1330
1327
1327
1328
1324
1325
1324
1324
1324
1322
1323
1323
1323
1318
1318
1318
1318
1316
1316
1316
1316
1313
1313
1312
1310
1309
1309
1309
1309
1310
1310
1308
1308
1306
1309
1304
1306
1306
1307
1306
1306
1306
1306
1305
1303
1303
1311
1310
1312
1314
1315
1315
1315
1306
1306
1304
1305
1304
1302
1303
1304
1304
1305
1305
1307
1307
1307
1305
1308
1305
1309
1315
1315
1315
1315
1315
1319
1319
1319
1317
1317
1315
1317
1314
1311
1314
1315
1309
1309
1308
1319
1322
1322
1325
1327
1327
1325
1325
1325
1325
1326
1326
1329
1326
1329
1328
1326
1329
1329
1329
1326
1326
1325
1325
1325
1329
1329
1327
1328
1328
1326
1327
1322
1324
1324
1322
1323
1322
1320
1321
1320
1320
1319
1319
1320
1322
1320
1319
1315
1321
1324
1327
1326
1321
1323
1323
1323
1321
1327
1326
1322
1322
1318
1321
1319
1315
1320
1320
1320
1315
1319
1318
1315
1311
1309
1309
1311
1312
1311
1317
1312
1311
1302
1302
1319
1323
1324
1326
1329
1330
1330
1330
1332
1330
1332
1331
1331
1331
1331
1331
1333
1333
1331
1329
1329
1329
1331
1332
1331
1332
1332
1333
1334
1332
1333
1333
1333
1333
1334
1332
1331
1331
1330
1330
1332
1327
1328
1330
1324
1324
1323
1324
1322
1322
1322
1322
1322
1322
1325
1325
1326
1324
1324
1325
1336
1335
1334
1333
1333
1336
1336
1337
1335
1335
1336
1336
1336
1335
1337
1335
1331
1332
1333
1332
1333
1335
1336
1337
1339
1338
1337
1337
1338
1338
1337
1341
1334
1335
1336
1335
1333
1338
1340
1340
1342
1343
1340
1341
1341
1343
1343
1343
1334
1334
1334
1327
1327
1325
1323
1324
1324
1324
1325
1323
1323
1323
1323
1323
1323
1323
1322
1322
1320
1322
1322
1327
1327
1327
1330
1332
1331
1330
1334
1334
1334
1335
1333
1327
1327
1328
1330
1329
1330
1335
1334
1332
1334
1332
1334
1333
1334
1335
1334
1336
1334
1336
1336
1336
1336
1335
1336
1334
1335
1334
1334
1340
1341
1338
1337
1337
1340
1340
1340
1342
1338
1337
1334
1334
1336
1334
1334
1330
1331
1330
1328
1328
1327
1324
1324
1324
1324
1324
1322
1324
1323
1323
1326
1325
1324
1326
1325
1327
1325
1327
1324
1326
1326
1326
1328
1326
1328
1328
1328
1328
1326
1326
1329
1329
1329
1328
1328
1329
1326
1326
1326
1327
1329
1327
1327
1330
1329
1332
1331
1332
1331
1330
1332
1331
1331
1331
1337
1338
1335
1331
1330
1329
1328
1328
1326
1326
1326
1324
1324
1322
1322
1321
1322
1321
1325
1329
1329
1328
1327
1322
1322
1308
1308
1306
1306
1306
1306
1306
1306
1306
1306
1305
1304
1305
1304
1305
1306
1305
1303
1303
1305
1304
1302
1300
1299
1300
1301
1301
1301
1300
1300
1299
1300
1299
1299
1300
1301
1303
1303
1302
1302
1302
1302
1302
1302
1303
1304
1307
1310
1309
1309
1309
1309
1309
1309
1309
1309
1307
1309
1307
1306
1305
1306
1307
1307
1307
1307
1307
1307
1308
1308
1307
1309
1308
1308
1309
1309
1309
1309
1310
1309
1309
1310
1310
1310
1310
1310
1309
1307
1306
1308
1308
1307
1306
1306
1308
1307
1307
1307
1307
1306
1306
1307
1309
1307
1308
1307
1310
1309
1310
1309
1308
1308
1305
1306
1304
1303
1304
1303
1302
1300
1298
1297
1297
1297
1296
1296
1297
1297
1297
1298
1296
1296
1296
1296
1296
1296
1295
1295
1297
1295
1294
1295
1296
1296
1296
1296
1295
1296
1296
1295
1294
1294
1293
1287
1288
1290
1289
1289
1289
1289
1290
1290
1290
1290
1290
1290
1290
1290
1291
1291
1290
1289
1289
1289
1288
1288
1286
1286
1287
1287
1286
1286
1286
1286
1286
1286
1285
1286
1286
1286
1286
1286
1286
1287
1287
1287
1287
1287
1287
1287
1288
1287
1288
1288
1287
1287
1286
1288
1289
1290
1290
1290
1290
1290
1300
1299
1299
1301
1296
1295
1292
1292
1293
1291
1291
1292
1292
1292
1292
1293
1292
1292
1290
1288
1288
1291
1290
1288
1282
1290
1288
1292
1292
1294
1297
1297
1297
1298
1300
1301
1299
1301
1301
1300
1304
1305
1302
1304
1304
1302
1301
1301
1304
1306
1305
1308
1308
1310
1313
1312
1310
1313
1315
1312
1313
1314
1312
1309
1309
1310
1313
1313
1313
1314
1310
1312
1309
1306
1309
1308
1308
1309
1309
1309
1310
1310
1310
1309
1309
1309
1310
1305
1302
1303
1296
1299
1301
1299
1296
1299
1298
1292
1290
1291
1292
1293
1292
1289
1289
1291
1290
1291
1290
1290
1290
1291
1290
1293
1288
1289
1288
1287
1287
1286
1287
1286
1286
1286
1286
1286
1287
1287
1287
1287
1286
1284
1283
1283
1283
1284
1283
1283
1285
1284
1284
1284
1284
1285
1284
1284
1284
1284
1284
1284
1284
1284
1284
1284
1284
1284
1284
1284
1283
1283
1283
1283
1283
1283
1282
1282
1282
1281
1281
1281
1280
1281
1280
1281
1282
1282
1282
1282
1282
1282
1283
1283
1281
1282
1281
1283
1284
1283
1283
1283
1284
1284
1282
1282
1282
1283
1284
1284
1283
1282
1283
1281
1283
1282
1284
1283
1283
1282
1280
1284
1282
1281
1284
1284
1279
1280
1278
1279
1277
1276
1276
1277
1278
1279
1279
1277
1276
1277
1279
1278
1276
1276
1276
1276
1276
1276
1275
1274
1274
1275
1275
1275
1275
1271
1272
1271
1270
1270
1271
1270
1272
1271
1272
1272
1272
1273
1273
1273
1272
1272
1271
1271
1272
1271
1271
1272
1271
1272
1272
1272
1272
1272
1272
1272
1275
1274
1272
1273
1273
1273
1273
1273
1272
1273
1275
1273
1273
1273
1273
1271
1271
1270
1270
1272
1272
1273
1271
1271
1272
1273
1273
1272
1273
1273
1272
1272
1274
1274
1275
1273
1273
1274
1273
1273
1273
1273
1271
1272
1272
1272
1272
1275
1275
1275
1275
1275
1274
1275
1275
1275
1275
1275
1276
1275
1277
1276
1277
1277
1276
1276
1276
1277
1273
1275
1275
1273
1275
1275
1274
1272
1275
1274
1274
1273
1271
1271
1271
1276
1276
1277
1277
1278
1278
1278
1278
1277
1277
1276
1277
1277
1276
1275
1275
1275
1276
1275
1273
1275
1273
1274
1273
1274
1274
1278
1278
1278
1278
1277
1277
1275
1275
1275
1274
1274
1269
1269
1268
1269
1269
1269
1267
1270
1268
1266
1267
1267
1267
1267
1267
1267
1267
1268
1267
1268
1267
1268
1266
1266
1268
1266
1267
1266
1270
1270
1270
1270
1269
1268
1268
1267
1266
1266
1266
1263
1264
1264
1267
1266
1269
1268
1271
1271
1272
1272
1272
1272
1271
1272
1272
1271
1270
1269
1271
1271
1271
1270
1269
1269
1269
1268
1267
1265
1266
1267
1267
1265
1267
1266
1263
1261
1261
1261
1259
1259
1259
1260
1259
1260
1259
1259
1258
1256
1256
1257
1260
1260
1257
1258
1257
1260
1259
1257
1257
1257
1256
1256
1256
1256
1257
1257
1257
1255
1255
1255
1255
1254
1255
1254
1254
1253
1252
1253
1253
1254
1254
1254
1253
1253
1254
1255
1255
1256
1256
1255
1255
1255
1255
1255
1254
1256
1256
1255
1255
1255
1254
1256
1254
1254
1255
1256
1255
1256
1257
1256
1256
1255
1255
1255
1254
1253
1255
1255
1255
1255
1255
1254
1254
1254
1253
1252
1253
1254
1255
1255
1255
1255
1254
1254
1254
1255
1254
1254
1253
1254
1254
1252
1252
1252
1252
1252
1252
1252
1253
1252
1252
1252
1252
1253
1252
1252
1252
1253
1253
1252
1254
1254
1253
1253
1254
1253
1254
1254
1255
1255
1254
1254
1254
1254
1254
1253
1254
1254
1254
1254
1254
1254
1254
1254
1253
1254
1254
1254
1254
1254
1254
1254
1254
1254
1254
1254
1254
1254
1254
1253
1253
1253
1253
1253
1253
1254
1254
1254
1253
1254
1254
1254
1253
1254
1254
1254
1253
1253
1254
1254
1250
1252
1253
1253
1253
1254
1253
1252
1253
1253
1252
1252
1252
1251
1252
1252
1252
1252
1250
1250
1251
1252
1252
1251
1251
1252
1252
1250
1249
1250
1249
1250
1250
1250
1250
1250
1250
1248
1248
1249
1247
1247
1246
1247
1245
1245
1245
1247
1247
1246
1247
1246
1246
1248
1248
1248
1246
1248
1247
1247
1247
1245
1245
1247
1245
1247
1247
1247
1247
1247
1248
1248
1246
1247
1248
1246
1246
1246
1246
1246
1246
1244
1245
1245
1244
1243
1244
1244
1244
1244
1244
1243
1243
1243
1243
1243
1243
1243
1242
1242
1242
1243
1244
1243
1242
1242
1242
1241
1241
1242
1242
1241
1241
1242
1240
1240
1243
1243
1242
1242
1241
1242
1241
1244
1243
1244
1242
1243
1241
1241
1243
1243
1241
1240
1241
1241
1242
1241
1241
1240
1241
1241
1241
1240
1240
1239
1239
1240
1240
1241
1241
1241
1241
1241
1241
1242
1240
1240
1240
1242
1242
1242
1242
1242
1241
1241
1240
1240
1241
1242
1239
1242
1239
1239
1240
1241
1241
1242
1241
1240
1240
1242
1244
1241
1241
1235
1235
1235
1235
1240
1240
1240
1240
1240
1239
1239
1239
1240
1238
1238
1238
1238
1238
1238
1237
1241
1237
1237
1235
1236
1236
1236
1236
1236
1236
1235
1235
1235
1235
1235
1236
1236
1236
1235
1236
1236
1236
1235
1235
1235
1235
1235
1236
1235
1235
1235
1235
1235
1235
1235
1235
1235
1235
1235
1236
1234
1235
1235
1238
1238
1238
1240
1240
1240
1240
1240
1240
1240
1240
1240
1240
1240
1240
1240
1241
1243
1241
1243
1240
1242
1242
1242
1241
1241
1241
1241
1242
1242
1241
1242
1242
1242
1242
1240
1239
1239
1239
1239
1239
1239
1239
1238
1241
1241
1242
1242
1242
1240
1242
1241
1242
1242
1242
1241
1239
1242
1240
1240
1242
1240
1238
1239
1238
1239
1238
1238
1238
1240
1241
1239
1240
1239
1240
1240
1239
1238
1239
1240
1240
1239
1238
1239
1239
1241
1241
1238
1240
1239
1236
1235
1234
1235
1237
1237
1232
1236
1234
1234
1234
1234
1234
1235
1237
1237
1237
1236
1237
1238
1237
1239
1240
1240
1240
1240
1242
1242
1242
1240
1240
1241
1239
1239
1240
1240
1240
1240
1239
1241
1240
1243
1240
1243
1240
1238
1238
1236
1235
1235
1235
1234
1234
1235
1236
1234
1234
1234
1234
1234
1233
1233
1234
1235
1233
1234
1234
1235
1235
1235
1234
1236
1236
1237
1235
1235
1235
1235
1236
1236
1236
1236
1234
1233
1234
1237
1234
1234
1233
1234
1236
1236
1235
1236
1235
1233
1237
1236
1236
1237
1237
1238
1241
1241
1241
1241
1241
1241
1241
1241
1241
1241
1240
1240
1240
1241
1241
1238
1237
1236
1236
1236
1236
1236
1236
1236
1236
1237
1238
1237
1237
1237
1237
1239
1239
1239
1240
1238
1238
1238
1240
1239
1238
1238
1238
1236
1236
1236
1235
1235
1235
1237
1237
1237
1236
1235
1234
1232
1233
1234
1234
1233
1235
1232
1234
1233
1234
1228
1228
1228
1226
1225
1224
1227
1227
1227
1227
1226
1226
1226
1226
1226
1226
1226
1226
1226
1227
1226
1226
1228
1228
1228
1228
1228
1228
1227
1227
1227
1227
1226
1226
1226
1225
1225
1225
1227
1228
1228
1228
1228
1229
1230
1230
1230
1230
1230
1229
1230
1229
1230
1229
1230
1230
1229
1229
1229
1229
1229
1229
1229
1228
1228
1229
1229
1230
1230
1230
1230
1230
1230
1230
1230
1230
1230
1230
1230
1228
1229
1230
1230
1230
1230
1232
1232
1232
1232
1232
1232
1232
1232
1232
1235
1231
1233
1238
1238
1239
1239
1239
1239
1239
1239
1239
1239
1243
1243
1243
1240
1242
1242
1243
1242
1242
1242
1242
1242
1240
1243
1245
1245
1245
1244
1245
1243
1245
1245
1245
1244
1243
1243
1238
1240
1239
1241
1238
1238
1239
1239
1238
1240
1242
1241
1240
1239
1239
1240
1242
1241
1241
1239
1238
1238
1236
1236
1236
1236
1236
1234
1234
1234
1236
1236
1234
1234
1234
1235
1235
1236
1236
1234
1234
1236
1236
1236
1236
1234
1233
1234
1233
1232
1231
1231
1231
1230
1227
1228
1228
1226
1225
1226
1226
1225
1226
1224
1225
1224
1226
1225
1224
1223
1223
1224
1222
1222
1223
1224
1218
1217
1220
1218
1218
1217
1218
1218
1217
1211
1211
1204
1207
1211
1212
1210
1218
1224
1224
1228
1228
1228
1228
1228
1228
1227
1228
1228
1228
1230
1233
1232
1234
1234
1234
1234
1234
1234
1234
1233
1232
1234
1233
1234
1234
1234
1233
1233
1234
1234
1234
1234
1234
1234
1232
1230
1230
1235
1235
1235
1235
1238
1240
1239
1240
1240
1240
1240
1240
1240
1240
1240
1240
1240
1240
1238
1239
1240
1241
1241
1242
1242
1242
1242
1245
1245
1244
1244
1245
1244
1245
1245
1245
1244
1244
1244
1244
1246
1246
1245
1245
1245
1244
1245
1244
1244
1244
1245
1245
1245
1247
1246
1246
1245
1245
1244
1244
1244
1243
1244
1244
1243
1243
1241
1245
1243
1243
1243
1243
1242
1243
1241
1241
1241
1242
1242
1243
1243
1243
1244
1245
1245
1243
1244
1244
1244
1243
1243
1242
1241
1242
1242
1241
1241
1241
1241
1243
1244
1245
1245
1245
1245
1245
1245
1246
1245
1245
1245
1245
1245
1245
1245
1245
1245
1245
1245
1245
1245
1245
1245
1245
1245
1245
1244
1244
1244
1244
1245
1244
1244
1244
1244
1245
1244
1244
1244
1245
1244
1244
1244
1243
1243
1244
1244
1244
1244
1244
1244
1244
1244
1243
1243
1243
1243
1244
1243
1244
1244
1244
1244
1242
1242
1241
1239
1240
1241
1241
1241
1240
1239
1241
1241
1242
1243
1242
1243
1242
1243
1242
1242
1243
1242
1241
1242
1242
1241
1240
1241
1243
1242
1243
1242
1242
1242
1242
1242
1241
1240
1241
1241
1241
1241
1241
1241
1244
1244
1245
1242
1242
1242
1242
1239
1239
1239
1238
1238
1238
1239
1238
1238
1238
1239
1239
1238
1238
1238
1236
1236
1236
1237
1238
1238
1239
1239
1237
1239
1236
1236
1236
1238
1240
1240
1240
1240
1241
1241
1240
1242
1242
1242
1241
1242
1242
1241
1239
1242
1242
1242
1240
1240
1240
1239
1240
1240
1241
1240
1242
1239
1238
1238
1238
1238
1239
1243
1240
1240
1242
1241
1242
1245
1243
1243
1241
1241
1242
1242
1243
1244
1244
1243
1241
1244
1245
1244
1245
1245
1245
1246
1244
1244
1246
1246
1247
1247
1245
1247
1246
1245
1247
1247
1250
1249
1247
1247
1247
1247
1247
1248
1249
1249
1249
1249
1252
1248
1248
1250
1251
1251
1250
1247
1249
1249
1249
1249
1248
1249
1249
1250
1250
1249
1249
1249
1249
1249
1250
1248
1249
1249
1248
1248
1249
1249
1247
1249
1249
1247
1248
1248
1247
1242
1245
1247
1249
1249
1250
1249
1248
1248
1243
1242
1244
1244
1244
1241
1242
1242
1244
1245
1243
1244
1245
1244
1243
1241
1238
1238
1239
1238
1236
1236
1236
1236
1236
1236
1237
1241
1240
1241
1241
1242
1241
1242
1241
1241
1241
1241
1241
1241
1240
1240
1241
1240
1243
1243
1243
1241
1239
1238
1237
1237
1237
1237
1237
1237
1236
1235
1236
1236
1236
1234
1235
1235
1236
1236
1235
1236
1236
1235
1235
1235
1235
1235
1236
1235
1236
1235
1236
1235
1235
1236
1236
1237
1235
1236
1235
1236
1236
1236
1236
1236
1237
1237
1237
1237
1236
1236
1236
1236
1236
1233
1233
1234
1234
1234
1233
1235
1233
1236
1239
1239
1238
1239
1239
1239
1237
1237
1239
1235
1235
1235
1233
1232
1233
1235
1233
1234
1233
1235
1233
1235
1235
1235
1235
1231
1232
1231
1231
1229
1230
1229
1230
1230
1232
1234
1234
1236
1235
1236
1236
1237
1237
1238
1239
1237
1239
1240
1240
1239
1238
1238
1238
1238
1238
1238
1238
1239
1235
1234
1233
1232
1229
1228
1228
1229
1229
1226
1229
1232
1233
1233
1230
1231
1229
1230
1229
1230
1227
1230
1230
1230
1230
1234
1233
1234
1232
1234
1234
1237
1239
1242
1242
1239
1237
1243
1243
1243
1243
1240
1237
1237
1236
1235
1236
1233
1233
1230
1227
1235
1235
1236
1230
1230
1230
1230
1230
1230
1229
1230
1230
1230
1230
1229
1229
1226
1226
1225
1224
1224
1223
1222
1222
1222
1222
1223
1224
1224
1225
1218
1220
1220
1217
1219
1219
1220
1219
1217
1221
1218
1221
1218
1219
1219
1217
1219
1218
1219
1217
1219
1219
1219
1221
1221
1220
1220
1220
1220
1220
1220
1220
1219
1219
1220
1218
1220
1220
1220
1220
1218
1220
1220
1220
1220
1220
1220
1218
1218
1220
1220
1218
1219
1218
1217
1218
1215
1215
1215
1214
1218
1217
1220
1219
1217
1218
1219
1216
1218
1215
1215
1213
1213
1212
1212
1212
1212
1212
1212
1211
1212
1212
1212
1211
1211
1211
1211
1210
1210
1210
1210
1210
1210
1210
1210
1210
1210
1210
1210
1210
1210
1210
1210
1210
1209
1209
1209
1208
1208
1209
1208
1209
1208
1208
1208
1208
1208
1208
1208
1208
1208
1208
1208
1208
1208
1208
1208
1208
1207
1207
1206
1206
1208
1206
1208
1205
1203
1207
1206
1206
1206
1206
1205
1205
1205
1205
1206
1207
1207
1206
1208
1208
1208
1208
1207
1207
1206
1206
1206
1208
1207
1207
1208
1206
1207
1207
1208
1208
1208
1208
1208
1208
1208
1207
1207
1207
1207
1206
1206
1206
1208
1209
1209
1209
1209
1209
1209
1208
1208
1209
1206
1204
1205
1205
1202
1202
1202
1202
1202
1202
1201
1202
1202
1202
1203
1203
1203
1203
1198
1199
1198
1198
1198
1196
1198
1197
1197
1197
1197
1198
1199
1198
1202
1204
1204
1204
1204
1203
1203
1204
1203
1204
1205
1204
1203
1203
1203
1204
1204
1204
1205
1203
1204
1205
1205
1206
1206
1204
1205
1205
1205
1205
1205
1205
1206
1204
1205
1205
1205
1205
1205
1204
1205
1205
1205
1204
1204
1204
1205
1202
1203
1204
1203
1204
1204
1204
1203
1204
1203
1204
1204
1204
1204
1204
1200
1200
1201
1202
1202
1202
1201
1199
1200
1201
1204
1202
1202
1201
1202
1201
1200
1200
1201
1201
1200
1200
1199
1199
1199
1199
1199
1200
1200
1200
1200
1200
1200
1202
1201
1201
1201
1201
1199
1199
1200
1199
1200
1200
1201
1200
1201
1200
1199
1201
1201
1201
1202
1202
1201
1202
1202
1202
1200
1201
1201
1201
1201
1200
1200
1200
1199
1200
1200
1200
1199
1200
1200
1199
1200
1199
1199
1199
1199
1197
1198
1197
1198
1198
1198
1198
1198
1198
1198
1197
1197
1200
1197
1199
1199
1197
1197
1196
1197
1200
1196
1195
1195
1194
1193
1193
1192
1191
1191
1191
1190
1192
1192
1192
1193
1194
1194
1193
1193
1194
1193
1193
1194
1194
1193
1193
1191
1191
1192
1194
1195
1197
1199
1199
1199
1199
1200
1200
1202
1203
1203
1203
1203
1203
1204
1204
1204
1205
1204
1204
1205
1205
1206
1205
1204
1204
1204
1203
1204
1204
1204
1203
1204
1204
1204
1204
1204
1204
1204
1204
1204
1204
1204
1205
1205
1205
1205
1206
1206
1206
1206
1206
1206
1206
1206
1206
1206
1206
1208
1210
1206
1206
1206
1206
1206
1209
1207
1206
1206
1206
1204
1204
1204
1204
1204
1205
1203
1205
1205
1205
1205
1204
1203
1204
1204
1205
1205
1203
1201
1199
1199
1199
1199
1197
1197
1198
1200
1201
1201
1202
1202
1201
1200
1201
1201
1201
1202
1203
1203
1203
1203
1203
1203
1203
1203
1203
1202
1202
1202
1202
1202
1203
1201
1201
1201
1200
1201
1200
1201
1200
1199
1200
1198
1200
1200
1198
1198
1199
1199
1197
1199
1199
1200
1200
1201
1200
1202
1202
1202
1202
1202
1202
1201
1200
1200
1200
1203
1203
1203
1204
1202
1202
1204
1204
1204
1204
1205
1205
1203
1205
1205
1205
1204
1203
1203
1204
1204
1204
1204
1203
1203
1202
1202
1204
1204
1204
1204
1200
1203
1202
1202
1202
1202
1202
1202
1201
1201
1201
1202
1202
1202
1201
1202
1202
1202
1202
1202
1202
1200
1199
1199
1199
1199
1199
1199
1202
1199
1204
1205
1208
1205
1206
1206
1207
1206
1207
1207
1208
1207
1207
1207
1206
1207
1207
1206
1202
1205
1206
1208
1210
1209
1209
1210
1210
1210
1210
1210
1208
1210
1210
1210
1209
1210
1210
1210
1209
1209
1209
1209
1209
1210
1210
1208
1208
1209
1209
1208
1208
1208
1208
1208
1207
1208
1207
1207
1206
1206
1206
1206
1206
1206
1206
1206
1206
1206
1206
1206
1206
1206
1206
1206
1206
1205
1206
1205
1205
1204
1204
1204
1204
1203
1204
1206
1206
1204
1204
1203
1204
1204
1204
1204
1204
1204
1209
1208
1207
1207
1207
1207
1208
1206
1205
1203
1202
1202
1202
1199
1200
1200
1200
1200
1199
1198
1197
1198
1198
1198
1198
1198
1197
1198
1199
1199
1199
1197
1197
1198
1198
1197
1200
1200
1198
1198
1198
1200
1202
1200
1200
1200
1199
1199
1198
1195
1194
1195
1193
1194
1192
1192
1193
1192
1193
1192
1192
1192
1192
1191
1191
1192
1192
1196
1192
1189
1189
1188
1187
1187
1186
1186
1186
1190
1186
1184
1184
1185
1185
1183
1184
1182
1181
1181
1181
1181
1181
1181
1181
1181
1181
1181
1181
1181
1181
1181
1180
1181
1181
1180
1180
1180
1178
1178
1178
1178
1177
1177
1178
1178
1176
1179
1179
1181
1179
1180
1180
1179
1179
1180
1180
1180
1178
1179
1179
1180
1179
1179
1177
1178
1178
1178
1179
1179
1179
1178
1178
1178
1178
1177
1175
1175
1179
1177
1180
1182
1184
1187
1188
1187
1186
1189
1187
1188
1187
1186
1189
1189
1188
1189
1186
1187
1187
1186
1186
1186
1186
1187
1180
1180
1180
1179
1179
1181
1181
1184
1183
1185
1185
1181
1186
1185
1184
1179
1179
1179
1179
1179
1179
1179
1178
1178
1180
1180
1180
1181
1184
1184
1184
1184
1183
1184
1185
1187
1187
1186
1185
1185
1185
1188
1188
1187
1188
1188
1185
1185
1187
1187
1188
1186
1188
1188
1186
1186
1182
1184
1190
1190
1178
1177
1180
1176
1177
1171
1171
1169
1162
1162
1161
1161
1161
1161
1161
1162
1161
1161
1161
1161
1161
1163
1162
1162
1164
1164
1165
1165
1165
1165
1165
1166
1165
1165
1165
1163
1163
1163
1165
1163
1163
1162
1163
1165
1162
1162
1167
1168
1168
1168
1167
1167
1168
1167
1166
1166
1166
1166
1167
1166
1166
1166
1168
1167
1167
1167
1167
1167
1170
1167
1167
1167
1167
1166
1166
1166
1166
1173
1168
1169
1168
1168
1168
1173
1165
1165
1165
1165
1165
1170
1174
1170
1168
1170
1170
1170
1170
1168
1169
1169
1172
1170
1169
1169
1169
1168
1169
1168
1168
1168
1169
1168
1168
1168
1168
1167
1167
1167
1167
1167
1167
1167
1167
1167
1167
1167
1167
1167
1167
1167
1166
1167
1167
1166
1167
1167
1166
1166
1165
1163
1164
1164
1163
1163
1163
1165
1165
1164
1165
1165
1165
1165
1166
1166
1166
1167
1166
1167
1167
1167
1167
1167
1170
1166
1165
1165
1164
1167
1168
1172
1168
1163
1163
1163
1163
1166
1164
1167
1165
1165
1165
1165
1167
1167
1165
1162
1162
1163
1164
1163
1163
1167
1161
1161
1165
1161
1161
1164
1162
1162
1162
1162
1166
1161
1161
1162
1162
1164
1161
1161
1167
1161
1163
1164
1165
1169
1169
1169
1169
1169
1169
1168
1170
1169
1168
1168
1168
1171
1172
1171
1174
1174
1171
1174
1169
1169
1171
1172
1172
1174
1170
1170
1172
1170
1171
1171
1171
1169
1172
1171
1171
1171
1171
1171
1171
1170
1170
1172
1172
1172
1171
1172
1172
1172
1172
1172
1172
1172
1171
1171
1170
1170
1172
1172
1172
1172
1172
1174
1174
1174
1170
1174
1171
1174
1174
1174
1174
1173
1170
1172
1170
1170
1171
1169
1169
1169
1169
1169
1169
1170
1170
1168
1168
1170
1168
1169
1170
1170
1168
1169
1171
1168
1169
1169
1170
1168
1163
1168
1165
1151
1172
1175
1170
1170
1169
1169
1167
1165
1161
1160
1156
1159
1158
1157
1157
1156
1155
1154
1155
1153
1154
1154
1152
1153
1152
1152
1152
1150
1157
1159
1156
1156
1156
1158
1163
1163
1160
1160
1162
1162
1162
1163
1167
1173
1170
1172
1171
1171
1170
1171
1170
1171
1170
1170
1170
1170
1170
1169
1171
1171
1171
1171
1172
1172
1172
1170
1171
1170
1170
1171
1171
1171
1171
1171
1176
1176
1176
1170
1170
1169
1170
1170
1167
1167
1170
1173
1176
1176
1177
1174
1175
1174
1173
1174
1172
1173
1173
1173
1172
1173
1174
1176
1176
1179
1179
1179
1177
1177
1177
1176
1176
1176
1176
1176
1176
1176
1176
1176
1176
1176
1177
1177
1177
1177
1177
1177
1176
1176
1176
1178
1176
1175
1175
1175
1175
1175
1175
1175
1175
1175
1176
1176
1176
1175
1176
1176
1176
1175
1175
1175
1175
1175
1177
1176
1176
1176
1176
1176
1176
1176
1178
1176
1178
1178
1178
1176
1175
1174
1174
1174
1173
1173
1174
1173
1173
1175
1174
1173
1173
1172
1172
1173
1172
1173
1173
1173
1173
1173
1173
1173
1173
1173
1172
1173
1171
1171
1173
1172
1171
1169
1170
1171
1171
1171
1173
1172
1170
1172
1172
1170
1171
1170
1170
1170
1170
1170
1168
1170
1168
1174
1170
1170
1171
1172
1171
1171
1173
1172
1175
1175
1175
1179
1179
1178
1177
1179
1181
1181
1180
1180
1180
1181
1181
1181
1180
1182
1182
1182
1182
1183
1181
1182
1182
1182
1182
1181
1181
1180
1180
1180
1180
1183
1183
1181
1181
1184
1182
1181
1184
1184
1184
1183
1183
1183
1181
1182
1181
1181
1181
1181
1180
1181
1182
1181
1181
1181
1182
1182
1181
1183
1184
1184
1184
1184
1184
1184
1185
1188
1188
1191
1191
1191
1191
1188
1188
1189
1187
1186
1189
1189
1188
1188
1188
1188
1187
1186
1188
1188
1188
1187
1187
1188
1188
1188
1188
1185
1183
1186
1186
1186
1182
1185
1184
1184
1187
1184
1184
1184
1186
1190
1189
1189
1188
1187
1187
1187
1187
1187
1184
1184
1184
1183
1184
1183
1182
1182
1183
1180
1180
1180
1179
1180
1180
1179
1179
1179
1182
1178
1179
1179
1179
1179
1179
1181
1181
1181
1181
1181
1180
1180
1181
1181
1181
1181
1181
1182
1181
1180
1180
1180
1179
1178
1180
1180
1178
1178
1180
1178
1178
1178
1178
1178
1178
1177
1177
1177
1177
1178
1177
1177
1177
1177
1176
1175
1175
1175
1176
1176
1175
1175
1175
1175
1175
1176
1176
1177
1177
1177
1177
1177
1177
1177
1177
1177
1177
1177
1177
1177
1177
1177
1177
1177
1177
1177
1177
1180
1176
1176
1176
1176
1177
1177
1177
1177
1177
1177
1177
1177
1177
1177
1177
1177
1177
1177
1177
1177
1178
1178
1178
1180
1176
1177
1178
1178
1180
1175
1175
1175
1174
1174
1174
1174
1174
1174
1174
1174
1174
1173
1173
1173
1173
1173
1173
1170
1170
1170
1170
1169
1170
1170
1171
1171
1170
1171
1170
1171
1170
1170
1170
1170
1170
1170
1170
1170
1169
1170
1170
1170
1170
1170
1170
1169
1169
1170
1169
1169
1171
1171
1171
1169
1169
1171
1170
1170
1170
1170
1170
1170
1170
1170
1170
1170
1170
1170
1170
1170
1169
1169
1169
1168
1168
1167
1168
1168
1166
1166
1166
1166
1167
1168
1170
1170
1167
1166
1166
1173
1167
1169
1169
1169
1166
1166
1166
1166
1165
1167
1166
1166
1167
1170
1167
1167
1169
1173
1170
1167
1170
1166
1172
1171
1172
1169
1169
1172
1170
1170
1169
1168
1168
1167
1169
1181
1181
1179
1180
1180
1178
1180
1180
1180
1180
1180
1180
1180
1180
1180
1179
1178
1180
1180
1180
1179
1180
1180
1178
1177
1180
1180
1180
1178
1177
1176
1176
1175
1175
1176
1177
1174
1175
1177
1178
1176
1175
1176
1175
1175
1175
1168
1173
1178
1175
1179
1176
1173
1173
1171
1168
1168
1173
1167
1172
1170
1172
1169
1172
1172
1174
1166
1171
1168
1173
1167
1170
1170
1170
1168
1164
1162
1162
1161
1157
1162
1162
1162
1163
1162
1162
1162
1162
1161
1160
1154
1159
1156
1155
1158
1159
1163
1160
1163
1160
1162
1160
1155
1163
1162
1162
1161
1162
1160
1158
1156
1156
1157
1157
1157
1159
1156
1161
1161
1156
1153
1154
1156
1156
1155
1158
1165
1160
1166
1168
1168
1166
1170
1168
1171
1170
1170
1175
1175
1177
1179
1176
1176
1176
1173
1179
1185
1184
1184
1184
1183
1184
1184
1190
1191
1191
1191
1190
1190
1189
1190
1189
1189
1189
1190
1188
1190
1190
1187
1186
1186
1184
1185
1183
1184
1183
1183
1183
1183
1183
1183
1184
1182
1182
1181
1180
1182
1182
1182
1182
1182
1182
1182
1182
1182
1181
1184
1184
1183
1184
1183
1184
1184
1183
1183
1184
1182
1181
1180
1180
1177
1179
1179
1175
1175
1183
1181
1181
1181
1182
1181
1181
1181
1184
1183
1183
1183
1183
1184
1184
1183
1183
1182
1182
1181
1182
1180
1181
1180
1179
1180
1180
1179
1179
1177
1177
1178
1178
1178
1174
1175
1172
1173
1173
1173
1173
1174
1174
1174
1176
1174
1174
1173
1170
1169
1172
1173
1173
1174
1174
1173
1175
1174
1175
1175
1175
1175
1175
1174
1175
1176
1174
1175
1175
1173
1171
1171
1171
1168
1166
1169
1171
1172
1173
1173
1173
1167
1169
1169
1168
1168
1168
1167
1169
1167
1170
1170
1170
1171
1173
1173
1170
1170
1169
1169
1169
1165
1165
1165
1162
1164
1163
1164
1163
1162
1160
1163
1164
1163
1164
1161
1158
1159
1161
1159
1160
1158
1158
1162
1160
1165
1165
1169
1168
1172
1173
1174
1174
1171
1178
1177
1178
1175
1178
1177
1175
1175
1172
1168
1174
1179
1181
1181
1181
1182
1175
1177
1180
1175
1174
1175
1183
1185
1188
1188
1190
1191
1191
1187
1187
1192
1192
1190
1190
1189
1190
1194
1193
1193
1193
1193
1196
1194
1196
1195
1194
1196
1198
1197
1197
1197
1197
1194
1197
1197
1196
1198
1198
1194
1196
1196
1197
1194
1194
1193
1191
1194
1194
1194
1194
1194
1192
1194
1193
1192
1191
1191
1189
1188
1186
1186
1186
1187
1189
1188
1188
1193
1192
1189
1187
1189
1190
1192
1190
1190
1191
1190
1190
1189
1187
1186
1187
1189
1193
1193
1193
1192
1192
1190
1182
1185
1183
1183
1185
1185
1185
1185
1181
1180
1179
1187
1175
1169
1170
1171
1171
1179
1182
1173
1170
1180
1211
1209
1211
1210
1211
1211
1212
1213
1215
1215
1215
1217
1216
1216
1215
1216
1216
1215
1215
1215
1213
1215
1213
1213
1213
1212
1212
1212
1214
1213
1212
1213
1214
1216
1215
1217
1216
1216
1217
1215
1218
1218
1218
1218
1218
1218
1217
1218
1217
1217
1216
1217
1218
1217
1217
1216
1215
1214
1214
1214
1214
1214
1212
1212
1213
1215
1217
1216
1216
1216
1216
1215
1211
1213
1210
1210
1212
1212
1212
1213
1213
1213
1213
1215
1215
1215
1215
1215
1215
1215
1215
1214
1213
1213
1212
1210
1209
1211
1212
1210
1210
1211
1210
1210
1213
1215
1215
1215
1215
1214
1215
1214
1211
1211
1212
1213
1212
1212
1213
1214
1214
1215
1214
1215
1215
1215
1215
1217
1215
1217
1215
1215
1215
1215
1216
1217
1217
1216
1217
1216
1218
1217
1216
1217
1218
1220
1219
1221
1220
1220
1220
1220
1219
1219
1219
1220
1218
1220
1218
1218
1218
1218
1218
1218
1216
1216
1218
1218
1218
1216
1216
1217
1216
1217
1217
1217
1217
1216
1217
1217
1214
1215
1217
1217
1217
1217
1217
1217
1214
1214
1213
1211
1211
1212
1212
1214
1213
1214
1213
1216
1216
1219
1219
1219
1219
1219
1216
1219
1219
1219
1219
1219
1218
1219
1219
1221
1221
1221
1219
1222
1221
1221
1223
1223
1220
1222
1221
1223
1221
1220
1220
1216
1214
1214
1215
1213
1211
1211
1211
1210
1213
1214
1216
1218
1219
1219
1220
1220
1220
1220
1220
1220
1220
1219
1220
1219
1220
1218
1215
1215
1216
1216
1216
1218
1220
1216
1216
1215
1216
1216
1216
1216
1213
1213
1213
1220
1220
1220
1221
1220
1223
1222
1220
1219
1220
1220
1221
1221
1223
1222
1220
1220
1219
1222
1221
1221
1221
1220
1220
1219
1219
1218
1217
1215
1215
1214
1213
1213
1213
1214
1213
1214
1212
1212
1210
1210
1210
1210
1210
1210
1209
1210
1210
1210
1210
1208
1209
1209
1209
1209
1209
1210
1208
1208
1210
1211
1210
1208
1209
1211
1213
1213
1212
1212
1212
1213
1214
1214
1214
1214
1214
1214
1212
1214
1215
1216
1217
1217
1217
1216
1218
1220
1220
1220
1219
1221
1221
1222
1222
1223
1222
1223
1223
1223
1224
1224
1221
1222
1223
1222
1222
1221
1223
1222
1223
1222
1221
1222
1219
1220
1219
1219
1219
1219
1221
1220
1220
1220
1221
1221
1220
1220
1220
1219
1220
1220
1223
1223
1224
1223
1224
1221
1222
1221
1220
1220
1220
1219
1219
1222
1222
1221
1221
1221
1223
1221
1223
1222
1223
1223
1224
1225
1224
1223
1223
1223
1223
1224
1223
1223
1223
1223
1223
1223
1223
1223
1223
1223
1223
1224
1224
1225
1225
1225
1223
1225
1225
1226
1226
1226
1226
1226
1226
1227
1225
1225
1221
1221
1221
1220
1220
1219
1219
1221
1218
1219
1219
1220
1219
1219
1218
1219
1217
1218
1218
1218
1219
1219
1219
1219
1219
1219
1218
1218
1218
1218
1221
1222
1221
1222
1223
1222
1223
1225
1225
1224
1222
1223
1223
1224
1224
1223
1223
1223
1222
1222
1222
1222
1223
1224
1224
1224
1224
1224
1222
1224
1223
1224
1225
1225
1226
1223
1221
1219
1219
1219
1219
1218
1219
1220
1221
1220
1219
1220
1220
1214
1214
1215
1214
1214
1214
1214
1213
1214
1214
1215
1215
1215
1215
1215
1215
1215
1214
1215
1213
1213
1213
1212
1213
1212
1212
1212
1212
1211
1212
1212
1212
1213
1213
1212
1211
1212
1211
1213
1211
1211
1211
1211
1212
1212
1212
1212
1212
1212
1212
1212
1211
1211
1211
1211
1211
1210
1210
1210
1210
1210
1210
1209
1210
1209
1208
1208
1209
1208
1209
1209
1209
1209
1209
1206
1206
1206
1206
1209
1207
1208
1209
1209
1209
1209
1209
1209
1209
1206
1206
1209
1208
1208
1206
1206
1206
1206
1204
1205
1203
1203
1206
1206
1206
1206
1206
1203
1207
1205
1207
1208
1208
1207
1207
1208
1207
1207
1207
1206
1207
1207
1205
1206
1205
1205
1205
1204
1205
1205
1205
1205
1205
1204
1202
1202
1202
1202
1200
1200
1201
1201
1202
1200
1200
1200
1200
1199
1200
1200
1200
1200
1200
1200
1200
1201
1200
1200
1201
1201
1200
1202
1202
1203
1202
1202
1202
1202
1202
1202
1202
1202
1202
1202
1202
1202
1202
1210
1211
1212
1211
1214
1214
1214
1214
1211
1211
1213
1213
1212
1212
1213
1212
1213
1213
1212
1213
1213
1213
1213
1213
1213
1213
1213
1213
1212
1212
1212
1211
1212
1212
1211
1212
1212
1212
1210
1210
1210
1210
1210
1210
1210
1210
1210
1210
1210
1210
1208
1208
1208
1208
1208
1208
1208
1208
1208
1208
1208
1210
1208
1210
1209
1206
1204
1204
1203
1202
1202
1202
1203
1203
1202
1202
1202
1203
1203
1203
1202
1202
1202
1202
1201
1203
1201
1202
1203
1203
1203
1201
1204
1205
1205
1201
1202
1203
1203
1206
1203
1205
1209
1209
1209
1209
1209
1208
1209
1205
1202
1205
1205
1204
1204
1203
1204
1206
1205
1209
1207
1209
1210
1210
1209
1209
1209
1210
1211
1208
1209
1208
1210
1210
1208
1209
1210
1209
1212
1212
1211
1211
1212
1212
1211
1209
1211
1211
1210
1211
1211
1211
1208
1209
1209
1209
1209
1210
1210
1211
1210
1210
1212
1214
1214
1214
1213
1213
1213
1213
1213
1213
1213
1212
1212
1212
1212
1210
1209
1210
1211
1212
1210
1208
1208
1209
1210
1210
1210
1208
1208
1208
1209
1208
1209
1208
1212
1208
1210
1208
1209
1210
1211
1210
1209
1210
1210
1210
1212
1212
1212
1212
1212
1212
1212
1212
1214
1214
1213
1214
1214
1213
1213
1215
1212
1213
1214
1213
1214
1213
1213
1213
1212
1213
1214
1216
1217
1217
1217
1217
1218
1218
1217
1216
1216
1216
1216
1211
1211
1209
1208
1207
1210
1210
1209
1208
1201
1203
1203
1203
1202
1202
1202
1202
1202
1204
1204
1204
1202
1202
1204
1203
1205
1205
1203
1203
1205
1205
1203
1203
1203
1204
1204
1204
1204
1204
1204
1201
1203
1204
1202
1203
1205
1207
1207
1205
1205
1205
1208
1205
1205
1208
1208
1207
1205
1207
1207
1209
1209
1209
1209
1209
1209
1209
1209
1209
1209
1209
1209
1209
1208
1208
1209
1212
1212
1212
1212
1209
1209
1209
1210
1210
1210
1210
1210
1212
1211
1212
1212
1212
1212
1212
1212
1212
1212
1212
1212
1209
1207
1207
1207
1207
1207
1207
1205
1205
1203
1204
1203
1203
1204
1204
1207
1207
1205
1205
1205
1207
1208
1208
1208
1208
1209
1209
1209
1207
1207
1207
1207
1207
1207
1207
1207
1206
1206
1206
1207
1208
1208
1208
1207
1208
1210
1210
1211
1211
1211
1211
1212
1212
1212
1211
1212
1211
1211
1211
1211
1212
1212
1212
1212
1212
1211
1212
1212
1211
1212
1211
1211
1211
1211
1211
1211
1211
1211
1212
1212
1212
1212
1212
1214
1215
1214
1213
1212
1211
1211
1211
1214
1214
1211
1215
1213
1214
1211
1208
1207
1207
1211
1216
1214
1215
1216
1216
1215
1216
1216
1216
1216
1216
1215
1215
1215
1212
1210
1207
1210
1210
1211
1211
1212
1211
1209
1208
1211
1215
1215
1209
1207
1205
1205
1207
1208
1208
1198
1197
1198
1195
1195
1195
1195
1195
1195
1193
1192
1193
1193
1192
1190
1190
1190
1190
1190
1190
1189
1189
1187
1186
1186
1186
1186
1187
1186
1185
1187
1187
1185
1187
1187
1184
1184
1184
1183
1184
1184
1184
1184
1183
1183
1181
1178
1176
1176
1176
1176
1179
1179
1180
1180
1181
1181
1181
1181
1184
1184
1184
1183
1184
1183
1184
1184
1184
1184
1183
1183
1183
1183
1183
1183
1183
1183
1183
1183
1183
1183
1183
1183
1183
1183
1182
1183
1184
1184
1184
1184
1185
1185
1185
1185
1185
1184
1185
1185
1185
1184
1184
1184
1184
1184
1184
1184
1185
1185
1184
1184
1185
1185
1185
1185
1185
1187
1187
1186
1186
1186
1186
1186
1186
1185
1185
1185
1187
1185
1185
1185
1186
1184
1184
1184
1184
1185
1186
1186
1186
1186
1186
1186
1186
1186
1186
1186
1186
1187
1186
1186
1186
1187
1187
1188
1186
1186
1186
1186
1185
1185
1184
1188
1189
1189
1188
1184
1185
1182
1186
1186
1186
1186
1186
1184
1184
1185
1185
1185
1185
1185
1184
1185
1185
1185
1184
1184
1184
1185
1184
1184
1184
1184
1184
1186
1186
1186
1187
1186
1189
1189
1188
1188
1185
1188
1185
1186
1185
1185
1184
1184
1184
1184
1183
1183
1183
1182
1182
1182
1182
1182
1180
1181
1181
1180
1179
1179
1182
1182
1182
1181
1181
1181
1180
1180
1180
1179
1179
1179
1179
1177
1180
1180
1180
1180
1177
1177
1177
1180
1177
1178
1178
1178
1178
1178
1178
1177
1179
1179
1179
1178
1177
1177
1177
1177
1177
1177
1178
1178
1178
1178
1178
1178
1178
1178
1175
1175
1173
1174
1174
1174
1174
1177
1173
1174
1172
1172
1177
1174
1174
1172
1183
1183
1182
1180
1178
1178
1178
1180
1181
1187
1189
1188
1188
1189
1190
1190
1189
1189
1188
1189
1188
1189
1188
1188
1187
1188
1187
1187
1189
1187
1187
1190
1187
1188
1187
1187
1187
1187
1185
1185
1186
1186
1186
1186
1186
1186
1185
1185
1187
1189
1188
1188
1188
1187
1186
1188
1189
1189
1190
1191
1191
1191
1190
1190
1189
1190
1189
1188
1192
1192
1192
1190
1191
1193
1192
1192
1191
1191
1192
1192
1192
1192
1192
1192
1192
1192
1192
1192
1192
1192
1192
1192
1192
1192
1190
1192
1192
1192
1191
1193
1193
1193
1192
1191
1191
1187
1187
1187
1187
1187
1186
1185
1186
1184
1184
1185
1188
1188
1188
1188
1188
1190
1189
1191
1192
1192
1192
1191
1192
1192
1195
1193
1194
1194
1194
1194
1194
1194
1193
1194
1194
1193
1193
1194
1195
1195
1195
1195
1195
1195
1195
1195
1195
1195
1196
1195
1195
1195
1195
1195
1195
1195
1195
1195
1195
1192
1192
1192
1192
1192
1192
1191
1191
1190
1190
1190
1190
1190
1190
1190
1189
1189
1192
1191
1190
1192
1194
1194
1193
1193
1193
1193
1196
1193
1195
1193
1193
1193
1193
1196
1196
1196
1195
1195
1195
1195
1195
1193
1195
1193
1195
1195
1195
1194
1193
1197
1197
1195
1196
1195
1195
1194
1193
1193
1191
1192
1192
1190
1190
1192
1192
1194
1194
1194
1193
1193
1193
1195
1193
1192
1192
1191
1191
1191
1191
1191
1191
1191
1191
1191
1191
1191
1191
1191
1185
1186
1185
1183
1182
1182
1182
1186
1185
1183
1183
1187
1187
1190
1190
1190
1192
1191
1191
1190
1190
1189
1188
1188
1189
1186
1187
1188
1188
1185
1185
1187
1186
1187
1186
1187
1185
1187
1190
1190
1190
1187
1190
1190
1190
1190
1186
1188
1189
1189
1193
1192
1192
1194
1197
1198
1198
1197
1197
1194
1197
1196
1195
1195
1195
1195
1197
1197
1197
1197
1197
1196
1197
1196
1196
1196
1196
1196
1195
1196
1197
1197
1197
1197
1197
1194
1195
1197
1196
1193
1197
1193
1196
1196
1191
1192
1191
1190
1190
1188
1190
1190
1187
1187
1188
1189
1187
1187
1188
1187
1185
1184
1185
1190
1189
1189
1190
1190
1189
1190
1190
1189
1190
1189
1188
1187
1188
1188
1188
1188
1190
1192
1192
1192
1193
1193
1193
1193
1193
1193
1192
1192
1193
1192
1192
1192
1193
1191
1191
1192
1192
1191
1191
1192
1192
1192
1189
1190
1189
1189
1192
1191
1188
1188
1189
1189
1192
1189
1189
1189
1188
1191
1190
1192
1192
1190
1192
1192
1191
1192
1193
1194
1194
1194
1193
1192
1193
1193
1192
1190
1189
1189
1189
1187
1187
1187
1189
1187
1189
1188
1190
1190
1190
1189
1189
1189
1188
1188
1188
1188
1188
1190
1190
1190
1190
1189
1191
1187
1187
1192
1192
1192
1195
1197
1197
1197
1197
1196
1195
1194
1194
1193
1193
1191
1192
1193
1192
1189
1190
1195
1199
1200
1200
1198
1198
1198
1197
1195
1195
1196
1190
1191
1189
1189
1187
1186
1186
1186
1186
1185
1184
1186
1186
1186
1185
1182
1181
1183
1181
1183
1181
1184
1182
1181
1182
1182
1182
1181
1180
1179
1179
1181
1181
1183
1182
1181
1183
1184
1184
1185
1187
1187
1185
1186
1185
1185
1185
1185
1184
1184
1183
1185
1185
1185
1183
1183
1182
1185
1183
1179
1178
1178
1179
1177
1179
1184
1184
1186
1185
1187
1185
1187
1187
1190
1190
1191
1191
1197
1195
1195
1195
1195
1195
1195
1194
1191
1192
1192
1189
1192
1190
1192
1196
1196
1194
1186
1186
1186
1186
1186
1185
1186
1189
1187
1191
1193
1194
1187
1188
1195
1193
1194
1194
1194
1194
1193
1194
1194
1194
1195
1185
1187
1187
1187
1188
1192
1194
1196
1196
1196
1196
1197
1196
1197
1194
1194
1193
1196
1198
1193
1194
1192
1197
1195
1199
1200
1197
1197
1191
1190
1189
1188
1188
1184
1183
1183
1183
1183
1187
1187
1186
1184
1183
1184
1185
1179
1180
1177
1177
1177
1179
1180
1179
1178
1176
1175
1174
1173
1171
1171
1171
1175
1173
1173
1172
1172
1173
1175
1173
1174
1175
1173
1171
1170
1168
1169
1172
1171
1172
1171
1171
1172
1170
1169
1169
1169
1169
1169
1169
1169
1168
1169
1170
1168
1169
1166
1166
1168
1167
1168
1170
1168
1168
1168
1170
1168
1169
1170
1171
1169
1169
1168
1168
1169
1170
1170
1170
1170
1170
1171
1171
1170
1167
1166
1165
1165
1164
1164
1164
1162
1167
1167
1169
1169
1169
1169
1168
1168
1168
1170
1169
1169
1170
1171
1169
1169
1172
1176
1176
1177
1178
1177
1177
1177
1175
1175
1175
1175
1173
1171
1171
1171
1168
1168
1171
1172
1173
1173
1175
1172
1172
1171
1169
1167
1166
1164
1165
1165
1164
1165
1164
1166
1162
1163
1160
1160
1160
1160
1160
1160
1160
1160
1160
1156
1159
1159
1159
1160
1158
1160
1160
1160
1157
1160
1160
1160
1159
1160
1159
1159
1156
1156
1157
1156
1156
1156
1154
1155
1157
1159
1160
1161
1161
1161
1158
1161
1162
1162
1163
1156
1155
1153
1155
1156
1155
1150
1151
1152
1153
1155
1155
1154
1154
1154
1157
1157
1158
1159
1157
1157
1157
1157
1155
1156
1156
1152
1154
1153
1153
1153
1153
1152
1153
1150
1150
1152
1149
1147
1149
1150
1152
1150
1149
1149
1146
1146
1143
1143
1143
1144
1143
1143
1143
1143
1144
1144
1143
1144
1144
1143
1142
1143
1143
1143
1142
1142
1141
1143
1143
1142
1142
1142
1142
1142
1141
1141
1141
1141
1141
1141
1140
1142
1143
1146
1145
1145
1145
1145
1142
1141
1135
1135
1135
1134
1134
1135
1133
1133
1134
1133
1132
1130
1127
1128
1127
1126
1124
1123
1122
1125
1126
1127
1129
1128
1128
1126
1127
1127
1129
1129
1129
1128
1128
1130
1129
1129
1127
1126
1126
1126
1128
1127
1129
1129
1130
1130
1129
1128
1129
1128
1129
1127
1130
1130
1130
1132
1132
1132
1132
1132
1130
1131
1131
1131
1130
1127
1129
1127
1124
1127
1129
1129
1130
1130
1130
1133
1133
1131
1132
1133
1127
1124
1124
1128
1127
1128
1126
1126
1124
1126
1122
1123
1122
1122
1122
1125
1122
1122
1122
1121
1122
1121
1122
1122
1122
1122
1121
1121
1120
1121
1122
1124
1128
1128
1128
1128
1127
1127
1128
1128
1127
1127
1127
1127
1128
1127
1127
1127
1126
1126
1126
1125
1125
1125
1125
1125
1126
1124
1124
1123
1123
1125
1125
1125
1126
1124
1127
1126
1127
1127
1129
1128
1128
1130
1129
1127
1128
1128
1130
1129
1130
1130
1127
1128
1127
1127
1127
1126
1126
1124
1125
1126
1125
1127
1126
1127
1128
1126
1126
1126
1124
1126
1128
1129
1128
1130
1130
1129
1127
1127
1126
1125
1128
1125
1124
1122
1121
1119
1120
1118
1117
1118
1121
1119
1117
1117
1117
1120
1119
1119
1119
1120
1117
1119
1119
1118
1113
1114
1115
1122
1123
1123
1124
1126
1127
1128
1132
1132
1132
1130
1130
1131
1132
1133
1133
1134
1133
1133
1135
1135
1136
1136
1136
1136
1136
1135
1135
1135
1135
1135
1135
1135
1135
1135
1135
1135
1134
1134
1134
1135
1134
1135
1136
1136
1136
1136
1136
1136
1136
1136
1137
1140
1140
1138
1139
1138
1137
1142
1140
1141
1140
1138
1137
1136
1135
1136
1136
1135
1136
1135
1136
1136
1136
1139
1138
1138
1138
1138
1138
1138
1138
1139
1138
1139
1140
1142
1142
1141
1143
1142
1143
1143
1143
1142
1142
1143
1145
1142
1145
1142
1142
1142
1143
1144
1144
1144
1144
1144
1144
1143
1141
1140
1142
1140
1142
1142
1141
1140
1141
1140
1140
1139
1139
1137
1138
1135
1136
1138
1138
1137
1137
1135
1136
1135
1136
1137
1137
1139
1138
1138
1138
1138
1138
1138
1138
1137
1137
1136
1134
1135
1133
1136
1137
1136
1135
1134
1134
1135
1137
1137
1137
1138
1139
1139
1139
1139
1139
1139
1139
1139
1140
1140
1140
1140
1140
1141
1138
1136
1132
1136
1134
1134
1138
1138
1138
1135
1133
1139
1137
1138
1138
1137
1137
1136
1137
1137
1136
1136
1135
1135
1135
1134
1133
1134
1131
1130
1130
1130
1129
1127
1127
1128
1127
1129
1129
1128
1130
1130
1132
1134
1133
1132
1132
1132
1131
1130
1129
1129
1127
1126
1126
1127
1127
1127
1126
1129
1127
1128
1130
1133
1136
1136
1136
1137
1137
1137
1139
1139
1143
1143
1143
1142
1143
1143
1142
1141
1140
1140
1141
1141
1139
1137
1146
1146
1147
1150
1148
1144
1145
1152
1150
1154
1155
1157
1159
1160
1161
1161
1160
1158
1157
1157
1157
1157
1156
1158
1157
1158
1158
1158
1154
1152
1154
1155
1152
1152
1153
1155
1153
1152
1153
1152
1155
1155
1155
1156
1155
1155
1155
1155
1156
1156
1154
1154
1154
1155
1154
1154
1155
1155
1153
1152
1150
1149
1149
1148
1148
1147
1147
1147
1147
1147
1147
1145
1146
1145
1147
1146
1148
1148
1147
1147
1146
1146
1145
1144
1144
1145
1145
1145
1145
1146
1145
1145
1145
1145
1146
1146
1147
1147
1146
1147
1146
1146
1144
1144
1144
1144
1144
1144
1144
1146
1144
1145
1144
1146
1146
1146
1146
1144
1144
1144
1145
1146
1144
1144
1143
1143
1144
1141
1141
1142
1142
1144
1145
1144
1145
1145
1146
1142
1144
1144
1144
1144
1147
1146
1145
1145
1144
1144
1146
1145
1143
1143
1141
1141
1142
1142
1141
1142
1142
1139
1143
1142
1142
1145
1145
1148
1148
1149
1146
1148
1146
1147
1145
1150
1149
1148
1149
1149
1151
1151
1152
1152
1152
1149
1145
1136
1140
1143
1145
1144
1146
1146
1138
1138
1133
1133
1136
1139
1140
1141
1141
1148
1143
1150
1151
1151
1151
1149
1151
1152
1151
1151
1147
1146
1147
1149
1152
1152
1152
1152
1149
1152
1148
1150
1146
1148
1148
1145
1148
1148
1147
1145
1146
1146
1144
1142
1141
1140
1140
1140
1141
1143
1145
1146
1146
1146
1146
1146
1147
1143
1145
1137
1139
1140
1138
1137
1134
1131
1133
1130
1130
1130
1129
1129
1129
1130
1130
1131
1129
1130
1130
1131
1131
1133
1135
1135
1137
1135
1136
1136
1135
1135
1135
1134
1132
1132
1131
1131
1130
1131
1131
1130
1131
1135
1135
1135
1135
1135
1136
1133
1134
1136
1136
1137
1136
1135
1136
1136
1136
1136
1136
1137
1136
1134
1135
1136
1136
1134
1133
1133
1131
1131
1132
1131
1131
1130
1129
1127
1129
1127
1127
1128
1129
1131
1131
1129
1132
1131
1130
1125
1125
1125
1125
1128
1126
1128
1126
1127
1126
1128
1128
1129
1129
1131
1132
1131
1131
1133
1132
1133
1132
1132
1134
1134
1132
1132
1133
1133
1133
1132
1133
1133
1132
1132
1128
1128
1128
1129
1128
1126
1128
1127
1128
1125
1120
1120
1121
1124
1127
1127
1127
1127
1127
1120
1120
1117
1121
1121
1118
1112
1112
1112
1112
1111
1110
1118
1118
1118
1117
1117
1117
1117
1117
1117
1118
1117
1117
1117
1117
1117
1117
1117
1118
1117
1118
1118
1118
1118
1119
1118
1118
1120
1119
1121
1118
1117
1118
1120
1116
1116
1117
1118
1118
1116
1116
1116
1115
1118
1115
1115
1115
1122
1123
1115
1118
1118
1118
1117
1116
1116
1116
1117
1114
1114
1121
1123
1124
1124
1126
1125
1124
1122
1122
1121
1120
1119
1119
1119
1120
1119
1119
1118
1116
1115
1114
1114
1115
1112
1106
1106
1107
1106
1108
1107
1104
1104
1102
1105
1105
1105
1105
1106
1105
1110
1106
1105
1105
1105
1105
1105
1104
1093
1094
1095
1090
1089
1090
1082
1078
1078
1080
1077
1076
1077
1077
1078
1079
1079
1079
1085
1084
1084
1091
1090
1093
1091
1092
1091
1090
1089
1089
1085
1085
1085
1085
1082
1081
1082
1080
1078
1078
1085
1084
1085
1087
1086
1085
1097
1094
1098
1098
1095
1094
1092
1092
1095
1100
1100
1097
1095
1094
1095
1099
1099
1095
1096
1093
1086
1086
1085
1089
1090
1090
1090
1090
1090
1084
1084
1092
1094
1086
1081
1082
1082
1084
1075
1075
1074
1075
1075
1075
1079
1083
1082
1080
1081
1081
1080
1084
1082
1082
1081
1082
1083
1082
1085
1082
1086
1088
1088
1092
1091
1091
1092
1091
1089
1089
1088
1088
1087
1087
1086
1086
1083
1082
1078
1078
1076
1075
1074
1073
1075
1075
1077
1077
1078
1077
1078
1078
1077
1075
1076
1076
1077
1078
1079
1077
1077
1080
1080
1080
1079
1079
1078
1076
1076
1075
1073
1073
1073
1072
1069
1071
1067
1069
1069
1069
1069
1070
1068
1068
1072
1072
1075
1077
1075
1077
1077
1075
1075
1075
1075
1075
1077
1078
1078
1080
1086
1086
1086
1086
1086
1085
1085
1080
1076
1080
1080
1075
1077
1067
1068
1069
1070
1070
1074
1072
1071
1069
1072
1072
1071
1070
1070
1071
1071
1074
1074
1074
1075
1075
1075
1074
1074
1073
1072
1073
1080
1079
1079
1078
1079
1079
1081
1083
1083
1081
1080
1081
1081
1079
1081
1081
1082
1078
1078
1081
1081
1079
1077
1077
1079
1076
1076
1076
1076
