6424
6424
6420
6425
6427
6428
6428
6427
6424
6422
6417
6416
6406
6400
6400
6400
6400
6397
6397
6400
6395
6400
6400
6396
6394
6395
6395
6381
6381
6384
6387
6389
6389
6395
6392
6392
6395
6395
6395
6390
6388
6385
6387
6380
6388
6379
6381
6379
6371
6366
6366
6358
6360
6367
6389
6393
6393
6380
6376
6395
6384
6394
6378
6392
6381
6410
6405
6434
6446
6428
6421
6448
6424
6424
6423
6420
6421
6411
6421
6428
6428
6400
6395
6394
6379
6378
6373
6387
6388
6385
6390
6394
6402
6401
6405
6410
6404
6396
6402
6387
6382
6378
6376
6377
6370
6377
6379
6379
6379
6376
6370
6370
6365
6370
6370
6370
6370
6370
6355
6359
6359
6361
6359
6364
6347
6347
6350
6351
6352
6355
6358
6343
6335
6330
6320
6329
6328
6322
6332
6284
6320
6333
6339
6336
6341
6341
6360
6353
6351
6350
6352
6338
6341
6356
6356
6356
6357
6361
6361
6360
6360
6360
6319
6329
6336
6343
6338
6343
6346
6350
6358
6360
6354
6346
6361
6363
6358
6366
6373
6373
6378
6376
6380
6384
6388
6371
6375
6370
6370
6371
6361
6368
6383
6387
6361
6387
6373
6364
6350
6345
6345
6350
6365
6389
6387
6395
6364
6369
6409
6338
6340
6335
6334
6343
6350
6344
6327
6298
6290
6296
6275
6279
6300
6291
6234
6222
6220
6220
6210
6202
6201
6208
6216
6219
6220
6206
6205
6200
6205
6204
6203
6205
6206
6205
6210
6202
6205
6200
6190
6195
6207
6220
6223
6227
6220
6205
6210
6226
6208
6198
6203
6203
6195
6201
6200
6207
6219
6210
6205
6190
6170
6170
6171
6165
6158
6156
6161
6160
6164
6166
6160
6163
6171
6154
6163
6161
6161
6174
6164
6159
6145
6138
6138
6130
6130
6125
6125
6125
6123
6125
6125
6123
6123
6123
6123
6120
6115
6110
6110
6110
6110
6110
6101
6110
6089
6089
6089
6087
6089
6090
6094
6091
6099
6088
6088
6096
6111
6100
6109
6111
6110
6111
6115
6104
6126
6116
6118
6142
6138
6145
6146
6144
6135
6135
6138
6138
6141
6149
6152
6155
6154
6154
6154
6153
6153
6142
6165
6165
6158
6155
6150
6145
6143
6143
6143
6143
6142
6143
6143
6134
6131
6131
6131
6126
6126
6130
6130
6130
6130
6130
6130
6127
6135
6135
6135
6130
6130
6119
6121
6125
6126
6117
6118
6112
6125
6125
6125
6125
6132
6129
6129
6142
6137
6118
6131
6131
6136
6129
6127
6144
6139
6138
6139
6128
6127
6132
6130
6140
6138
6145
6138
6146
6146
6145
6132
6130
6122
6132
6132
6125
6133
6128
6120
6120
6140
6129
6128
6107
6111
6098
6091
6098
6095
6095
6093
6099
6099
6098
6099
6099
6099
6099
6100
6100
6090
6089
6088
6088
6098
6102
6109
6110
6102
6112
6109
6105
6105
6100
6099
6089
6091
6096
6105
6102
6094
6093
6075
6078
6076
6079
6080
6066
6089
6089
6089
6089
6091
6083
6083
6099
6099
6100
6110
6118
6106
6118
6110
6126
6120
6130
6132
6132
6132
6132
6130
6130
6129
6115
6101
6090
6094
6094
6094
6090
6089
6074
6080
6079
6062
6066
6051
6058
6077
6077
6077
6070
6064
6067
6070
6070
6067
6070
6068
6076
6099
6099
6081
6075
6075
6075
6074
6074
6077
6064
6077
6068
6064
6056
6050
6050
6072
6077
6076
6054
6095
6093
6121
6106
6104
6115
6132
6163
6163
6157
6151
6154
6153
6163
6172
6164
6164
6166
6171
6164
6172
6153
6150
6157
6155
6147
6124
6113
6120
6136
6137
6128
6112
6107
6115
6151
6134
6143
6150
6165
6168
6173
6178
6160
6160
6158
6176
6176
6185
6208
6194
6207
6216
6202
6187
6175
6175
6176
6168
6162
6170
6159
6171
6170
6169
6169
6173
6169
6172
6151
6155
6156
6159
6160
6137
6143
6140
6145
6144
6134
6136
6115
6118
6138
6134
6134
6154
6135
6135
6132
6142
6138
6154
6158
6113
6100
6113
6110
6100
6104
6117
6118
6120
6118
6120
6120
6125
6133
6134
6120
6123
6130
6130
6138
6138
6134
6144
6143
6143
6144
6130
6126
6124
6128
6120
6130
6120
6110
6113
6113
6130
6125
6139
6130
6156
6146
6144
6132
6139
6158
6159
6150
6125
6129
6135
6139
6139
6159
6160
6170
6162
6161
6161
6161
6150
6145
6136
6145
6145
6145
6139
6130
6129
6116
6099
6103
6117
6107
6110
6108
6108
6107
6100
6117
6117
6117
6117
6112
6120
6114
6112
6119
6112
6125
6122
6138
6140
6143
6125
6125
6125
6125
6125
6102
6102
6098
6105
6080
6096
6096
6106
6103
6109
6104
6103
6126
6119
6120
6156
6163
6159
6133
6135
6146
6118
6131
6130
6135
6130
6133
6135
6170
6199
6207
6199
6195
6195
6195
6170
6167
6199
6172
6172
6162
6174
6169
6183
6170
6164
6155
6158
6156
6148
6132
6139
6144
6151
6163
6166
6160
6195
6179
6187
6176
6174
6133
6175
6188
6199
6241
6248
6240
6241
6276
6280
6221
6137
6130
6120
6105
6093
6087
6093
6086
6053
6006
6009
6001
5966
5975
5969
5962
5955
5967
5968
5974
5972
5978
5975
5965
5966
5965
5962
5955
5977
5969
5970
5962
5972
5968
5968
5969
5973
5965
5964
6011
5978
5976
5964
5975
5964
5974
5976
5968
5941
5972
5962
5981
6004
6030
5881
5850
5835
5831
5834
5819
5837
5819
5812
5812
5815
5795
5807
5807
5802
5808
5804
5806
5816
5788
5788
5788
5773
5773
5788
5773
5770
5788
5779
5761
5762
5770
5770
5782
5769
5789
5791
5800
5812
5820
5817
5817
5802
5807
5809
5810
5810
5805
5810
5812
5814
5816
5806
5808
5805
5805
5805
5794
5782
5791
5825
5830
5832
5835
5832
5850
5834
5805
5800
5802
5802
5801
5795
5795
5795
5800
5795
5795
5795
5815
5809
5813
5816
5802
5800
5800
5800
5804
5799
5788
5790
5799
5800
5810
5811
5823
5819
5823
5819
5832
5830
5830
5819
5830
5830
5822
5818
5830
5834
5837
5840
5836
5830
5835
5824
5833
5828
5836
5823
5818
5820
5821
5830
5829
5831
5835
5840
5788
5787
5784
5768
5780
5777
5780
5780
5776
5776
5780
5779
5771
5773
5778
5779
5774
5775
5775
5774
5769
5770
5758
5749
5759
5759
5758
5760
5773
5777
5775
5776
5776
5784
5773
5788
5757
5739
5739
5749
5750
5750
5750
5741
5740
5733
5735
5739
5738
5741
5723
5723
5713
5719
5721
5722
5722
5708
5717
5710
5726
5704
5704
5709
5709
5709
5709
5722
5713
5715
5715
5721
5729
5730
5730
5730
5731
5719
5719
5719
5719
5706
5723
5718
5705
5706
5711
5713
5715
5718
5721
5720
5731
5731
5737
5739
5742
5749
5749
5749
5749
5749
5749
5749
5747
5747
5747
5747
5746
5747
5739
5749
5749
5745
5744
5731
5726
5716
5716
5732
5734
5734
5731
5733
5730
5725
5717
5716
5709
5715
5717
5732
5742
5744
5745
5732
5727
5725
5742
5743
5743
5735
5737
5721
5710
5729
5743
5750
5755
5775
5770
5776
5770
5768
5782
5778
5775
5775
5765
5768
5759
5758
5759
5740
5740
5740
5740
5740
5738
5735
5735
5730
5732
5732
5732
5732
5735
5735
5745
5755
5740
5731
5730
5731
5731
5706
5700
5698
5700
5700
5701
5702
5707
5707
5712
5705
5701
5716
5716
5703
5703
5707
5714
5722
5698
5698
5698
5695
5681
5689
5700
5690
5682
5682
5672
5662
5665
5674
5679
5681
5681
5689
5690
5700
5711
5676
5709
5723
5728
5710
5710
5720
5720
5736
5728
5723
5712
5706
5708
5715
5722
5711
5711
5703
5700
5694
5694
5692
5682
5690
5698
5697
5703
5700
5693
5688
5691
5688
5665
5665
5660
5665
5660
5650
5680
5681
5699
5689
5688
5677
5687
5710
5706
5680
5706
5723
5714
5759
5770
5770
5774
5776
5780
5782
5777
5777
5756
5766
5762
5763
5742
5750
5773
5779
5784
5784
5785
5785
5781
5785
5787
5784
5787
5786
5775
5788
5787
5788
5779
5771
5768
5779
5774
5790
5794
5806
5805
5796
5787
5772
5790
5799
5799
5791
5799
5782
5780
5772
5775
5775
5783
5775
5783
5778
5782
5790
5792
5798
5790
5790
5794
5792
5802
5767
5762
5759
5759
5754
5760
5760
5750
5751
5751
5749
5745
5739
5741
5749
5749
5750
5764
5770
5743
5725
5729
5745
5745
5751
5766
5752
5748
5745
5745
5745
5740
5739
5797
5770
5816
5820
5827
5829
5840
5838
5830
5818
5818
5818
5830
5840
5840
5866
5866
5866
5857
5854
5862
5872
5866
5853
5853
5855
5846
5834
5843
5831
5834
5845
5840
5824
5788
5780
5752
5760
5758
5752
5755
5755
5748
5743
5755
5740
5752
5741
5738
5747
5756
5742
5764
5758
5760
5756
5757
5767
5771
5779
5774
5761
5759
5757
5753
5750
5754
5757
5764
5768
5785
5785
5785
5785
5764
5780
5780
5760
5744
5735
5735
5740
5741
5751
5740
5740
5745
5741
5741
5722
5727
5716
5749
5742
5757
5757
5768
5769
5762
5772
5745
5731
5734
5732
5733
5740
5744
5745
5746
5738
5731
5731
5717
5719
5724
5727
5700
5696
5698
5700
5685
5699
5712
5725
5697
5722
5768
5768
5765
5765
5765
5765
5766
5765
5758
5750
5764
5765
5765
5759
5783
5785
5780
5780
5751
5755
5758
5758
5748
5746
5742
5729
5729
5724
5721
5751
5734
5740
5763
5763
5746
5764
5764
5766
5760
5743
5721
5711
5710
5702
5688
5724
5735
5747
5745
5733
5739
5748
5744
5775
5776
5779
5770
5765
5763
5770
5776
5769
5753
5762
5769
5825
5829
5839
5839
5840
5851
5846
5852
5840
5840
5842
5855
5848
5840
5870
5866
5857
5869
5882
5907
5904
5915
5915
5912
5901
5894
5894
5894
5919
5919
5910
5925
5920
5909
5905
5880
5880
5880
5872
5874
5890
5885
5882
5871
5876
5882
5882
5899
5900
5892
5887
5876
5876
5871
5860
5856
5850
5858
5870
5863
5846
5840
5835
5826
5809
5844
5830
5830
5828
5808
5800
5800
5806
5815
5814
5812
5801
5850
5843
5831
5827
5833
5830
5844
5890
5879
5881
5877
5879
5880
5876
5854
5865
5875
5877
5862
5859
5865
5870
5893
5887
5885
5908
5918
5925
5925
5922
5923
5914
5912
5923
5910
5906
5898
5924
5922
5923
5921
5917
5923
5932
5929
5931
5937
5951
5951
5950
5951
5950
5957
5944
5944
5938
5936
5940
5937
5926
5941
5944
5956
5938
5944
5949
5950
5956
5973
5973
5976
5966
5959
5971
5985
5975
5976
5975
5983
5961
5925
5912
5905
5905
5890
5887
5888
5888
5890
5890
5890
5890
5891
5892
5900
5889
5905
5904
5897
5905
5905
5905
5905
5905
5905
5905
5896
5896
5889
5879
5879
5873
5893
5878
5880
5867
5875
5877
5900
5879
5876
5869
5855
5872
5865
5876
5869
5830
5830
5828
5825
5830
5832
5838
5835
5836
5847
5839
5831
5828
5830
5817
5824
5825
5826
5826
5802
5853
5860
5861
5849
5834
5860
5861
5858
5875
5875
5875
5900
5902
5898
5882
5880
5887
5882
5870
5870
5874
5867
5856
5862
5886
5876
5837
5872
5890
5889
5894
5870
5904
5900
5904
5898
5874
5935
5944
5948
5948
5950
5955
5954
5953
5956
5942
5939
5940
5937
5932
5931
5955
5928
5932
5935
5942
5936
5955
5972
5959
5947
5942
5936
5938
5935
5927
5949
5953
5950
5950
5949
5960
5955
5955
5951
5950
5947
5957
5960
5958
5923
5922
5917
5916
5923
5923
5935
5937
5915
5918
5932
5939
5941
5945
5958
5900
5928
5929
5930
5920
5936
5949
5940
5970
5988
5973
5964
5957
5951
5956
5940
5951
5943
5932
5941
5956
5905
5905
5905
5895
5862
5862
5862
5856
5860
5864
5840
5835
5800
5780
5760
5749
5756
5754
5749
5749
5740
5745
5740
5740
5747
5747
5751
5767
5768
5766
5760
5751
5749
5751
5752
5759
5757
5740
5740
5738
5725
5725
5722
5722
5722
5725
5720
5718
5718
5718
5717
5722
5742
5744
5747
5742
5745
5737
5735
5731
5724
5724
5725
5738
5739
5725
5716
5717
5728
5734
5739
5727
5730
5698
5700
5720
5718
5719
5722
5719
5724
5701
5704
5704
5727
5724
5714
5750
5757
5764
5768
5768
5767
5770
5761
5765
5762
5765
5770
5766
5768
5759
5742
5750
5751
5748
5750
5742
5755
5749
5747
5740
5747
5761
5770
5751
5770
5772
5780
5774
5784
5787
5768
5750
5725
5723
5731
5738
5725
5718
5716
5717
5720
5729
5728
5712
5712
5716
5739
5743
5748
5748
5739
5740
5736
5734
5731
5729
5728
5731
5725
5716
5715
5717
5722
5730
5733
5740
5740
5747
5730
5734
5730
5730
5675
5661
5680
5689
5674
5674
5674
5667
5665
5657
5664
5667
5669
5669
5669
5675
5688
5688
5685
5681
5700
5700
5700
5697
5670
5673
5674
5674
5660
5657
5650
5665
5680
5655
5655
5660
5645
5643
5658
5562
5562
5564
5553
5550
5550
5553
5556
5560
5555
5552
5545
5545
5540
5556
5548
5571
5570
5563
5554
5562
5534
5534
5533
5532
5531
5529
5529
5530
5530
5525
5510
5518
5518
5506
5504
5510
5527
5503
5524
5524
5550
5532
5527
5539
5542
5542
5550
5546
5549
5544
5504
5485
5473
5485
5476
5477
5480
5484
5482
5475
5472
5472
5490
5475
5465
5452
5452
5469
5509
5499
5532
5532
5530
5540
5522
5530
5525
5529
5536
5547
5526
5519
5520
5512
5520
5513
5509
5526
5512
5515
5490
5490
5491
5486
5471
5467
5458
5452
5475
5533
5484
5504
5495
5499
5479
5484
5525
5530
5534
5559
5556
5562
5550
5553
5562
5562
5562
5555
5545
5540
5546
5590
5595
5620
5622
5620
5627
5627
5627
5626
5611
5618
5622
5620
5620
5620
5635
5621
5616
5615
5611
5614
5617
5622
5608
5605
5604
5605
5616
5618
5618
5630
5631
5622
5626
5635
5624
5602
5595
5590
5590
5590
5590
5582
5582
5587
5590
5590
5589
5587
5583
5585
5585
5585
5578
5568
5553
5553
5535
5526
5535
5524
5524
5517
5504
5503
5480
5480
5497
5500
5500
5500
5480
5479
5495
5491
5491
5490
5518
5527
5536
5536
5528
5528
5518
5523
5538
5522
5538
5531
5550
5561
5545
5524
5492
5461
5467
5461
5475
5476
5489
5443
5390
5382
5371
5374
5397
5398
5398
5397
5391
5414
5420
5417
5417
5435
5448
5389
5402
5412
5411
5417
5442
5434
5442
5494
5501
5506
5502
5513
5494
5494
5494
5526
5529
5518
5525
5514
5526
5523
5503
5502
5501
5532
5532
5528
5534
5534
5520
5518
5506
5525
5500
5526
5520
5530
5534
5525
5515
5512
5513
5505
5479
5490
5507
5496
5488
5473
5488
5503
5481
5500
5510
5507
5525
5530
5533
5537
5596
5585
5595
5593
5585
5578
5575
5551
5588
5625
5617
5623
5630
5674
5680
5685
5680
5680
5680
5675
5669
5659
5660
5652
5649
5661
5671
5685
5700
5700
5724
5715
5720
5712
5714
5716
5716
5714
5718
5705
5702
5723
5712
5722
5724
5713
5715
5725
5718
5710
5704
5705
5720
5710
5710
5738
5718
5715
5715
5703
5715
5715
5719
5715
5700
5698
5665
5650
5650
5650
5646
5646
5657
5644
5644
5672
5662
5662
5679
5665
5667
5646
5652
5678
5642
5645
5649
5663
5666
5647
5646
5652
5673
5670
5660
5652
5656
5663
5670
5670
5677
5678
5675
5688
5699
5670
5655
5623
5606
5620
5620
5659
5649
5649
5646
5649
5652
5643
5639
5639
5640
5642
5641
5699
5696
5690
5692
5682
5700
5700
5710
5730
5714
5691
5689
5686
5700
5698
5694
5688
5698
5689
5702
5705
5715
5710
5706
5708
5698
5680
5674
5672
5662
5664
5665
5678
5668
5671
5651
5646
5646
5640
5618
5650
5662
5642
5699
5718
5682
5699
5702
5692
5695
5700
5716
5715
5708
5719
5753
5746
5731
5730
5736
5739
5739
5741
5734
5731
5710
5694
5685
5680
5700
5712
5712
5702
5717
5713
5713
5748
5736
5736
5736
5747
5747
5735
5732
5729
5726
5724
5710
5678
5665
5665
5670
5657
5578
5580
5590
5592
5623
5620
5645
5654
5653
5646
5643
5634
5641
5644
5627
5627
5640
5638
5638
5630
5635
5637
5650
5673
5674
5665
5664
5655
5639
5602
5642
5652
5648
5647
5562
5575
5575
5554
5546
5600
5652
5638
5681
5659
5666
5700
5635
5635
5643
5780
5760
5760
5731
5747
5732
5750
5701
5727
5784
5778
5873
5860
5875
5870
5881
5870
5846
5846
5846
5845
5843
5819
5871
5858
5846
5815
5817
5879
5889
5870
5890
5870
5871
5833
5850
5848
5874
5863
5866
5850
5880
5914
5907
5922
5925
5915
5921
5932
5927
5931
5935
5941
5945
5950
5948
5945
5939
5938
5937
5910
5874
5870
5850
5854
5855
5838
5828
5816
5823
5814
5815
5801
5801
5809
5793
5804
5834
5871
5873
5845
5842
5845
5840
5842
5843
5843
5849
5849
5855
5850
5841
5837
5840
5840
5831
5839
5762
5762
5782
5780
5775
5775
5777
5778
5775
5766
5765
5790
5800
5800
5809
5800
5788
5729
5705
5707
5713
5700
5700
5693
5702
5657
5690
5725
5745
5755
5751
5755
5760
5706
5738
5738
5737
5739
5738
5724
5700
5645
5630
5655
5722
5701
5708
5775
5788
5788
5785
5763
5770
5790
5788
5760
5778
5779
5803
5800
5835
5845
5842
5839
5849
5853
5849
5857
5896
5876
5887
5887
5893
5900
5900
5892
5900
5898
5888
5888
5903
5902
5886
5871
5862
5878
5870
5880
5876
5847
5858
5850
5845
5873
5876
5855
5846
5823
5823
5810
5824
5817
5813
5813
5810
5815
5810
5803
5790
5783
5819
5834
5831
5829
5828
5825
5806
5816
5812
5870
5887
5887
5887
5900
5920
5900
5902
5908
5905
5897
5886
5887
5878
5886
5865
5865
5839
5874
5878
5902
5879
5900
5907
5919
5905
5905
5897
5893
5870
5865
5870
5934
5923
6029
6020
6028
6029
6029
5980
5954
5960
5955
5950
5950
5950
5950
5950
5970
5980
5972
5972
5959
5963
5949
5965
5965
5964
5950
5960
5953
5945
5964
5984
5977
5974
5981
5984
5974
5964
5984
5986
5990
6009
6009
6010
5998
5998
5998
5998
5999
6008
6010
6000
5994
5981
5955
5964
5952
5965
5966
5964
5951
5950
5950
5940
5948
5960
5939
5939
5939
5939
5940
5948
5950
5951
5940
5974
5967
5972
5974
5974
5981
5981
5971
5997
5979
5957
5960
5920
5915
5921
5939
5944
5961
5962
5960
5958
5938
5935
5949
5964
5964
5904
5900
5900
5900
5895
5896
5895
5891
5894
5886
5888
5894
5880
5890
5894
5880
5874
5884
5879
5877
5880
5869
5862
5871
5886
5913
5913
5906
5926
5906
5910
5913
5857
5841
5866
5866
5858
5852
5880
5881
5902
5892
5894
5911
5913
5948
5949
5948
5940
5941
5942
5945
5953
5948
5949
5962
5948
5970
5952
5985
5972
5994
5967
5960
5941
5950
5959
5964
5958
5950
5951
5946
5957
5991
5994
5980
5982
5981
5980
5980
5981
5981
5986
5980
6005
6001
6001
6036
5973
5974
5972
5964
5974
5963
5970
5970
5981
5971
5983
5962
5952
5960
5962
5935
5912
5935
5858
5844
5865
5865
5850
5850
5852
5852
5847
5847
5862
5865
5870
5862
5840
5837
5847
5844
5840
5853
5852
5870
5869
5880
5883
5865
5900
5868
5875
5885
5866
5821
5817
5780
5781
5788
5811
5802
5802
5810
5817
5817
5815
5811
5798
5798
5788
5788
5762
5750
5723
5782
5786
5791
5788
5824
5825
5829
5820
5840
5825
5828
5828
5832
5823
5825
5816
5812
5830
5885
5886
5895
5895
5887
5895
5868
5890
5909
5913
5921
5908
5919
5910
5911
5895
5882
5900
5906
5908
5918
5916
5922
5914
5908
5935
5930
5905
5905
5908
5905
5880
5874
5874
5862
5865
5837
5836
5838
5813
5810
5790
5804
5813
5820
5856
5856
5858
5848
5865
5866
5871
5873
5875
5844
5831
5827
5813
5798
5768
5768
5773
5766
5800
5816
5835
5847
5851
5862
5850
5846
5820
5931
5939
5947
5948
5947
5936
5936
5939
5939
5940
5944
5944
5930
5958
5948
5932
5934
5935
5935
5924
5923
5918
5953
5984
5964
5948
5928
5935
5955
5955
5949
5970
5947
5997
6031
6041
6035
6034
6037
6043
6034
6029
6034
6040
6047
6045
6047
6047
6026
6010
6020
6016
6011
6012
6013
6015
6012
6019
6019
6014
6009
6000
6014
6000
6026
6024
6022
6023
6023
6020
6022
6007
6073
6080
6073
6073
6080
6076
6076
6084
6075
6075
6068
6070
6072
6062
6055
6059
6059
6059
6055
6054
6054
6050
6056
6059
6040
6054
6074
6083
6089
6100
6092
6098
6092
6099
6111
6115
6104
6081
6090
6090
6088
6089
6081
6093
6111
6096
6100
6100
6057
6055
6048
6024
6027
6042
6042
6042
6046
6046
6029
6026
6020
6021
6040
6023
6035
6024
6054
6049
6033
6023
6029
6038
6030
5999
6000
5981
5982
5988
5951
5993
5991
6030
6026
6020
5979
5950
5965
5987
6008
6002
6024
6050
6119
6121
6124
6146
6159
6159
6156
6156
6156
6159
6165
6160
6155
6150
6164
6149
6158
6160
6140
6141
6135
6127
6125
6108
6149
6157
6164
6145
6140
6129
6135
6130
6120
6117
6112
6120
6120
6111
6109
6104
6109
6109
6102
6112
6103
6102
6099
6100
6098
6114
6090
6087
6074
6101
6100
6105
6133
6122
6128
6112
6107
6103
6099
6103
6109
6109
6109
6108
6102
6106
6105
6105
6100
6102
6093
6095
6095
6099
6075
6075
6069
6078
6097
6108
6086
6080
6084
6084
6084
6082
6082
6081
6069
6081
6072
6080
6070
6077
6070
6069
6066
6068
6070
6081
6080
6079
6079
6076
6075
6075
6066
6056
6068
6080
6060
6060
6100
6102
6100
6110
6112
6103
6096
6086
6082
6082
6086
6076
6074
6070
6066
6073
6076
6059
6060
6057
6074
6079
6078
6089
6088
6101
6079
6079
6080
6084
6084
6078
6083
6071
6068
6060
6068
6058
6034
6040
6049
6050
6048
6038
6061
6136
6143
6138
6135
6127
6124
6114
6115
6100
6098
6098
6100
6103
6117
6114
6083
6087
6087
6086
6080
6075
6071
6069
6070
6070
6067
6075
6080
6072
6070
6063
6058
6058
6070
6071
6073
6080
6066
6073
6083
6079
6085
6059
6054
6061
6090
6089
6084
6083
6070
6049
6046
6062
6075
6025
6017
6031
6025
6025
6014
5998
5963
5955
5961
5959
5945
5960
5948
5961
5966
5965
5970
5972
5979
5980
5967
5962
5964
5967
5980
5980
5980
5985
5997
6008
6017
6020
6011
6019
6002
5993
5999
5995
5984
5995
5989
5987
5966
5979
5977
5966
5948
5947
5950
5960
5960
5960
5952
5949
5935
5934
5984
5989
5990
5986
5988
5983
5983
5981
5957
5973
5975
5985
5969
5988
6035
6036
6032
6029
6021
6019
6038
6072
5990
5989
5978
5981
5972
5964
5970
5975
5966
5965
5962
5968
5962
5963
5970
5985
5960
5944
5940
5940
5940
5936
5940
5943
5940
5942
5943
5938
5933
5900
5960
5980
5990
5990
5990
5982
5990
5992
5965
5970
5962
5973
5975
5975
5939
5980
5985
5987
5995
5980
5994
5970
5989
5998
5994
5990
5997
5976
5949
5958
5935
5892
5846
5875
5835
5730
5712
5711
5695
5699
5702
5700
5699
5654
5663
5652
5652
5644
5641
5652
5641
5648
5641
5652
5652
5652
5660
5651
5639
5639
5653
5651
5651
5655
5655
5655
5650
5650
5650
5650
5649
5644
5650
5646
5659
5665
5668
5665
5665
5663
5656
5670
5665
5660
5660
5654
5670
5668
5665
5656
5655
5648
5642
5646
5646
5653
5648
5642
5645
5625
5638
5633
5643
5637
5634
5628
5635
5638
5671
5664
5667
5664
5670
5668
5655
5650
5635
5637
5645
5641
5646
5646
5646
5644
5644
5646
5646
5646
5646
5630
5628
5629
5629
5629
5629
5629
5614
5633
5615
5623
5615
5629
5632
5628
5649
5655
5674
5674
5674
5674
5670
5665
5656
5673
5673
5674
5671
5661
5635
5674
5689
5674
5674
5685
5690
5685
5692
5693
5684
5686
5717
5719
5672
5679
5668
5683
5683
5687
5683
5683
5686
5697
5682
5680
5672
5684
5684
5684
5675
5669
5668
5666
5667
5657
5660
5673
5660
5667
5674
5680
5693
5699
5700
5693
5700
5699
5688
5699
5690
5700
5691
5691
5700
5697
5714
5720
5714
5720
5720
5714
5714
5720
5714
5714
5714
5717
5726
5719
5715
5715
5694
5699
5700
5698
5702
5702
5702
5704
5706
5720
5724
5728
5719
5706
5711
5711
5715
5722
5726
5724
5730
5720
5732
5730
5720
5718
5696
5716
5721
5728
5726
5710
5708
5700
5700
5700
5697
5691
5695
5697
5705
5699
5700
5712
5699
5694
5691
5685
5692
5692
5640
5639
5634
5636
5627
5618
5624
5644
5639
5641
5650
5650
5650
5642
5649
5650
5648
5647
5656
5657
5650
5657
5667
5663
5661
5668
5668
5661
5657
5649
5644
5657
5657
5656
5656
5653
5672
5660
5669
5671
5654
5665
5661
5653
5649
5648
5646
5646
5655
5655
5653
5650
5649
5669
5663
5678
5668
5660
5688
5689
5668
5650
5663
5667
5676
5686
5655
5650
5630
5650
5646
5679
5699
5700
5707
5710
5709
5684
5690
5687
5690
5700
5696
5717
5720
5720
5710
5685
5702
5709
5721
5722
5719
5718
5730
5730
5730
5732
5722
5720
5709
5710
5709
5705
5705
5702
5693
5696
5686
5681
5670
5634
5670
5670
5670
5670
5670
5666
5663
5658
5658
5650
5650
5624
5696
5683
5694
5696
5689
5702
5696
5691
5680
5679
5696
5700
5695
5700
5700
5693
5687
5692
5698
5727
5711
5695
5685
5675
5674
5685
5696
5699
5699
5679
5640
5650
5649
5635
5626
5624
5611
5636
5647
5635
5634
5630
5647
5644
5650
5645
5640
5644
5648
5646
5641
5600
5601
5604
5602
5593
5605
5607
5612
5599
5591
5596
5595
5586
5562
5551
5565
5576
5576
5575
5601
5596
5600
5596
5605
5605
5611
5615
5615
5613
5595
5599
5615
5619
5627
5628
5647
5660
5658
5660
5663
5649
5645
5640
5641
5637
5635
5640
5640
5640
5647
5648
5625
5630
5641
5637
5645
5647
5648
5641
5640
5650
5649
5650
5620
5610
5611
5613
5617
5591
5590
5598
5602
5607
5589
5599
5595
5579
5602
5626
5628
5630
5632
5625
5625
5623
5617
5622
5628
5637
5633
5606
5602
5593
5600
5609
5617
5600
5605
5600
5615
5608
5596
5599
5595
5569
5555
5535
5544
5545
5529
5524
5543
5543
5540
5543
5555
5558
5558
5551
5534
5534
5520
5565
5569
5580
5580
5587
5598
5607
5596
5581
5562
5550
5554
5554
5577
5552
5571
5580
5586
5568
5570
5571
5577
5584
5583
5526
5534
5522
5528
5520
5512
5527
5522
5515
5508
5506
5506
5505
5500
5498
5511
5520
5510
5506
5500
5507
5533
5540
5540
5514
5490
5499
5500
5500
5489
5424
5419
5429
5415
5402
5410
5420
5414
5433
5405
5400
5391
5391
5399
5400
5396
5397
5414
5415
5385
5415
5409
5409
5413
5413
5420
5414
5417
5424
5424
5428
5428
5428
5430
5391
5371
5383
5365
5388
5387
5381
5375
5400
5428
5417
5405
5436
5430
5437
5445
5390
5390
5371
5392
5397
5403
5402
5398
5397
5380
5349
5346
5369
5344
5318
5256
5230
5245
5250
5195
5195
5212
5208
5189
5212
5181
5187
5186
5167
5186
5137
5111
5144
5162
5165
5154
5180
5200
5218
5242
5262
5243
5240
5245
5260
5260
5282
5291
5270
5270
5268
5268
5283
5297
5318
5317
5323
5322
5303
5305
5299
5320
5325
5319
5315
5304
5305
5280
5305
5260
5262
5268
5255
5268
5278
5291
5291
5270
5270
5320
5305
5308
5318
5318
5320
5315
5300
5270
5292
5300
5300
5320
5345
5360
5356
5361
5351
5347
5344
5350
5365
5375
5359
5350
5349
5355
5342
5353
5339
5327
5301
5293
5298
5320
5326
5341
5309
5251
5250
5290
5318
5363
5360
5360
5375
5370
5347
5325
5351
5362
5369
5370
5358
5371
5377
5400
5395
5385
5417
5401
5457
5474
5469
5498
5492
5494
5532
5526
5529
5525
5533
5523
5533
5523
5535
5530
5520
5530
5527
5529
5528
5517
5524
5525
5525
5525
5540
5537
5497
5514
5514
5485
5478
5462
5461
5470
5475
5473
5473
5475
5480
5476
5486
5490
5480
5473
5483
5480
5485
5491
5499
5499
5494
5507
5503
5488
5489
5507
5505
5500
5507
5506
5491
5479
5465
5458
5476
5489
5505
5505
5500
5500
5501
5501
5502
5502
5515
5500
5500
5492
5488
5517
5517
5517
5517
5511
5510
5523
5527
5530
5516
5520
5595
5598
5592
5592
5599
5596
5595
5589
5575
5568
5571
5566
5575
5560
5573
5575
5583
5590
5594
5594
5592
5586
5589
5593
5590
5575
5575
5592
5586
5586
5585
5582
5575
5587
5576
5584
5583
5575
5564
5558
5580
5582
5581
5575
5590
5607
5599
5610
5621
5630
5633
5628
5634
5625
5627
5632
5633
5633
5606
5606
5614
5611
5611
5610
5617
5615
5617
5616
5619
5600
5610
5618
5621
5625
5628
5628
5633
5630
5634
5628
5629
5629
5625
5596
5587
5587
5587
5565
5582
5583
5587
5587
5588
5576
5581
5585
5584
5589
5590
5583
5590
5589
5590
5580
5580
5564
5577
5571
5572
5571
5592
5596
5605
5605
5605
5605
5610
5607
5602
5601
5592
5595
5590
5593
5597
5593
5590
5598
5596
5592
5594
5591
5565
5569
5570
5568
5568
5558
5553
5572
5564
5562
5555
5550
5551
5545
5550
5558
5554
5550
5526
5531
5535
5567
5561
5544
5563
5562
5634
5643
5644
5642
5636
5649
5656
5679
5683
5677
5677
5677
5674
5664
5671
5670
5673
5670
5667
5682
5682
5682
5685
5685
5680
5665
5666
5666
5679
5680
5680
5678
5682
5686
5679
5686
5679
5685
5696
5696
5691
5691
5687
5684
5683
5690
5682
5670
5672
5672
5672
5660
5666
5666
5659
5645
5655
5655
5648
5655
5659
5656
5662
5667
5668
5672
5665
5665
5669
5671
5671
5672
5672
5668
5674
5674
5646
5645
5645
5644
5646
5646
5636
5620
5623
5612
5624
5620
5617
5629
5640
5633
5643
5658
5637
5656
5646
5635
5639
5640
5635
5636
5632
5625
5624
5624
5636
5636
5630
5640
5639
5638
5629
5629
5634
5641
5641
5624
5596
5603
5625
5646
5639
5644
5639
5631
5632
5637
5647
5639
5680
5677
5731
5737
5735
5736
5733
5758
5754
5749
5745
5746
5746
5755
5746
5741
5750
5759
5758
5762
5762
5763
5752
5758
5758
5758
5755
5757
5758
5765
5768
5777
5777
5778
5772
5773
5800
5803
5728
5719
5712
5706
5709
5710
5710
5710
5708
5700
5713
5704
5705
5710
5701
5699
5689
5689
5695
5685
5680
5678
5680
5710
5710
5710
5713
5713
5706
5706
5722
5721
5709
5700
5700
5705
5699
5700
5699
5692
5692
5700
5702
5702
5702
5702
5702
5702
5702
5700
5679
5683
5676
5677
5675
5686
5684
5690
5686
5693
5689
5682
5696
5697
5695
5698
5686
5674
5685
5685
5674
5670
5645
5652
5650
5639
5640
5641
5640
5648
5650
5652
5652
5645
5646
5675
5684
5681
5690
5685
5688
5698
5699
5689
5694
5690
5662
5666
5669
5669
5664
5675
5663
5681
5692
5687
5695
5685
5680
5695
5690
5702
5681
5678
5672
5679
5673
5674
5680
5675
5667
5669
5690
5697
5695
5700
5708
5716
5716
5718
5714
5706
5693
5719
5725
5722
5722
5715
5729
5734
5738
5739
5740
5734
5744
5724
5717
5708
5700
5700
5697
5711
5690
5705
5688
5693
5695
5693
5688
5704
5714
5715
5643
5619
5612
5615
5615
5620
5635
5637
5609
5609
5601
5588
5573
5572
5563
5572
5585
5607
5609
5586
5565
5585
5616
5614
5617
5618
5618
5613
5616
5618
5616
5608
5590
5587
5598
5604
5605
5602
5592
5598
5598
5564
5574
5646
5647
5647
5659
5651
5650
5627
5628
5629
5626
5619
5643
5652
5643
5631
5656
5654
5652
5649
5632
5634
5630
5614
5609
5604
5599
5600
5600
5622
5614
5621
5621
5623
5624
5632
5635
5638
5596
5593
5605
5610
5613
5615
5606
5625
5646
5667
5678
5678
5681
5681
5683
5690
5691
5683
5673
5668
5672
5679
5680
5702
5696
5688
5694
5694
5699
5700
5683
5659
5670
5666
5674
5660
5665
5680
5667
5677
5682
5679
5680
5682
5685
5684
5696
5702
5691
5700
5718
5719
5714
5702
5700
5689
5691
5675
5687
5680
5689
5700
5702
5677
5673
5675
5688
5679
5691
5700
5695
5712
5711
5684
5726
5704
5710
5708
5699
5646
5641
5638
5639
5629
5642
5634
5630
5591
5600
5578
5544
5544
5535
5489
5495
5500
5498
5490
5498
5500
5500
5507
5499
5493
5478
5468
5468
5460
5468
5463
5467
5471
5478
5466
5478
5493
5487
5500
5500
5500
5499
5485
5489
5505
5506
5490
5507
5519
5509
5516
5521
5519
5511
5511
5503
5514
5505
5512
5501
5486
5490
5483
5492
5510
5520
5500
5495
5495
5490
5504
5500
5500
5506
5522
5500
5499
5494
5509
5485
5489
5489
5493
5519
5537
5538
5534
5529
5538
5531
5522
5521
5521
5521
5529
5537
5540
5545
5545
5545
5553
5536
5552
5545
5549
5532
5505
5510
5500
5500
5504
5501
5530
5524
5534
5530
5528
5534
5525
5528
5520
5490
5477
5460
5460
5491
5489
5487
5489
5490
5503
5501
5484
5461
5471
5502
5507
5477
5465
5460
5466
5475
5452
5480
5511
5530
5505
5497
5522
5521
5507
5552
5547
5540
5531
5539
5534
5541
5536
5547
5533
5534
5491
5493
5500
5480
5492
5492
5500
5505
5496
5500
5500
5523
5518
5548
5533
5535
5548
5534
5554
5530
5531
5539
5517
5540
5520
5515
5522
5507
5497
5502
5565
5570
5575
5580
5530
5534
5541
5560
5579
5570
5589
5564
5560
5570
5691
5723
5741
5771
5775
5770
5772
5764
5764
5751
5750
5758
5749
5755
5729
5740
5740
5728
5728
5735
5741
5739
5749
5745
5749
5754
5759
5759
5753
5748
5755
5744
5744
5729
5737
5734
5734
5727
5732
5741
5735
5747
5743
5751
5723
5758
5750
5738
5726
5725
5724
5737
5742
5729
5735
5731
5733
5753
5777
5781
5787
5773
5784
5784
5784
5784
5750
5771
5782
5780
5764
5775
5780
5790
5790
5790
5793
5790
5807
5807
5814
5824
5814
5825
5819
5809
5820
5819
5810
5803
5809
5809
5810
5809
5809
5796
5810
5808
5814
5810
5800
5795
5792
5792
5790
5775
5772
5775
5785
5782
5783
5769
5778
5760
5780
5795
5793
5800
5789
5809
5824
5817
5808
5796
5788
5796
5797
5784
5800
5780
5805
5785
5779
5779
5733
5733
5731
5731
5724
5720
5717
5710
5714
5715
5709
5720
5720
5720
5714
5723
5712
5726
5727
5712
5715
5709
5694
5690
5685
5685
5685
5685
5685
5675
5680
5680
5675
5675
5666
5657
5662
5697
5680
5683
5683
5693
5681
5696
5677
5682
5685
5689
5697
5702
5701
5694
5688
5699
5696
5688
5688
5680
5680
5684
5687
5680
5681
5676
5680
5677
5681
5696
5695
5676
5683
5646
5656
5703
5727
5735
5735
5728
5738
5736
5743
5729
5710
5716
5722
5722
5738
5738
5739
5736
5735
5736
5735
5722
5715
5701
5717
5705
5714
5702
5702
5717
5706
5710
5731
5726
5740
5735
5736
5738
5740
5762
5758
5735
5730
5719
5715
5710
5692
5690
5698
5690
5703
5702
5685
5685
5675
5676
5685
5693
5678
5688
5705
5701
5690
5683
5681
5686
5689
5690
5668
5670
5663
5660
5654
5685
5697
5684
5680
5680
5701
5706
5709
5694
5694
5700
5692
5681
5685
5692
5697
5705
5710
5700
5694
5618
5600
5600
5600
5599
5587
5600
5599
5599
5581
5587
5595
5602
5604
5600
5599
5602
5600
5600
5604
5598
5598
5595
5597
5593
5576
5575
5597
5597
5602
5601
5601
5613
5622
5613
5619
5625
5633
5634
5625
5645
5642
5642
5639
5634
5634
5614
5597
5593
5596
5593
5597
5597
5603
5609
5612
5615
5602
5616
5603
5631
5634
5618
5618
5615
5619
5616
5612
5601
5601
5602
5599
5605
5583
5576
5594
5595
5577
5564
5570
5595
5596
5596
5600
5598
5590
5590
5600
5608
5612
5610
5609
5607
5618
5622
5609
5605
5609
5606
5600
5623
5619
5625
5636
5665
5669
5659
5665
5665
5665
5665
5666
5670
5676
5685
5679
5669
5678
5681
5687
5677
5669
5673
5676
5679
5674
5681
5676
5674
5672
5653
5657
5643
5643
5651
5652
5653
5653
5652
5635
5632
5660
5680
5608
5608
5606
5611
5600
5620
5615
5592
5595
5602
5620
5616
5626
5620
5610
5602
5598
5590
5602
5601
5605
5605
5619
5610
5620
5620
5616
5609
5604
5602
5639
5638
5644
5639
5619
5641
5635
5634
5605
5605
5615
5625
5610
5599
5524
5537
5544
5567
5560
5544
5552
5568
5563
5545
5543
5557
5578
5578
5584
5582
5589
5581
5590
5588
5590
5590
5590
5589
5574
5567
5554
5580
5580
5599
5602
5598
5590
5550
5550
5550
5540
5502
5508
5498
5491
5501
5481
5491
5528
5523
5485
5500
5550
5569
5579
5600
5635
5660
5656
5646
5660
5667
5679
5685
5685
5686
5684
5681
5679
5700
5700
5698
5692
5684
5684
5697
5695
5700
5698
5719
5702
5689
5685
5685
5694
5683
5669
5678
5686
5690
5699
5699
5720
5721
5730
5730
5720
5725
5721
5730
5731
5735
5735
5745
5749
5740
5740
5751
5760
5722
5722
5729
5719
5735
5739
5749
5750
5745
5730
5752
5795
5784
5766
5775
5758
5751
5751
5750
5783
5775
5731
5644
5615
5613
5614
5631
5637
5635
5635
5627
5580
5576
5589
5595
5580
5564
5568
5541
5546
5562
5600
5599
5587
5600
5606
5610
5597
5606
5616
5630
5630
5630
5637
5634
5643
5645
5638
5645
5644
5628
5629
5634
5600
5589
5573
5562
5590
5600
5612
5631
5615
5662
5645
5640
5649
5668
5660
5660
5674
5681
5696
5704
5710
5700
5680
5666
5656
5640
5655
5663
5654
5645
5646
5627
5628
5634
5620
5638
5626
5615
5633
5649
5660
5687
5690
5693
5667
5665
5660
5643
5600
5617
5590
5587
5523
5517
5514
5517
5509
5509
5499
5509
5515
5545
5530
5529
5500
5509
5544
5534
5479
5400
5400
5400
5491
5559
5640
5650
5669
5645
5727
5731
5731
5725
5700
5788
5777
5780
5777
5786
5764
5768
5759
5779
5786
5788
5766
5740
5729
5753
5677
5674
5641
5628
5590
5614
5672
5687
5700
5686
5722
5690
5670
5669
5600
5670
5780
5684
5666
5840
5643
5646
5589
5587
5560
5560
5540
5530
5500
5472
5468
5468
5464
5435
5433
5425
5406
5403
5409
5419
5421
5429
5433
5433
5438
5424
5419
5410
5412
5423
5474
5480
5472
5480
5468
5451
5451
5454
5450
5412
5415
5408
5408
5395
5406
5433
5431
5444
5410
5444
5415
5388
5386
5378
5370
5376
5364
5344
5340
5308
5305
5306
5317
5315
5313
5316
5315
5313
5287
5294
5284
5281
5278
5275
5284
5285
5292
5292
5297
5285
5327
5329
5331
5327
5317
5318
5318
5301
5300
5330
5330
5330
5323
5318
5316
5316
5308
5308
5311
5310
5299
5302
5289
5291
5300
5297
5297
5297
5292
5282
5274
5286
5296
5315
5284
5284
5274
5266
5266
5242
5239
5235
5230
5238
5264
5259
5267
5284
5284
5291
5292
5258
5264
5252
5255
5275
5275
5291
5302
5332
5323
5368
5384
5357
5344
5338
5302
5300
5300
5299
5290
5302
5285
5289
5271
5241
5243
5242
5239
5244
5220
5214
5222
5237
5230
5215
5215
5209
5205
5203
5198
5205
5198
5194
5193
5199
5198
5190
5188
5199
5193
5200
5190
5188
5188
5197
5193
5195
5190
5190
5195
5204
5201
5201
5210
5198
5198
5192
5201
5204
5215
5203
5201
5210
5214
5209
5200
5201
5207
5209
5197
5209
5210
5220
5201
5188
5194
5200
5197
5184
5172
5167
5210
5214
5200
5200
5200
5209
5220
5222
5200
5213
5187
5166
5161
5161
5139
5150
5145
5146
5150
5130
5145
5143
5126
5139
5134
5119
5100
5155
5166
5153
5148
5142
5155
5160
5172
5150
5162
5163
5155
5135
5109
5117
5099
5111
5114
5103
5105
5130
5130
5099
5064
5058
5053
5055
5046
4939
4919
4918
4908
4925
4927
4927
4919
4899
4898
4898
4898
4898
4897
4895
4891
4891
4895
4900
4899
4889
4886
4892
4892
4892
4899
4899
4900
4894
4882
4885
4886
4880
4880
4884
4884
4864
4864
4884
4855
4861
4842
4835
4847
4844
4843
4843
4842
4840
4841
4841
4840
4840
4841
4834
4833
4842
4852
4848
4854
4851
4849
4849
4842
4844
4842
4844
4836
4832
4814
4824
4848
4848
4852
4850
4859
4844
4855
4855
4851
4850
4844
4848
4848
4839
4846
4837
4829
4825
4833
4833
4836
4837
4836
4825
4837
4833
4834
4837
4833
4834
4837
4826
4808
4818
4818
4818
4818
4818
4818
4816
4810
4822
4816
4818
4816
4818
4818
4818
4812
4811
4814
4814
4815
4804
4812
4809
4813
4809
4809
4804
4813
4818
4815
4815
4820
4818
4816
4812
4789
4797
4796
4797
4810
4805
4804
4794
4800
4803
4800
4792
4804
4808
4801
4824
4830
4829
4828
4831
4833
4837
4830
4830
4836
4833
4841
4844
4844
4843
4844
4837
4849
4851
4863
4867
4867
4869
4870
4861
4860
4859
4847
4837
4837
4827
4830
4830
4831
4831
4832
4834
4835
4835
4829
4825
4819
4813
4820
4835
4836
4838
4839
4839
4831
4839
4840
4841
4834
4835
4851
4851
4853
4857
4847
4855
4844
4849
4835
4838
4838
4861
4854
4837
4837
4825
4822
4824
4823
4790
4782
4787
4783
4788
4770
4767
4755
4769
4779
4779
4789
4780
4780
4783
4773
4772
4763
4765
4765
4768
4760
4759
4754
4761
4766
4755
4755
4755
4750
4748
4760
4753
4765
4784
4783
4785
4776
4787
4784
4795
4772
4795
4797
4797
4807
4804
4806
4801
4808
4809
4807
4812
4814
4806
4808
4805
4806
4802
4812
4811
4821
4823
4824
4816
4825
4825
4800
4792
4797
4779
4787
4784
4787
4789
4800
4791
4798
4801
4798
4813
4811
4811
4804
4800
4795
4800
4793
4789
4777
4776
4774
4774
4768
4764
4759
4756
4754
4764
4765
4765
4765
4771
4765
4763
4762
4744
4743
4756
4751
4749
4749
4748
4746
4752
4771
4765
4768
4762
4759
4755
4754
4750
4749
4746
4740
4738
4731
4724
4729
4733
4737
4738
4727
4730
4733
4721
4721
4719
4710
4720
4721
4734
4738
4721
4734
4734
4734
4739
4723
4736
4733
4732
4735
4735
4754
4754
4747
4745
4748
4744
4747
4760
4748
4753
4753
4751
4740
4740
4739
4733
4727
4722
4722
4733
4735
4728
4732
4740
4730
4741
4740
4741
4735
4737
4737
4737
4735
4720
4708
4710
4710
4700
4710
4708
4727
4728
4729
4728
4728
4732
4732
4740
4739
4740
4736
4725
4724
4745
4737
4732
4727
4723
4700
4770
4762
4758
4757
4754
4730
4731
4718
4733
4768
4768
4769
4771
4772
4779
4824
4820
4815
4820
4822
4830
4823
4828
4825
4821
4813
4837
4837
4843
4844
4853
4861
4867
4866
4866
4860
4867
4860
4858
4858
4864
4878
4878
4880
4884
4875
4875
4868
4879
4860
4860
4849
4859
4855
4855
4860
4860
4857
4856
4866
4867
4875
4860
4862
4852
4873
4872
4885
4872
4894
4900
4894
4900
4902
4906
4894
4871
4867
4868
4875
4875
4870
4870
4870
4878
4865
4863
4837
4818
4820
4813
4813
4813
4813
4813
4813
4813
4813
4792
4794
4794
4789
4793
4793
4794
4789
4784
4788
4787
4794
4790
4801
4792
4794
4794
4800
4789
4800
4803
4824
4824
4823
4821
4816
4820
4816
4823
4823
4818
4814
4814
4791
4810
4811
4811
4811
4815
4820
4820
4820
4820
4820
4828
4825
4821
4825
4825
4820
4816
4814
4812
4812
4812
4808
4812
4812
4813
4810
4792
4800
4802
4803
4802
4800
4803
4806
4810
4810
4808
4796
4796
4799
4794
4794
4796
4796
4796
4789
4789
4769
4753
4768
4775
4779
4763
4767
4765
4762
4775
4771
4778
4770
4768
4792
4788
4795
4795
4794
4808
4793
4788
4775
4753
4772
4780
4799
4813
4815
4815
4810
4805
4799
4821
4814
4841
4847
4846
4839
4826
4826
4831
4828
4828
4828
4820
4830
4823
4836
4838
4835
4823
4816
4810
4801
4807
4800
4800
4811
4792
4793
4795
4814
4817
4822
4813
4809
4809
4812
4815
4813
4797
4796
4781
4778
4778
4770
4782
4780
4784
4785
4785
4783
4779
4791
4795
4805
4807
4803
4807
4805
4805
4800
4803
4801
4805
4805
4800
4797
4797
4796
4795
4795
4791
4794
4800
4810
4811
4815
4817
4819
4805
4807
4812
4820
4812
4836
4834
4837
4836
4837
4837
4836
4824
4805
4804
4811
4804
4815
4804
4807
4800
4771
4773
4759
4764
4767
4773
4784
4780
4780
4782
4780
4765
4757
4749
4744
4749
4772
4759
4752
4759
4765
4769
4803
4812
4816
4816
4801
4800
4801
4807
4806
4803
4797
4798
4793
4793
4801
4810
4800
4795
4800
4817
4812
4812
4833
4803
4796
4782
4795
4807
4769
4771
4795
4785
4813
4830
4843
4854
4826
4851
4820
4808
4799
4800
4794
4798
4747
4739
4741
4740
4735
4741
4733
4733
4715
4710
4688
4692
4686
4680
4709
4706
4705
4710
4700
4690
4692
4685
4689
4688
4650
4644
4645
4645
4647
4640
4637
4637
4634
4634
4634
4633
4627
4631
4629
4629
4630
4638
4635
4633
4632
4623
4631
4644
4644
4640
4640
4640
4640
4648
4646
4646
4648
4648
4652
4654
4648
4648
4653
4655
4659
4639
4632
4632
4628
4609
4598
4592
4576
4580
4588
4590
4575
4571
4582
4580
4579
4584
4585
4589
4589
4580
4582
4584
4581
4580
4593
4590
4600
4600
4591
4600
4595
4603
4600
4605
4605
4604
4609
4606
4585
4590
4595
4593
4603
4608
4600
4598
4600
4583
4576
4577
4577
4571
4578
4572
4570
4575
4577
4576
4573
4579
4569
4565
4561
4557
4553
4559
4557
4564
4561
4560
4557
4564
4562
4565
4566
4573
4570
4569
4569
4563
4569
4569
4568
4569
4574
4570
4563
4556
4556
4570
4557
4550
4550
4550
4550
4550
4552
4558
4558
4558
4558
4558
4562
4561
4567
4566
4563
4556
4556
4558
4566
4591
4593
4593
4592
4584
4600
4602
4614
4613
4613
4602
4585
4579
4581
4587
4606
4606
4598
4607
4613
4610
4615
4606
4603
4612
4625
4617
4617
4617
4620
4623
4622
4614
4620
4612
4621
4623
4619
4615
4616
4618
4614
4609
4602
4607
4609
4603
4603
4610
4607
4607
4604
4602
4595
4592
4596
4602
4605
4605
4600
4607
4601
4600
4599
4596
4594
4581
4579
4579
4580
4580
4581
4585
4591
4596
4598
4600
4600
4602
4602
4602
4602
4589
4603
4594
4593
4606
4605
4605
4604
4600
4607
4607
4605
4590
4596
4585
4594
4593
4590
4589
4586
4591
4596
4597
4602
4600
4602
4600
4589
4588
4592
4585
4585
4576
4579
4581
4574
4574
4577
4577
4590
4578
4571
4581
4574
4572
4567
4566
4579
4605
4610
4604
4600
4598
4601
4604
4603
4594
4590
4583
4585
4585
4581
4557
4560
4562
4561
4533
4533
4533
4536
4535
4535
4534
4535
4532
4537
4540
4561
4546
4549
4556
4556
4550
4550
4550
4545
4548
4545
4550
4555
4555
4555
4551
4554
4554
4551
4550
4553
4554
4555
4561
4556
4575
4564
4568
4568
4565
4560
4558
4554
4562
4560
4551
4556
4549
4544
4530
4525
4525
4526
4522
4537
4539
4539
4529
4525
4522
4519
4516
4515
4516
4519
4520
4508
4499
4510
4520
4532
4511
4510
4509
4508
4509
4509
4480
4470
4465
4464
4460
4460
4460
4460
4464
4460
4465
4461
4460
4460
4455
4447
4455
4457
4457
4451
4460
4460
4464
4464
4459
4460
4452
4455
4454
4452
4463
4451
4460
4458
4454
4454
4464
4462
4478
4471
4474
4466
4450
4450
4452
4442
4450
4448
4449
4449
4448
4446
4446
4448
4450
4450
4450
4448
4450
4447
4447
4445
4455
4455
4450
4450
4450
4453
4445
4441
4432
4435
4434
4441
4444
4440
4444
4445
4457
4440
4450
4455
4457
4445
4447
4455
4450
4462
4459
4451
4458
4440
4432
4435
4434
4431
4437
4437
4432
4432
4424
4432
4435
4437
4435
4433
4437
4418
4420
4420
4420
4420
4419
4418
4408
4410
4413
4432
4432
4437
4440
4440
4439
4435
4435
4438
4435
4433
4436
4429
4434
4434
4434
4427
4425
4435
4430
4430
4442
4437
4429
4434
4433
4433
4430
4431
4429
4444
4446
4436
4442
4442
4435
4431
4436
4433
4433
4439
4440
4439
4439
4444
4445
4439
4443
4443
4439
4445
4449
4454
4447
4432
4428
4429
4431
4434
4434
4444
4422
4433
4433
4437
4440
4447
4459
4438
4446
4462
4462
4450
4442
4441
4460
4409
4395
4389
4394
4382
4386
4386
4378
4344
4345
4335
4345
4341
4343
4345
4345
4336
4335
4339
4338
4331
4337
4339
4330
4330
4329
4330
4339
4339
4342
4341
4337
4343
4345
4345
4345
4347
4342
4341
4341
4340
4341
4342
4342
4343
4347
4342
4347
4346
4347
4345
4346
4350
4349
4350
4345
4352
4345
4349
4345
4349
4344
4344
4345
4340
4340
4333
4335
4335
4335
4335
4334
4335
4333
4329
4330
4330
4325
4323
4327
4328
4331
4329
4342
4332
4338
4331
4342
4342
4335
4335
4330
4335
4334
4334
4341
4335
4335
4340
4337
4334
4340
4337
4350
4344
4350
4345
4349
4352
4360
4360
4355
4350
4352
4352
4348
4354
4353
4355
4355
4355
4350
4351
4356
4356
4356
4356
4350
4350
4344
4350
4343
4343
4356
4347
4350
4342
4330
4328
4328
4328
4320
4326
4326
4326
4326
4321
4327
4322
4327
4320
4323
4319
4319
4315
4324
4324
4325
4325
4325
4333
4326
4336
4329
4325
4320
4327
4313
4320
4320
4334
4336
4342
4342
4342
4342
4340
4338
4336
4346
4341
4345
4345
4345
4345
4345
4340
4345
4345
4346
4345
4345
4346
4346
4339
4337
4328
4331
4329
4327
4327
4320
4337
4330
4324
4327
4333
4333
4339
4339
4337
4338
4337
4337
4335
4336
4336
4347
4340
4348
4356
4341
4343
4344
4362
4370
4370
4368
4368
4370
4376
4376
4371
4367
4366
4369
4369
4369
4365
4370
4376
4368
4366
4364
4369
4366
4362
4362
4361
4363
4361
4361
4361
4358
4360
4359
4355
4355
4363
4363
4357
4357
4351
4356
4356
4351
4355
4356
4359
4355
4350
4355
4359
4358
4358
4359
4359
4358
4367
4370
4370
4365
4365
4371
4365
4365
4361
4365
4364
4361
4368
4368
4362
4366
4367
4367
4370
4368
4369
4374
4375
4375
4373
4376
4379
4376
4356
4361
4360
4360
4364
4358
4364
4363
4360
4369
4372
4369
4355
4354
4351
4349
4349
4349
4349
4347
4342
4349
4345
4345
4340
4336
4339
4339
4339
4339
4339
4339
4336
4339
4339
4339
4339
4335
4335
4340
4343
4340
4346
4338
4338
4337
4336
4335
4338
4339
4336
4334
4334
4334
4323
4344
4336
4343
4341
4328
4330
4322
4316
4316
4334
4334
4339
4338
4340
4335
4340
4344
4322
4341
4348
4352
4352
4355
4352
4337
4345
4350
4361
4383
4390
4390
4388
4393
4390
4382
4375
4371
4371
4374
4370
4375
4372
4372
4374
4374
4378
4380
4382
4383
4384
4388
4380
4383
4383
4382
4378
4384
4384
4384
4384
4389
4385
4386
4383
4385
4376
4380
4385
4386
4369
4376
4371
4367
4351
4348
4348
4349
4355
4362
4359
4352
4340
4349
4347
4350
4349
4355
4363
4369
4371
4370
4370
4363
4371
4393
4389
4396
4398
4399
4398
4400
4397
4398
4398
4394
4390
4390
4407
4400
4400
4396
4400
4396
4400
4398
4392
4400
4397
4400
4403
4398
4397
4399
4408
4407
4403
4395
4401
4401
4408
4408
4412
4414
4406
4404
4407
4400
4404
4402
4405
4405
4399
4398
4398
4392
4393
4396
4390
4390
4397
4405
4405
4400
4390
4393
4385
4390
4397
4398
4396
4404
4393
4391
4393
4400
4389
4399
4402
4392
4389
4392
4402
4405
4410
4409
4418
4416
4420
4420
4417
4410
4413
4404
4399
4402
4396
4394
4381
4376
4387
4386
4387
4390
4378
4386
4367
4377
4353
4350
4348
4347
4336
4322
4319
4320
4320
4320
4321
4319
4318
4323
4318
4314
4315
4314
4312
4310
4315
4310
4319
4320
4320
4322
4322
4329
4322
4318
4319
4323
4323
4323
4318
4311
4323
4321
4320
4323
4323
4313
4311
4317
4323
4323
4323
4322
4322
4330
4323
4323
4321
4330
4327
4325
4325
4332
4331
4320
4325
4322
4310
4311
4310
4300
4294
4294
4291
4301
4302
4310
4308
4313
4314
4313
4312
4302
4307
4308
4308
4304
4297
4341
4350
4342
4342
4355
4353
4359
4359
4356
4350
4333
4325
4334
4334
4332
4325
4330
4332
4327
4329
4332
4332
4334
4334
4350
4348
4342
4350
4349
4348
4350
4346
4347
4343
4349
4347
4340
4344
4344
4343
4341
4345
4345
4355
4354
4350
4354
4350
4333
4332
4327
4332
4332
4329
4333
4329
4337
4338
4329
4332
4334
4334
4324
4324
4322
4305
4297
4297
4297
4297
4291
4300
4300
4300
4300
4300
4300
4304
4303
4300
4304
4304
4304
4306
4300
4303
4310
4305
4310
4307
4310
4308
4306
4314
4313
4309
4310
4317
4319
4316
4320
4317
4325
4327
4320
4323
4309
4309
4302
4302
4302
4308
4304
4303
4293
4293
4294
4311
4312
4309
4315
4310
4301
4302
4304
4309
4304
4309
4326
4313
4313
4313
4306
4307
4301
4298
4303
4313
4313
4316
4324
4320
4302
4306
4297
4294
4305
4308
4299
4271
4254
4253
4242
4242
4239
4239
4238
4242
4259
4245
4244
4240
4242
4247
4248
4249
4248
4240
4239
4231
4226
4238
4238
4238
4243
4241
4235
4227
4227
4217
4203
4198
4203
4195
4160
4158
4158
4158
4158
4157
4158
4157
4157
4156
4147
4145
4148
4142
4146
4145
4145
4151
4146
4151
4152
4148
4152
4155
4156
4160
4165
4162
4154
4151
4153
4156
4156
4153
4154
4156
4157
4160
4160
4155
4156
4159
4151
4153
4152
4150
4157
4157
4157
4157
4157
4161
4154
4152
4144
4146
4142
4144
4152
4157
4157
4155
4147
4145
4154
4155
4153
4161
4153
4150
4147
4146
4150
4164
4181
4177
4174
4176
4182
4172
4229
4230
4233
4232
4226
4218
4225
4229
4223
4223
4231
4224
4223
4225
4228
4230
4234
4230
4232
4228
4238
4238
4231
4232
4235
4220
4219
4227
4225
4227
4227
4225
4218
4222
4214
4220
4223
4220
4212
4212
4208
4214
4217
4216
4218
4218
4219
4222
4221
4213
4215
4215
4213
4210
4210
4211
4224
4226
4226
4220
4219
4219
4221
4221
4221
4222
4227
4230
4230
4226
4230
4233
4233
4229
4225
4219
4216
4214
4213
4222
4220
4227
4220
4220
4221
4215
4214
4216
4216
4201
4201
4201
4201
4202
4195
4204
4204
4202
4200
4202
4193
4199
4195
4200
4210
4196
4200
4197
4198
4196
4195
4195
4192
4195
4195
4192
4188
4192
4182
4197
4191
4192
4196
4197
4185
4185
4196
4198
4199
4200
4196
4194
4198
4197
4195
4196
4200
4200
4197
4200
4206
4210
4206
4203
4202
4200
4204
4199
4197
4198
4214
4204
4212
4213
4199
4201
4190
4218
4212
4218
4218
4217
4220
4216
4210
4214
4214
4205
4205
4198
4197
4203
4204
4203
4217
4217
4217
4213
4211
4214
4202
4205
4203
4199
4195
4195
4196
4193
4181
4193
4188
4188
4194
4199
4199
4204
4204
4192
4194
4187
4187
4180
4186
4195
4211
4232
4235
4239
4240
4243
4240
4231
4234
4234
4226
4235
4236
4235
4231
4230
4233
4230
4215
4226
4214
4210
4210
4212
4217
4199
4239
4229
4240
4230
4225
4228
4229
4235
4289
4283
4286
4284
4278
4276
4292
4290
4285
4306
4306
4314
4325
4325
4325
4325
4326
4329
4326
4331
4330
4326
4340
4336
4330
4335
4334
4327
4332
4325
4325
4328
4324
4332
4333
4327
4327
4327
4335
4335
4333
4336
4330
4310
4310
4310
4309
4309
4304
4304
4308
4309
4308
4308
4300
4309
4310
4310
4299
4299
4297
4299
4298
4289
4300
4310
4310
4297
4298
4298
4299
4298
4296
4292
4300
4300
4292
4296
4289
4292
4305
4310
4309
4308
4303
4305
4301
4300
4300
4305
4308
4309
4307
4300
4306
4303
4300
4300
4300
4300
4295
4297
4299
4291
4290
4300
4298
4300
4300
4304
4310
4313
4313
4320
4314
4309
4301
4306
4302
4308
4308
4301
4308
4309
4302
4300
4298
4299
4298
4300
4295
4283
4282
4282
4282
4282
4282
4283
4283
4275
4271
4274
4276
4274
4278
4284
4279
4287
4284
4285
4287
4285
4286
4290
4290
4290
4285
4285
4290
4289
4290
4283
4280
4281
4285
4285
4290
4272
4270
4264
4263
4270
4268
4268
4265
4270
4270
4254
4265
4265
4269
4272
4283
4284
4283
4282
4289
4293
4291
4294
4296
4286
4288
4288
4291
4291
4291
4286
4279
4287
4287
4288
4287
4279
4280
4280
4275
4288
4290
4280
4276
4280
4275
4275
4274
4262
4260
4268
4271
4265
4265
4275
4272
4274
4273
4262
4261
4276
4276
4290
4285
4282
4289
4288
4280
4278
4272
4274
4279
4279
4291
4291
4278
4281
4289
4288
4265
4253
4250
4253
4251
4258
4258
4246
4242
4265
4263
4253
4250
4250
4246
4249
4248
4237
4225
4230
4244
4278
4285
4283
4287
4279
4284
4289
4298
4299
4309
4302
4299
4297
4302
4294
4294
4295
4307
4313
4305
4307
4297
4296
4298
4288
4269
4265
4267
4265
4251
4300
4299
4286
4288
4287
4285
4294
4300
4317
4320
4331
4328
4328
4326
4332
4329
4333
4334
4328
4315
4311
4296
4287
4282
4297
4285
4306
4305
4296
4296
4299
4291
4291
4271
4270
4287
4294
4295
4300
4301
4298
4291
4320
4305
4304
4278
4304
4300
4294
4299
4310
4310
4310
4300
4340
4340
4350
4362
4354
4346
4346
4344
4339
4373
4380
4392
4402
4401
4409
4409
4409
4407
4409
4409
4409
4409
4407
4407
4407
4406
4400
4404
4402
4407
4412
4413
4411
4411
4402
4406
4418
4414
4402
4408
4400
4400
4409
4411
4408
4404
4411
4406
4414
4418
4422
4422
4416
4415
4420
4404
4409
4407
4410
4410
4394
4399
4399
4395
4377
4379
4382
4383
4380
4380
4376
4376
4376
4379
4379
4379
4381
4376
4363
4376
4385
4385
4382
4385
4381
4378
4383
4384
4382
4388
4389
4390
4389
4387
4385
4393
4386
4386
4384
4386
4392
4378
4385
4377
4367
4372
4372
4360
4361
4362
4374
4372
4374
4374
4371
4369
4373
4365
4374
4379
4370
4372
4370
4378
4380
4380
4385
4380
4352
4389
4400
4390
4398
4394
4388
4392
4389
4400
4395
4395
4395
4389
4383
4383
4387
4392
4384
4388
4384
4401
4411
4398
4407
4395
4397
4402
4408
4410
4408
4403
4400
4396
4385
4382
4385
4379
4373
4365
4370
4376
4386
4389
4389
4383
4386
4378
4376
4375
4365
4364
4358
4358
4373
4381
4371
4370
4375
4374
4375
4380
4387
4397
4395
4396
4395
4400
4406
4406
4400
4407
4410
4408
4412
4402
4386
4380
4380
4380
4380
4386
4386
4392
4394
4400
4404
4400
4404
4409
4413
4405
4411
4411
4411
4412
4407
4405
4411
4418
4421
4421
4424
4419
4423
4424
4420
4422
4419
4409
4403
4400
4400
4395
4400
4410
4398
4392
4391
4387
4385
4378
4373
4373
4374
4376
4362
4395
4390
4390
4390
4393
4394
4392
4390
4385
4400
4385
4385
4380
4385
4397
4395
4412
4428
4429
4432
4438
4436
4441
4439
4440
4443
4435
4440
4440
4439
4437
4436
4438
4447
4446
4439
4444
4433
4435
4444
4443
4450
4440
4449
4423
4421
4422
4419
4420
4416
4416
4420
4418
4409
4400
4408
4405
4406
4399
4403
4403
4398
4406
4395
4395
4385
4384
4390
4393
4393
4392
4398
4400
4404
4405
4412
4412
4422
4409
4408
4409
4408
4408
4405
4408
4408
4396
4400
4400
4400
4400
4400
4401
4402
4408
4401
4409
4409
4409
4409
4409
4402
4408
4416
4399
4394
4388
4387
4383
4383
4382
4381
4390
4387
4388
4388
4381
4386
4381
4380
4387
4386
4388
4381
4395
4386
4395
4384
4384
4384
4382
4378
4378
4381
4377
4380
4366
4367
4366
4362
4366
4356
4356
4363
4366
4370
4369
4365
4370
4376
4373
4370
4387
4383
4387
4386
4391
4397
4397
4395
4389
4393
4384
4392
4397
4396
4391
4391
4386
4394
4411
4411
4411
4409
4389
4402
4402
4400
4400
4400
4397
4389
4376
4373
4388
4376
4372
4366
4369
4369
4358
4352
4350
4349
4349
4343
4339
4346
4339
4333
4333
4333
4334
4333
4332
4330
4330
4317
4317
4318
4316
4322
4318
4315
4315
4313
4320
4305
4307
4300
4306
4300
4304
4291
4291
4291
4290
4289
4290
4290
4290
4290
4290
4290
4290
4290
4290
4289
4286
4278
4290
4290
4289
4285
4286
4285
4275
4277
4280
4280
4280
4278
4280
4274
4275
4276
4277
4278
4277
4277
4275
