7490
7495
7495
7495
7491
7495
7502
7502
7503
7504
7496
7494
7507
7507
7490
7493
7505
7545
7548
7539
7536
7542
7545
7562
7558
7565
7559
7559
7564
7562
7561
7564
7548
7552
7546
7543
7545
7545
7541
7540
7540
7543
7537
7538
7548
7548
7550
7548
7539
7552
7552
7555
7558
7549
7541
7541
7543
7541
7542
7550
7559
7559
7555
7579
7568
7567
7587
7557
7553
7545
7589
7603
7610
7610
7610
7609
7604
7605
7599
7604
7606
7600
7602
7604
7609
7608
7600
7600
7593
7594
7594
7589
7595
7594
7587
7587
7581
7587
7581
7581
7584
7590
7601
7599
7599
7602
7612
7605
7619
7615
7620
7598
7592
7590
7588
7585
7592
7597
7614
7607
7600
7596
7604
7596
7583
7583
7572
7575
7576
7573
7583
7578
7574
7570
7579
7567
7563
7574
7579
7583
7577
7561
7561
7550
7554
7556
7549
7549
7554
7540
7525
7537
7542
7556
7560
7560
7564
7556
7556
7550
7566
7566
7547
7553
7557
7563
7572
7560
7566
7543
7543
7581
7603
7614
7614
7611
7597
7602
7607
7614
7612
7614
7617
7633
7623
7625
7633
7648
7635
7633
7614
7614
7616
7609
7616
7583
7589
7579
7567
7557
7536
7540
7549
7554
7549
7540
7540
7540
7550
7543
7563
7555
7564
7560
7558
7559
7554
7531
7532
7524
7520
7521
7539
7532
7524
7529
7527
7528
7526
7499
7498
7509
7500
7467
7475
7492
7485
7516
7522
7526
7529
7531
7528
7531
7546
7548
7554
7551
7548
7541
7549
7561
7556
7558
7568
7555
7533
7533
7527
7533
7532
7522
7513
7530
7539
7545
7552
7537
7539
7535
7531
7539
7529
7536
7533
7547
7530
7533
7512
7553
7550
7568
7577
7577
7587
7586
7593
7591
7638
7653
7672
7660
7651
7635
7646
7646
7630
7627
7635
7689
7694
7702
7716
7725
7729
7732
7747
7726
7710
7718
7720
7728
7727
7734
7740
7758
7747
7646
7662
7685
7683
7691
7672
7689
7690
7692
7697
7697
7714
7708
7708
7694
7695
7691
7696
7705
7704
7706
7703
7690
7689
7710
7726
7726
7726
7716
7723
7716
7718
7715
7713
7707
7712
7695
7695
7697
7691
7709
7703
7717
7720
7725
7726
7718
7725
7730
7742
7745
7754
7750
7738
7768
7754
7753
7759
7732
7738
7734
7739
7761
7723
7718
7707
7701
7705
7717
7708
7712
7723
7732
7731
7740
7740
7721
7735
7725
7748
7763
7755
7776
7775
7806
7813
7815
7798
7785
7767
7766
7772
7780
7775
7748
7744
7745
7748
7714
7723
7749
7751
7752
7737
7749
7746
7744
7737
7745
7726
7712
7714
7723
7671
7728
7729
7730
7706
7723
7725
7722
7724
7745
7730
7744
7763
7737
7740
7742
7729
7755
7680
7707
7738
7739
7812
7819
7824
7821
7814
7815
7833
7826
7812
7815
7820
7801
7808
7821
7823
7795
7803
7895
7960
7970
7962
7973
7975
7982
7997
8007
7999
8015
8017
8013
8004
8005
7985
7985
7955
7951
7960
7968
7960
7965
7974
7976
7951
7953
7935
7957
7975
7967
7968
7987
8012
8006
8007
8034
8033
8033
8031
8037
8016
8019
8001
7985
7995
8016
8015
8037
8035
8041
8069
8092
8091
8095
8093
8086
8110
8110
8113
8114
8116
8119
8123
8121
8119
8118
8115
8116
8116
8116
8115
8117
8128
8125
8126
8127
8127
8132
8138
8139
8138
8139
8139
8129
8131
8131
8129
8126
8125
8128
8131
8117
8121
8123
8114
8114
8114
8114
8112
8114
8113
8112
8110
8110
8109
8104
8113
8110
8105
8103
8100
8107
8087
8077
8101
8113
8116
8116
8116
8117
8114
8107
8105
8103
8104
8106
8104
8104
8106
8106
8104
8103
8104
8107
8104
8103
8123
8125
8120
8126
8123
8134
8117
8113
8104
8116
8121
8123
8122
8123
8111
8109
8120
8119
8110
8127
8123
8128
8126
8133
8129
8123
8123
8137
8146
8141
8140
8144
8160
8174
8170
8170
8170
8162
8163
8163
8159
8162
8158
8159
8162
8165
8155
8155
8157
8165
8160
8161
8179
8148
8141
8122
8121
8110
8113
8114
8114
8123
8120
8118
8120
8134
8127
8144
8145
8150
8153
8157
8143
8121
8123
8124
8119
8126
8142
8157
8108
8100
8107
8110
8087
8033
8006
8002
7960
7962
7950
7950
7950
7946
7939
7927
7925
7919
7912
7913
7908
7878
7861
7909
7900
7901
7897
7903
7921
7931
7963
7984
8073
8080
8084
8086
8085
8077
8088
8108
8109
8114
8118
8118
8111
8118
8113
8108
8100
8106
8097
8081
8124
8130
8110
8112
8118
8110
8138
8140
8136
8154
8158
8158
8155
8154
8148
8166
8152
8163
8177
8172
8175
8130
8130
8131
8128
8129
8129
8130
8130
8130
8134
8130
8125
8119
8116
8118
8117
8121
8100
8115
8135
8138
8140
8140
8137
8140
8139
8140
8140
8140
8139
8132
8119
8131
8135
8139
8146
8139
8135
8135
8139
8143
8145
8148
8153
8150
8166
8135
8130
8128
8129
8141
8131
8120
8123
8129
8138
8137
8143
8143
8143
8148
8146
8144
8142
8145
8148
8148
8150
8140
8145
8161
8161
8162
8150
8150
8160
8162
8160
8162
8160
8165
8160
8159
8160
8156
8152
8157
8148
8148
8163
8161
8154
8151
8153
8168
8169
8168
8168
8174
8169
8174
8176
8178
8155
8150
8125
8142
8138
8120
8135
8130
8130
8138
8128
8103
8127
8100
8126
8134
8152
8160
8138
8143
8156
8160
8168
8181
8183
8176
8175
8178
8182
8183
8190
8186
8186
8178
8181
8176
8164
8162
8160
8167
8166
8170
8168
8175
8184
8177
8183
8180
8175
8187
8187
8200
8204
8206
8207
8207
8207
8226
8220
8219
8218
8205
8203
8203
8203
8199
8193
8198
8195
8188
8195
8198
8198
8217
8203
8206
8213
8202
8197
8196
8210
8208
8212
8219
8219
8221
8221
8237
8183
8161
8155
8158
8150
8147
8152
8156
8158
8138
8124
8085
8127
8117
8109
8119
8114
8079
8130
8176
8211
8211
8214
8210
8241
8244
8255
8272
8279
8206
8210
8210
8209
8193
8193
8193
8187
8186
8189
8191
8184
8189
8184
8189
8190
8186
8178
8184
8181
8181
8179
8190
8184
8185
8185
8184
8187
8201
8195
8195
8207
8209
8197
8197
8210
8210
8209
8209
8211
8210
8205
8211
8211
8217
8220
8219
8212
8205
8209
8209
8210
8205
8209
8214
8210
8221
8209
8215
8213
8207
8213
8213
8213
8215
8215
8216
8197
8197
8197
8197
8197
8195
8195
8195
8195
8197
8196
8196
8196
8193
8192
8187
8192
8200
8200
8198
8193
8187
8187
8185
8178
8178
8178
8176
8173
8171
8171
8178
8190
8197
8203
8201
8201
8195
8206
8209
8232
8231
8227
8222
8211
8218
8218
8214
8232
8228
8214
8216
8209
8209
8205
8216
8220
8215
8223
8233
8227
8239
8233
8234
8221
8221
8231
8200
8196
8203
8199
8199
8199
8199
8195
8191
8197
8184
8180
8185
8199
8199
8199
8202
8218
8218
8214
8214
8215
8222
8220
8191
8191
8192
8192
8190
8192
8192
8192
8191
8200
8190
8194
8180
8160
8168
8157
8163
8123
8112
8130
8137
8138
8152
8148
8149
8141
8141
8149
8152
8162
8159
8167
8165
8165
8169
8165
8162
8162
8162
8169
8166
8176
8177
8170
8167
8150
8150
8150
8141
8150
8150
8150
8144
8146
8150
8150
8150
8152
8146
8147
8146
8144
8144
8144
8157
8145
8142
8149
8148
8158
8175
8175
8174
8180
8192
8200
8208
8210
8210
8206
8206
8214
8208
8215
8206
8202
8202
8196
8200
8199
8200
8205
8204
8206
8206
8206
8206
8194
8202
8213
8202
8204
8224
8218
8211
8200
8200
8188
8187
8185
8190
8198
8196
8202
8189
8192
8191
8193
8194
8195
8197
8195
8216
8206
8199
8212
8224
8223
8226
8222
8223
8225
8236
8239
8239
8236
8243
8242
8242
8239
8236
8242
8238
8241
8242
8239
8238
8241
8262
8280
8275
8271
8254
8254
8249
8246
8241
8243
8243
8247
8235
8259
8266
8274
8265
8265
8269
8269
8282
8283
8280
8235
8197
8189
8197
8193
8199
8194
8191
8191
8189
8187
8183
8182
8178
8179
8183
8183
8192
8195
8195
8188
8187
8194
8184
8178
8176
8182
8180
8183
8178
8180
8177
8177
8169
8175
8169
8178
8177
8178
8175
8177
8169
8169
8169
8169
8163
8169
8163
8163
8164
8164
8169
8176
8175
8175
8173
8173
8170
8170
8185
8187
8188
8188
8193
8193
8187
8187
8189
8189
8194
8191
8197
8198
8198
8200
8205
8199
8199
8198
8198
8169
8175
8174
8163
8174
8183
8183
8196
8192
8205
8213
8201
8202
8208
8208
8191
8159
8159
8163
8177
8185
8186
8181
8181
8181
8174
8152
8149
8158
8155
8170
8161
8160
8164
8137
8109
8090
8096
8098
8107
8112
8117
8126
8127
8092
8101
8102
8133
8131
8105
8112
8124
8131
8142
8158
8160
8160
8154
8150
8142
8124
8115
8105
8128
8133
8143
8133
8161
8160
8160
8155
8155
8157
8174
8169
8175
8171
8175
8175
8185
8182
8185
8185
8185
8185
8186
8189
8198
8200
8195
8192
8177
8177
8181
8186
8186
8183
8171
8169
8165
8184
8173
8211
8211
8206
8210
8201
8210
8185
8178
8148
8174
8167
8170
8186
8184
8195
8189
8188
8188
8203
8197
8206
8201
8189
8196
8204
8200
8193
8191
8186
8180
8184
8185
8190
8184
8184
8181
8179
8166
8205
8206
8201
8204
8205
8208
8205
8212
8214
8214
8213
8213
8208
8204
8193
8198
8202
8207
8199
8199
8184
8183
8182
8181
8181
8176
8178
8180
8182
8185
8176
8173
8173
8171
8168
8171
8171
8176
8174
8174
8196
8206
8209
8219
8224
8223
8215
8215
8220
8221
8221
8225
8229
8231
8226
8219
8211
8210
8208
8201
8209
8195
8187
8189
8180
8180
8180
8177
8182
8175
8168
8160
8168
8168
8165
8168
8172
8175
8175
8175
8173
8173
8164
8179
8179
8179
8188
8178
8184
8184
8184
8191
8169
8173
8168
8168
8174
8175
8191
8187
8165
8163
8167
8179
8177
8163
8163
8193
8201
8205
8205
8221
8172
8157
8162
8156
8149
8152
8180
8179
8179
8251
8251
8253
8245
8240
8235
8231
8231
8238
8238
8238
8238
8246
8254
8256
8260
8255
8256
8265
8259
8257
8264
8255
8240
8245
8232
8229
8231
8242
8240
8240
8220
8216
8216
8218
8224
8237
8226
8220
8218
8222
8231
8229
8224
8219
8210
8209
8207
8227
8226
8237
8236
8247
8236
8238
8232
8224
8228
8260
8263
8267
8265
8265
8251
8246
8249
8238
8248
8229
8212
8225
8222
8197
8181
8181
8181
8181
8182
8178
8181
8185
8180
8178
8178
8174
8173
8178
8180
8175
8183
8175
8171
8191
8221
8219
8220
8227
8207
8201
8165
8166
8162
8143
8130
8128
8150
8150
8115
8159
8112
8099
8095
8113
8108
8040
8041
7850
7850
7840
7855
7858
7868
7872
7879
7873
7870
7874
7874
7878
7880
7876
7883
7888
7878
7872
7865
7887
7879
7866
7860
7839
7827
7893
7900
7882
7870
7885
7885
7894
7925
7929
7934
7931
7930
7916
7915
7921
7913
7922
7931
7925
7934
7935
7939
7948
7957
7959
7957
7956
7958
7958
7947
7944
7929
7955
7957
7964
7956
7956
7961
7966
7986
7987
7972
7976
7976
7981
7982
7973
7972
7980
7980
7984
7975
7982
7959
7940
7949
7940
7932
7937
7916
7916
7914
7896
7896
7900
7900
7897
7904
7901
7903
7896
7915
7912
7914
7907
7909
7902
7907
7906
7913
7913
7922
7925
7921
7915
7915
7927
7923
7915
7915
7908
7904
7915
7922
7926
7932
7928
7927
7932
7935
7934
7929
7925
7921
7925
7929
7929
7936
7935
7925
7929
7929
7919
7915
7897
7883
7874
7886
7895
7893
7893
7896
7893
7882
7893
7894
7873
7886
7891
7892
7904
7904
7895
7909
7900
7891
7893
7895
7892
7886
7885
7886
7884
7901
7899
7897
7910
7903
7913
7915
7915
7913
7925
7910
7903
7897
7900
7917
7914
7904
7909
7927
7932
7933
7927
7938
7937
7932
7930
7920
7921
7930
7930
7919
7905
7910
7913
7896
7902
7891
7899
7893
7880
7890
7933
7945
7958
7960
7950
7982
7983
8002
7989
7983
7980
7995
7999
7999
7962
7917
7978
8005
8001
7974
8013
8050
8102
8086
8096
8130
8137
8124
8142
8279
8286
8284
8280
8273
8270
8269
8269
8270
8267
8255
8247
8251
8248
8270
8266
8266
8269
8255
8255
8240
8232
8230
8230
8226
8234
8235
8234
8238
8235
8231
8231
8230
8218
8219
8218
8213
8214
8215
8213
8210
8211
8211
8212
8210
8215
8221
8220
8216
8228
8220
8222
8230
8230
8240
8230
8227
8228
8224
8224
8218
8220
8218
8213
8207
8209
8207
8208
8203
8200
8197
8200
8194
8195
8200
8200
8189
8208
8212
8204
8204
8211
8216
8213
8205
8209
8209
8200
8205
8202
8211
8215
8221
8218
8220
8230
8204
8214
8203
8196
8201
8195
8198
8198
8191
8208
8208
8217
8222
8206
8204
8200
8210
8214
8221
8227
8237
8239
8237
8230
8222
8223
8225
8221
8235
8232
8228
8211
8205
8208
8213
8192
8197
8221
8220
8220
8223
8246
8243
8255
8243
8232
8233
8244
8264
8271
8286
8284
8291
8281
8281
8287
8288
8301
8301
8292
8297
8297
8311
8300
8280
8280
8280
8295
8281
8269
8269
8266
8269
8270
8272
8271
8269
8269
8261
8280
8277
8264
8258
8256
8264
8269
8273
8257
8247
8254
8254
8264
8269
8248
8250
8245
8241
8238
8233
8231
8243
8275
8270
8265
8275
8290
8277
8288
8282
8267
8233
8244
8210
8212
8212
8207
8217
8222
8222
8217
8214
8202
8199
8193
8194
8197
8197
8197
8194
8196
8195
8192
8211
8209
8208
8207
8207
8205
8216
8223
8222
8231
8225
8223
8213
8210
8203
8213
8219
8217
8214
8211
8220
8227
8231
8227
8225
8218
8222
8220
8223
8199
8202
8192
8189
8189
8184
8188
8195
8207
8202
8197
8182
8182
8196
8195
8202
8213
8213
8223
8216
8216
8220
8216
8222
8229
8238
8236
8236
8236
8237
8229
8241
8228
8196
8196
8198
8194
8194
8196
8193
8202
8192
8174
8197
8222
8208
8265
8269
8268
8268
8268
8268
8265
8261
8266
8266
8268
8280
8280
8280
8273
8265
8286
8277
8270
8296
8268
8266
8250
8238
8220
8220
8144
8147
8146
8148
8143
8140
8136
8136
8128
8168
8143
8138
8127
8124
8120
8124
8124
8119
8113
8118
8108
8087
8087
8087
8082
8084
8090
8090
8090
8105
8110
8120
8135
8134
8134
8126
8120
8110
8110
8113
8117
8128
8160
8143
8137
8137
8146
8157
8159
8153
8158
8169
8171
8150
8144
8140
8124
8120
8115
8092
8088
8095
8105
8090
8082
8074
8089
8070
8060
8090
8091
8136
8167
8175
8173
8170
8179
8180
8176
8193
8195
8196
8193
8195
8188
8194
8193
8185
8185
8180
8181
8181
8190
8191
8212
8214
8205
8190
8191
8200
8201
8209
8190
8210
8215
8217
8213
8215
8221
8226
8223
8217
8215
8205
8201
8205
8205
8205
8200
8209
8217
8223
8202
8202
8198
8208
8201
8220
8222
8222
8208
8212
8214
8207
8202
8193
8193
8186
8183
8208
8216
8200
8174
8174
8168
8167
8173
8173
8165
8170
8182
8188
8184
8167
8200
8195
8248
8241
8236
8234
8247
8254
8261
8276
8244
8244
8250
8257
8250
8275
8274
8259
8265
8299
8296
8291
8298
8289
8307
8298
8314
8307
8304
8286
8293
8314
8314
8338
8338
8342
8347
8340
8344
8337
8340
8368
8354
8354
8351
8351
8345
8351
8322
8355
8335
8322
8318
8322
8358
8378
8369
8373
8429
8428
8408
8414
8407
8405
8403
8407
8406
8411
8410
8410
8410
8407
8421
8420
8408
8406
8390
8371
8365
8366
8355
8356
8337
8340
8329
8351
8336
8331
8359
8379
8361
8338
8320
8311
8303
8316
8319
8324
8324
8325
8331
8327
8310
8312
8300
8337
8335
8344
8335
8340
8340
8358
8354
8340
8338
8325
8346
8363
8400
8408
8405
8422
8421
8428
8440
8438
8423
8419
8418
8408
8406
8411
8390
8394
8415
8412
8424
8437
8445
8458
8446
8450
8453
8438
8438
8409
8403
8439
8460
8425
8412
8412
8378
8369
8363
8353
8342
8330
8331
8317
8334
8331
8312
8298
8304
8312
8313
8328
8300
8309
8313
8298
8277
8272
8271
8263
8255
8245
8256
8247
8257
8251
8258
8265
8256
8226
8229
8218
8214
8207
8206
8217
8226
8216
8215
8227
8225
8231
8235
8211
8248
8255
8252
8250
8250
8255
8275
8262
8257
8254
8290
8289
8267
8256
8260
8248
8244
8239
8249
8251
8220
8214
8220
8222
8232
8228
8220
8241
8243
8266
8245
8204
8203
8206
8209
8202
8192
8193
8168
8178
8175
8174
8182
8180
8173
8176
8168
8180
8180
8186
8186
8178
8177
8180
8190
8190
8176
8192
8197
8180
8179
8167
8161
8151
8161
8160
8161
8161
8175
8165
8169
8146
8183
8184
8232
8248
8226
8235
8229
8250
8231
8235
8224
8218
8213
8189
8184
8194
8185
8179
8185
8223
8243
8244
8230
8198
8211
8150
8240
8268
8329
8342
8323
8295
8279
8281
8210
8231
8208
8212
8171
8178
8143
8144
8118
8111
8110
8106
8107
8110
8125
8129
8130
8118
8100
8048
8072
8032
8037
8021
8019
8004
8012
8006
8018
8021
8020
8009
8017
8004
7986
7995
7982
7993
7992
7992
7998
7984
7990
7989
7988
7978
7974
7967
7966
7971
7979
7981
7976
7989
7986
7989
7989
8023
8008
8016
8000
8011
8016
8016
8005
7988
7982
7970
7980
7984
7982
7976
7975
7984
7973
7979
7973
7972
7966
7959
7967
7967
7958
7968
7962
7952
7955
7956
7942
7976
7990
7960
8014
7985
7949
7926
7929
7921
7890
7871
7857
7856
7851
7835
7810
7797
7797
7800
7789
7790
7773
7776
7770
7766
7755
7737
7755
7758
7768
7750
7756
7778
7779
7776
7777
7765
7760
7754
7754
7746
7743
7742
7742
7737
7738
7738
7727
7724
7720
7712
7735
7730
7728
7742
7754
7761
7767
7752
7734
7738
7745
7743
7746
7731
7729
7726
7726
7729
7723
7725
7719
7718
7718
7707
7712
7705
7710
7712
7710
7718
7718
7718
7695
7701
7710
7712
7724
7719
7712
7715
7713
7714
7710
7714
7717
7717
7717
7718
7720
7723
7726
7722
7726
7707
7706
7723
7725
7739
7742
7745
7757
7762
7762
7768
7761
7745
7755
7750
7735
7722
7729
7731
7730
7727
7696
7715
7730
7713
7711
7722
7731
7734
7735
7737
7733
7760
7756
7755
7752
7747
7755
7751
7757
7757
7763
7740
7771
7769
7766
7766
7754
7751
7755
7759
7734
7727
7728
7749
7772
7732
7736
7736
7730
7730
7728
7726
7726
7729
7729
7725
7725
7718
7716
7721
7730
7748
7740
7740
7737
7734
7733
7733
7734
7730
7730
7730
7723
7727
7719
7725
7739
7728
7728
7718
7710
7710
7707
7710
7717
7721
7722
7727
7733
7732
7740
7730
7737
7718
7700
7694
7694
7700
7705
7699
7695
7696
7688
7706
7702
7709
7705
7707
7708
7710
7714
7715
7725
7727
7715
7710
7701
7710
7712
7709
7711
7719
7714
7716
7714
7709
7712
7704
7712
7705
7684
7672
7665
7673
7673
7666
7675
7673
7669
7685
7679
7686
7664
7686
7690
7691
7695
7692
7700
7705
7705
7703
7710
7703
7688
7691
7690
7680
7691
7692
7693
7695
7706
7713
7708
7712
7713
7708
7706
7707
7705
7695
7699
7705
7709
7698
7698
7689
7691
7694
7693
7695
7706
7707
7684
7713
7706
7706
7690
7692
7699
7691
7689
7704
7725
7736
7737
7734
7737
7742
7753
7755
7764
7755
7758
7753
7740
7736
7741
7737
7755
7738
7735
7743
7767
7719
7656
7659
7690
7684
7667
7669
7679
7679
7674
7666
7662
7651
7657
7666
7682
7663
7677
7664
7660
7662
7662
7666
7659
7646
7648
7647
7649
7653
7659
7664
7656
7629
7670
7676
7678
7678
7681
7680
7681
7644
7644
7638
7640
7630
7625
7623
7621
7619
7626
7625
7630
7628
7626
7614
7616
7637
7637
7632
7614
7629
7643
7633
7645
7650
7637
7604
7650
7630
7571
7533
7542
7533
7525
7527
7534
7519
7516
7489
7460
7466
7468
7468
7465
7465
7451
7459
7460
7459
7466
7440
7448
7442
7442
7439
7439
7442
7439
7440
7437
7427
7431
7424
7394
7397
7401
7407
7407
7392
7393
7392
7387
7386
7399
7411
7416
7410
7399
7394
7397
7384
7381
7399
7383
7386
7369
7405
7388
7385
7409
7412
7394
7542
7538
7534
7537
7536
7532
7525
7525
7523
7523
7526
7524
7519
7543
7534
7532
7532
7527
7529
7519
7524
7523
7520
7524
7509
7519
7523
7519
7520
7520
7515
7515
7518
7509
7514
7520
7522
7522
7520
7514
7515
7526
7527
7525
7526
7521
7519
7521
7523
7527
7517
7514
7503
7493
7495
7494
7493
7500
7499
7502
7500
7504
7500
7508
7496
7494
7515
7511
7521
7517
7489
7507
7527
7516
7527
7529
7524
7524
7524
7515
7530
7531
7527
7508
7490
7515
7518
7521
7522
7525
7534
7530
7518
7499
7505
7492
7479
7470
7498
7494
7494
7465
7465
7468
7471
7465
7470
7460
7455
7461
7458
7475
7468
7460
7457
7450
7445
7450
7457
7447
7446
7436
7443
7443
7436
7436
7427
7436
7444
7445
7445
7451
7450
7457
7457
7457
7446
7435
7439
7437
7441
7451
7465
7450
7463
7451
7458
7459
7459
7459
7454
7452
7443
7450
7450
7451
7449
7446
7438
7443
7434
7441
7441
7442
7443
7444
7440
7443
7434
7433
7438
7438
7444
7451
7445
7442
7442
7433
7444
7447
7438
7440
7448
7444
7444
7435
7436
7428
7429
7436
7420
7416
7408
7398
7393
7389
7396
7390
7396
7390
7396
7393
7393
7394
7392
7397
7391
7401
7391
7391
7382
7381
7390
7371
7372
7391
7390
7405
7399
7405
7405
7398
7405
7406
7406
7405
7400
7395
7387
7367
7375
7389
7407
7413
7411
7400
7410
7388
7392
7392
7392
7383
7387
7385
7388
7398
7410
7405
7408
7410
7425
7425
7418
7414
7406
7403
7419
7414
7418
7429
7428
7421
7436
7435
7425
7427
7444
7447
7454
7447
7450
7454
7465
7462
7456
7475
7462
7460
7459
7450
7445
7430
7430
7438
7433
7428
7433
7440
7433
7429
7431
7426
7407
7423
7418
7403
7386
7382
7359
7397
7404
7413
7411
7411
7418
7412
7415
7424
7425
7425
7417
7411
7411
7405
7418
7411
7406
7395
7411
7428
7422
7422
7428
7424
7418
7421
7414
7420
7415
7414
7419
7419
7423
7419
7426
7430
7425
7428
7425
7427
7419
7423
7425
7434
7436
7397
7412
7407
7410
7418
7427
7429
7428
7421
7426
7430
7443
7430
7433
7426
7426
7422
7421
7421
7420
7420
7420
7420
7428
7434
7429
7424
7405
7413
7416
7408
7407
7402
7405
7405
7384
7376
7400
7393
7404
7408
7406
7399
7405
7396
7396
7391
7394
7398
7393
7407
7404
7411
7393
7404
7402
7403
7396
7383
7380
7380
7369
7366
7366
7373
7372
7374
7355
7345
7345
7351
7362
7360
7368
7376
7379
7365
7365
7360
7358
7361
7367
7365
7360
7361
7367
7362
7367
7361
7365
7365
7354
7354
7349
7341
7341
7341
7339
7335
7352
7350
7338
7327
7316
7317
7318
7314
7314
7300
7300
7307
7314
7321
7317
7295
7300
7294
7294
7298
7295
7303
7300
7297
7289
7290
7302
7319
7319
7309
7301
7306
7294
7295
7305
7305
7303
7315
7321
7334
7325
7328
7327
7323
7331
7332
7327
7322
7314
7314
7312
7308
7307
7310
7316
7319
7327
7319
7327
7326
7327
7326
7324
7323
7321
7314
7312
7327
7326
7325
7328
7333
7331
7334
7336
7337
7332
7332
7328
7328
7327
7329
7333
7328
7338
7340
7347
7346
7336
7342
7339
7332
7332
7332
7315
7317
7311
7318
7320
7319
7327
7316
7324
7322
7304
7308
7304
7313
7310
7309
7296
7296
7298
7294
7295
7288
7285
7283
7273
7267
7259
7277
7270
7265
7267
7269
7277
7277
7278
7285
7270
7270
7276
7272
7272
7289
7290
7295
7289
7277
7277
7277
7288
7292
7285
7260
7261
7263
7254
7261
7270
7256
7253
7248
7242
7249
7252
7265
7262
7242
7249
7263
7256
7219
7287
7258
7276
7288
7317
7310
7292
7301
7309
7307
7309
7319
7324
7329
7329
7333
7331
7331
7329
7329
7329
7330
7324
7344
7358
7351
7342
7329
7322
7318
7290
7290
7293
7305
7298
7303
7327
7330
7350
7370
7370
7369
7366
7348
7355
7351
7365
7357
7359
7351
7364
7364
7349
7348
7358
7344
7347
7345
7339
7337
7334
7328
7339
7345
7341
7326
7313
7310
7371
7368
7364
7366
7370
7374
7351
7360
7348
7355
7363
7357
7346
7363
7356
7369
7365
7359
7345
7338
7336
7359
7332
7299
7330
7327
7372
7392
7391
7394
7399
7361
7370
7416
7414
7421
7434
7374
7479
7461
7554
7579
7565
7613
7630
7508
7500
7497
7494
7486
7473
7477
7464
7464
7466
7468
7459
7464
7464
7470
7486
7473
7476
7486
7490
7489
7465
7462
7459
7437
7476
7474
7471
7469
7465
7455
7457
7454
7463
7470
7463
7465
7464
7460
7450
7443
7456
7466
7472
7467
7467
7474
7471
7470
7493
7486
7498
7479
7476
7469
7468
7466
7470
7480
7474
7479
7490
7475
7469
7478
7464
7466
7461
7463
7454
7443
7447
7450
7460
7456
7452
7441
7448
7452
7436
7451
7453
7463
7464
7457
7461
7459
7460
7461
7452
7448
7446
7445
7448
7460
7464
7474
7442
7438
7438
7428
7418
7401
7398
7395
7390
7383
7388
7376
7376
7366
7377
7387
7386
7409
7410
7417
7411
7416
7416
7422
7428
7426
7409
7413
7409
7411
7418
7423
7422
7423
7428
7429
7444
7449
7450
7445
7447
7452
7452
7455
7445
7443
7435
7438
7438
7443
7446
7446
7464
7462
7458
7455
7456
7456
7444
7444
7445
7445
7446
7455
7450
7454
7453
7454
7454
7457
7457
7455
7451
7450
7463
7465
7460
7469
7463
7456
7455
7446
7442
7429
7428
7429
7444
7428
7424
7423
7430
7432
7430
7428
7434
7432
7430
7406
7404
7414
7419
7414
7406
7388
7392
7396
7384
7419
7412
7423
7424
7438
7440
7474
7475
7468
7445
7448
7445
7457
7486
7489
7557
7471
7466
7467
7467
7462
7461
7469
7468
7449
7437
7438
7437
7448
7453
7449
7449
7447
7447
7442
7424
7421
7434
7432
7424
7440
7452
7465
7470
7461
7468
7474
7464
7458
7454
7458
7459
7457
7448
7473
7471
7465
7462
7475
7477
7483
7467
7449
7462
7457
7470
7444
7434
7420
7424
7424
7422
7428
7420
7420
7414
7420
7411
7417
7418
7426
7437
7437
7431
7430
7425
7422
7425
7416
7415
7428
7421
7412
7420
7412
7407
7405
7379
7363
7369
7361
7365
7352
7396
7400
7414
7410
7400
7393
7390
7395
7389
7411
7417
7446
7459
7472
7472
7472
7459
7461
7456
7455
7468
7483
7470
7467
7464
7456
7450
7456
7463
7449
7442
7440
7440
7440
7446
7443
7484
7493
7510
7489
7473
7479
7475
7467
7464
7464
7462
7464
7428
7429
7420
7420
7413
7442
7422
7416
7421
7428
7424
7421
7426
7401
7396
7391
7403
7387
7387
7388
7387
7381
7370
7371
7374
7378
7381
7377
7383
7379
7382
7382
7381
7378
7374
7376
7377
7382
7396
7391
7382
7378
7382
7387
7387
7390
7388
7412
7399
7413
7408
7405
7384
7387
7392
7388
7394
7356
7355
7353
7350
7347
7341
7342
7338
7337
7325
7328
7328
7329
7330
7332
7326
7318
7317
7313
7305
7310
7318
7322
7319
7318
7325
7327
7324
7324
7325
7339
7332
7345
7345
7348
7348
7342
7336
7335
7344
7349
7342
7348
7345
7336
7335
7321
7321
7316
7314
7312
7313
7321
7317
7317
7314
7318
7311
7332
7331
7329
7325
7337
7335
7335
7339
7345
7327
7323
7323
7320
7324
7324
7320
7332
7328
7336
7339
7326
7333
7345
7339
7344
7340
7341
7342
7330
7324
7324
7330
7329
7325
7325
7323
7319
7321
7318
7315
7304
7299
7297
7286
7304
7317
7321
7319
7324
7323
7318
7304
7300
7301
7295
7312
7330
7326
7321
7321
7334
7341
7318
7317
7315
7328
7343
7357
7358
7362
7358
7355
7351
7355
7369
7374
7373
7369
7378
7381
7371
7374
7378
7384
7380
7388
7378
7367
7376
7373
7374
7370
7379
7370
7367
7355
7361
7386
7325
7305
7312
7309
7295
7303
7330
7338
7326
7328
7330
7333
7345
7345
7342
7337
7349
7350
7355
7352
7345
7336
7330
7295
7293
7245
7268
7296
7289
7284
7285
7288
7300
7334
7364
7369
7394
7383
7371
7379
7361
7367
7391
7429
7395
7373
7346
7356
7411
7420
7424
7423
7421
7413
7467
7497
7482
7482
7478
7491
7556
7502
7498
7490
7479
7468
7465
7473
7461
7433
7442
7438
7439
7434
7441
7420
7421
7428
7437
7436
7434
7441
7440
7433
7418
7419
7428
7421
7418
7414
7414
7393
7393
7397
7402
7410
7414
7410
7401
7400
7407
7419
7424
7438
7430
7438
7446
7445
7448
7463
7464
7494
7482
7465
7473
7463
7455
7449
7447
7440
7437
7439
7435
7453
7428
7440
7408
7407
7413
7416
7414
7437
7438
7431
7445
7444
7441
7441
7440
7445
7452
7455
7461
7450
7424
7429
7421
7415
7421
7431
7413
7416
7404
7402
7413
7420
7423
7424
7419
7407
7404
7387
7392
7398
7391
7400
7394
7381
7397
7415
7409
7413
7420
7411
7416
7423
7416
7410
7394
7384
7380
7380
7384
7368
7373
7384
7383
7385
7389
7373
7372
7356
7341
7350
7349
7350
7337
7375
7366
7430
7430
7433
7430
7426
7428
7429
7426
7427
7427
7421
7423
7447
7455
7463
7466
7462
7460
7465
7458
7455
7470
7459
7460
7456
7459
7459
7455
7444
7437
7437
7436
7439
7422
7429
7429
7429
7427
7420
7427
7427
7434
7428
7424
7432
7425
7419
7450
7456
7471
7460
7460
7462
7462
7469
7466
7475
7480
7470
7488
7507
7509
7508
7493
7504
7543
7404
7394
7392
7376
7348
7353
7352
7349
7345
7347
7344
7334
7342
7333
7333
7334
7336
7352
7337
7332
7337
7337
7340
7342
7348
7341
7359
7361
7354
7346
7345
7340
7333
7326
7327
7326
7329
7333
7312
7323
7326
7325
7326
7321
7329
7329
7329
7320
7328
7330
7318
7316
7303
7302
7311
7312
7275
7285
7327
7342
7360
7359
7361
7366
7366
7366
7367
7364
7370
7367
7360
7362
7375
7363
7350
7355
7363
7364
7376
7355
7326
7316
7316
7312
7312
7317
7316
7314
7315
7317
7322
7317
7312
7309
7316
7316
7309
7319
7306
7348
7350
7346
7358
7358
7356
7359
7372
7370
7367
7349
7346
7329
7399
7398
7414
7388
7365
7399
7363
7354
7182
7174
7183
7183
7206
7249
7198
6902
6804
6778
6778
6770
6769
6769
6764
6766
6761
6764
6766
6761
6761
6762
6749
6756
6752
6745
6749
6748
6745
6756
6749
6750
6751
6778
6753
6750
6740
6743
6743
6742
6731
6732
6719
6722
6721
6719
6725
6718
6723
6722
6722
6716
6710
6720
6726
6725
6721
6705
6707
6703
6702
6696
6696
6698
6690
6690
6692
6696
6696
6694
6689
6703
6697
6691
6695
6706
6703
6698
6703
6706
6700
6688
6701
6697
6703
6702
6703
6675
6682
6684
6682
6686
6697
6702
6709
6715
6713
6722
6719
6715
6713
6715
6715
6714
6714
6702
6699
6700
6702
6700
6707
6707
6697
6700
6697
6703
6709
6708
6704
6701
6702
6707
6708
6720
6717
6717
6720
6720
6717
6721
6706
6710
6714
6711
6703
6693
6693
6689
6691
6695
6695
6695
6698
6695
6696
6685
6679
6679
6675
6658
6674
6679
6683
6694
6685
6683
6685
6678
6683
6689
6690
6687
6693
6701
6691
6702
6704
6701
6710
6710
6711
6712
6714
6709
6710
6698
6700
6699
6699
6708
6715
6722
6712
6721
6727
6712
6715
6718
6733
6730
6738
6734
6748
6750
6749
6738
6739
6737
6732
6739
6741
6738
6743
6743
6745
6736
6734
6742
6738
6730
6734
6738
6731
6730
6734
6732
6731
6731
6732
6727
6724
6718
6721
6735
6730
6720
6720
6722
6705
6698
6708
6727
6728
6735
6731
6727
6728
6737
6744
6735
6732
6734
6724
6720
6715
6715
6716
6712
6720
6748
6725
6715
6701
6710
6691
6683
6662
6675
6678
6673
6677
6682
6673
6672
6662
6656
6662
6661
6667
6671
6666
6672
6679
6691
6666
6670
6665
6658
6654
6656
6655
6659
6662
6657
6657
6664
6663
6657
6653
6653
6650
6656
6656
6656
6662
6671
6666
6666
6658
6666
6668
6669
6666
6668
6664
6667
6664
6664
6661
6654
6646
6648
6658
6666
6666
6664
6661
6668
6658
6662
6661
6668
6678
6667
6670
6680
6680
6689
6694
6685
6680
6679
6678
6681
6674
6666
6677
6678
6666
6669
6684
6644
6629
6625
6620
6620
6628
6624
6624
6625
6625
6631
6643
6626
6631
6630
6618
6621
6617
6619
6620
6628
6623
6638
6638
6630
6633
6626
6628
6629
6628
6627
6617
6627
6622
6623
6624
6613
6613
6618
6610
6612
6596
6587
6595
6594
6590
6585
6586
6586
6610
6612
6608
6604
6606
6603
6605
6599
6605
6611
6617
6614
6607
6607
6600
6601
6597
6605
6610
6609
6628
6628
6631
6644
6636
6637
6638
6611
6597
6578
6556
6562
6554
6554
6555
6558
6541
6537
6546
6550
6525
6529
6525
6524
6527
6526
6524
6530
6530
6521
6498
6501
6505
6516
6504
6500
6508
6505
6510
6524
6485
6488
6479
6480
6462
6456
6386
6385
6367
6370
6374
6361
6365
6362
6359
6347
6355
6361
6361
6356
6358
6355
6355
6355
6355
6350
6349
6350
6355
6354
6354
6359
6363
6373
6365
6369
6372
6370
6373
6370
6369
6365
6359
6356
6356
6360
6358
6360
6368
6366
6360
6360
6364
6348
6348
6347
6354
6345
6350
6350
6349
6348
6346
6355
6356
6351
6356
6352
6356
6361
6364
6352
6353
6347
6350
6352
6349
6350
6345
6344
6338
6343
6342
6341
6338
6341
6339
6342
6341
6339
6342
6338
6338
6342
6336
6347
6344
6344
6346
6344
6353
6351
6353
6349
6345
6343
6344
6348
6346
6352
6352
6349
6354
6352
6351
6356
6353
6352
6345
6344
6349
6350
6361
6368
6364
6365
6372
6358
6353
6344
6339
6340
6344
6339
6343
6345
6346
6344
6344
6357
6358
6363
6360
6365
6364
6356
6360
6358
6365
6368
6367
6365
6368
6389
6381
6382
6380
6380
6380
6377
6375
6374
6379
6379
6378
6378
6378
6375
6370
6371
6374
6373
6379
6379
6379
6382
6380
6369
6364
6363
6362
6363
6362
6361
6358
6356
6361
6361
6361
6366
6366
6361
6363
6370
6360
6355
6355
6355
6350
6355
6350
6351
6351
6356
6351
6353
6353
6359
6366
6372
6367
6370
6380
6377
6378
6385
6361
6361
6360
6365
6365
6371
6377
6372
6375
6375
6379
6375
6366
6363
6367
6367
6374
6381
6382
6384
6376
6376
6374
6372
6371
6361
6362
6364
6364
6372
6373
6371
6360
6362
6354
6351
6350
6352
6350
6352
6349
6345
6346
6346
6346
6341
6346
6345
6340
6340
6340
6337
6355
6360
6355
6355
6350
6345
6350
6339
6337
6334
6340
6342
6343
6335
6335
6331
6329
6332
6346
6342
6344
6335
6338
6340
6345
6339
6353
6353
6353
6358
6357
6349
6353
6353
6350
6347
6341
6341
6339
6347
6351
6346
6333
6326
6341
6334
6328
6320
6324
6322
6314
6310
6309
6303
6297
6305
6310
6310
6311
6312
6311
6310
6318
6325
6321
6329
6329
6321
6324
6312
6310
6337
6300
6298
6291
6272
6280
6285
6281
6284
6280
6282
6278
6277
6272
6269
6266
6263
6262
6275
6275
6276
6276
6277
6275
6279
6273
6278
6277
6274
6273
6279
6276
6276
6276
6270
6273
6279
6281
6272
6279
6274
6275
6270
6270
6269
6265
6262
6262
6262
6265
6263
6269
6270
6270
6269
6258
6258
6258
6263
6263
6261
6268
6263
6262
6259
6256
6259
6252
6256
6249
6249
6249
6249
6249
6248
6246
6242
6241
6241
6240
6243
6249
6250
6244
6250
6250
6249
6249
6241
6245
6249
6243
6250
6249
6243
6237
6233
6237
6239
6244
6241
6241
6240
6244
6239
6236
6230
6234
6233
6238
6241
6237
6248
6239
6229
6239
6253
6248
6256
6253
6249
6253
6253
6249
6253
6248
6250
6249
6247
6252
6255
6254
6254
6255
6255
6251
6256
6250
6256
6254
6258
6261
6260
6247
6251
6253
6264
6269
6267
6264
6268
6267
6266
6268
6268
6267
6264
6268
6261
6265
6268
6265
6261
6268
6279
6270
6262
6247
6240
6290
6271
6266
6271
6259
6261
6265
6267
6265
6264
6251
6255
6257
6227
6220
6217
6218
6229
6229
6238
6238
6238
6245
6242
6242
6239
6236
6238
6242
6245
6247
6245
6251
6251
6246
6261
6270
6271
6260
6255
6260
6260
6258
6264
6265
6265
6265
6264
6264
6265
6260
6260
6259
6262
6254
6254
6261
6266
6269
6265
6257
6262
6251
6256
6251
6251
6240
6235
6238
6224
6217
6219
6221
6221
6224
6230
6230
6230
6238
6234
6234
6236
6235
6231
6235
6236
6236
6243
6242
6241
6234
6230
6234
6228
6233
6232
6232
6232
6227
6228
6227
6226
6236
6238
6233
6236
6238
6236
6238
6239
6239
6236
6235
6241
6236
6236
6238
6232
6230
6230
6231
6237
6238
6231
6236
6231
6226
6234
6234
6224
6224
6224
6212
6202
6211
6214
6207
6202
6205
6197
6205
6203
6200
6186
6184
6191
6199
6192
6205
6218
6216
6216
6215
6215
6208
6208
6213
6213
6214
6217
6217
6217
6217
6217
6219
6221
6222
6225
6225
6222
6218
6218
6219
6219
6214
6219
6210
6210
6210
6208
6205
6207
6210
6209
6209
6210
6217
6212
6214
6216
6222
6222
6219
6219
6225
6227
6227
6227
6227
6227
6220
6223
6219
6223
6220
6224
6221
6223
6224
6222
6223
6225
6228
6231
6231
6225
6221
6221
6214
6216
6216
6220
6220
6218
6216
6222
6224
6225
6225
6223
6216
6216
6216
6215
6212
6212
6203
6205
6209
6216
6214
6210
6216
6207
6210
6209
6208
6210
6216
6215
6220
6220
6223
6231
6228
6228
6232
6238
6234
6235
6234
6235
6235
6232
6229
6232
6227
6225
6222
6228
6228
6238
6237
6233
6231
6227
6231
6266
6267
6249
6252
6250
6247
6236
6238
6240
6244
6244
6247
6247
6245
6248
6252
6247
6241
6244
6234
6239
6245
6223
6223
6222
6216
6211
6201
6203
6205
6203
6206
6207
6204
6206
6209
6216
6208
6211
6210
6213
6215
6211
6221
6213
6201
6204
6204
6203
6201
6203
6200
6197
6203
6206
6211
6212
6217
6213
6216
6206
6209
6208
6208
6220
6223
6223
6225
6205
6205
6201
6201
6194
6197
6202
6212
6204
6190
6188
6182
6186
6177
6184
6186
6188
6186
6178
6182
6193
6169
6173
6173
6145
6147
6184
6188
6192
6181
6195
6193
6175
6197
6196
6190
6189
6209
6216
6224
6231
6238
6260
6268
6277
6301
6311
6274
6275
6274
6273
6265
6265
6265
6263
6261
6265
6263
6259
6266
6266
6259
6261
6261
6266
6256
6256
6265
6264
6263
6259
6259
6259
6258
6256
6246
6244
6246
6243
6243
6244
6244
6251
6250
6255
6258
6254
6254
6251
6250
6248
6247
6253
6250
6254
6254
6252
6252
6252
6251
6248
6245
6248
6245
6246
6252
6252
6251
6257
6252
6253
6254
6255
6256
6247
6247
6243
6236
6235
6236
6237
6240
6237
6241
6253
6255
6264
6262
6261
6263
6260
6256
6267
6266
6265
6258
6256
6256
6255
6256
6252
6254
6248
6240
6242
6243
6242
6243
6240
6244
6241
6245
6239
6239
6240
6245
6247
6243
6244
6241
6242
6247
6232
6235
6236
6234
6236
6233
6234
6236
6236
6237
6233
6240
6236
6243
6243
6243
6240
6240
6240
6233
6237
6237
6239
6239
6236
6236
6241
6238
6240
6238
6238
6241
6238
6237
6237
6237
6238
6238
6235
6235
6244
6240
6245
6237
6239
6242
6241
6242
6245
6244
6245
6240
6246
6247
6243
6242
6241
6241
6235
6237
6237
6235
6236
6236
6230
6230
6226
6227
6227
6231
6230
6232
6238
6236
6241
6241
6242
6240
6242
6242
6242
6240
6242
6240
6242
6246
6246
6252
6250
6238
6238
6240
6241
6245
6247
6238
6243
6248
6254
6251
6251
6248
6249
6246
6246
6246
6246
6247
6248
6242
6248
6245
6242
6250
6243
6245
6242
6238
6248
6244
6239
6240
6240
6241
6237
6231
6236
6239
6238
6247
6244
6243
6238
6238
6241
6240
6241
6242
6255
6255
6264
6255
6261
6232
6226
6223
6227
6223
6232
6230
6244
6236
6132
6131
6119
6117
6083
6106
6111
6118
6117
6147
6148
6148
6149
6141
6155
6158
6159
6152
6130
6164
6165
6170
6167
6167
6165
6164
6168
6170
6173
6165
6170
6167
6170
6174
6171
6170
6173
6178
6175
6177
6174
6174
6176
6180
6169
6169
6167
6167
6160
6159
6153
6165
6166
6167
6172
6165
6167
6170
6172
6172
6170
6172
6171
6173
6171
6173
6174
6173
6175
6180
6179
6178
6184
6185
6184
6183
6179
6179
6180
6177
6179
6179
6180
6182
6184
6182
6184
6190
6188
6187
6188
6181
6180
6181
6180
6185
6181
6178
6187
6187
6182
6183
6184
6182
6171
6168
6169
6178
6175
6173
6175
6168
6164
6168
6176
6178
6181
6177
6181
6179
6176
6186
6187
6187
6186
6186
6180
6181
6175
6178
6173
6173
6173
6173
6172
6175
6179
6178
6178
6181
6180
6179
6180
6184
6183
6179
6187
6186
6177
6180
6186
6186
6177
6165
6164
6153
6151
6154
6160
6157
6162
6162
6169
6169
6174
6175
6179
6175
6178
6178
6178
6178
6174
6171
6176
6171
6172
6171
6171
6174
6178
6172
6181
6185
6190
6189
6184
6182
6198
6204
6200
6199
6195
6198
6193
6193
6193
6186
6185
6185
6178
6181
6171
6171
6171
6187
6185
6186
6176
6180
6172
6179
6177
6168
6171
6167
6171
6177
6180
6184
6182
6175
6197
6194
6196
6198
6200
6211
6218
6220
6204
6212
6213
6302
6311
6306
6285
6310
6328
6331
6330
6329
6318
6318
6318
6305
6312
6313
6320
6328
6333
6333
6332
6330
6331
6337
6333
6333
6333
6337
6340
6335
6338
6345
6342
6339
6337
6336
6337
6340
6334
6334
6331
6328
6334
6321
6324
6331
6331
6313
6315
6314
6315
6319
6327
6341
6332
6336
6342
6339
6352
6352
6359
6355
6359
6354
6353
6355
6358
6361
6365
6363
6362
6357
6359
6371
6372
6372
6366
6372
6379
6381
6376
6376
6373
6370
6371
6373
6370
6376
6381
6368
6369
6368
6363
6373
6365
6375
6361
6360
6368
6368
6372
6362
6355
6353
6350
6360
6353
6368
6371
6373
6367
6369
6367
6369
6369
6355
6354
6349
6351
6356
6370
6365
6357
6353
6363
6355
6359
6358
6354
6350
6350
6340
6325
6293
6330
6342
6336
6338
6345
6346
6350
6344
6341
6344
6340
6352
6350
6351
6347
6349
6348
6352
6348
6349
6351
6353
6352
6345
6349
6357
6361
6361
6363
6359
6363
6366
6348
6340
6341
6353
6342
6340
6335
6337
6334
6334
6346
6355
6361
6369
6366
6364
6361
6364
6357
6353
6358
6356
6358
6360
6360
6364
6356
6365
6370
6363
6358
6351
6357
6356
6363
6356
6355
6358
6361
6375
6370
6370
6369
6365
6390
6380
6382
6367
6369
6368
6364
6356
6360
6360
6356
6359
6364
6363
6384
6375
6371
6383
6367
6373
6374
6360
6361
6357
6359
6348
6347
6343
6350
6349
6343
6344
6329
6329
6326
6334
6334
6333
6347
6342
6344
6346
6341
6340
6330
6343
6350
6346
6348
6349
6356
6364
6364
6366
6366
6376
6369
6368
6369
6366
6362
6369
6360
6365
6354
6353
6357
6360
6361
6359
6354
6352
6348
6353
6351
6347
6344
6344
6346
6354
6347
6338
6332
6336
6337
6340
6336
6333
6334
6323
6307
6317
6307
6303
6309
6303
6287
6306
6310
6325
6327
6313
6324
6323
6321
6330
6336
6340
6334
6329
6338
6341
6343
6348
6348
6344
6351
6353
6360
6354
6346
6345
6340
6338
6345
6340
6343
6339
6345
6344
6344
6339
6345
6346
6346
6344
6341
6344
6367
6363
6367
6369
6366
6368
6367
6363
6368
6362
6364
6367
6372
6368
6369
6363
6363
6362
6362
6363
6366
6373
6371
6375
6375
6373
6375
6372
6378
6375
6372
6378
6376
6389
6386
6387
6390
6383
6382
6378
6382
6382
6381
6380
6383
6380
6382
6374
6374
6366
6298
6304
6298
6304
6304
6297
6309
6313
6293
6326
6373
6365
6366
6373
6372
6369
6365
6368
6373
6374
6371
6373
6380
6381
6375
6379
6385
6373
6371
6367
6365
6357
6373
6374
6370
6375
6378
6378
6381
6382
6393
6404
6404
6403
6388
6391
6391
6385
6380
6380
6370
6374
6370
6371
6370
6363
6365
6365
6363
6366
6367
6370
6373
6372
6382
6384
6377
6377
6378
6379
6377
6377
6368
6367
6365
6360
6367
6368
6367
6378
6368
6361
6360
6358
6363
6363
6357
6342
6352
6355
6366
6365
6380
6379
6375
6393
6400
6396
6394
6391
6389
6382
6383
6383
6380
6383
6383
6382
6376
6378
6375
6368
6371
6370
6373
6371
6374
6375
6384
6384
6373
6379
6381
6387
6378
6364
6354
6354
6356
6360
6359
6364
6365
6374
6374
6366
6364
6381
6385
6388
6388
6385
6389
6384
6381
6376
6376
6370
6358
6367
6361
6361
6358
6355
6365
6353
6355
6362
6365
6366
6362
6355
6354
6358
6359
6361
6354
6458
6455
6447
6462
6457
6464
6471
6471
6458
6473
6465
6451
6450
6449
6440
6444
6450
6433
6441
6459
6462
6471
6471
6510
6528
6544
6528
6539
6575
6581
6580
6587
6588
6592
6589
6603
6601
6606
6605
6606
6613
6617
6609
6608
6606
6606
6609
6608
6607
6597
6594
6595
6601
6588
6594
6596
6604
6598
6599
6595
6596
6599
6596
6597
6598
6603
6595
6592
6609
6626
6632
6634
6628
6625
6630
6642
6641
6646
6647
6640
6642
6639
6636
6643
6646
6644
6647
6641
6640
6640
6641
6642
6643
6648
6646
6633
6630
6637
6631
6631
6634
6635
6641
6642
6645
6647
6646
6645
6641
6644
6649
6651
6637
6640
6635
6630
6639
6649
6640
6649
6652
6649
6650
6654
6661
6658
6653
6658
6661
6665
6668
6668
6665
6673
6670
6659
6662
6664
6668
6666
6665
6657
6655
6665
6667
6670
6670
6670
6666
6659
6646
6652
6657
6660
6666
6656
6658
6664
6668
6685
6689
6696
6702
6701
6702
6711
6703
6709
6700
6702
6707
6708
6707
6690
6744
6744
6744
6718
6718
6705
6703
6703
6700
6704
6691
6694
6691
6691
6691
6692
6694
6696
6693
6696
6699
6699
6695
6698
6699
6693
6693
6706
6706
6707
6706
6706
6702
6706
6707
6704
6701
6703
6702
6699
6700
6698
6697
6695
6694
6696
6696
6700
6702
6691
6694
6696
6697
6702
6703
6694
6690
6692
6689
6687
6687
6689
6689
6690
6685
6680
6676
6683
6684
6696
6702
6698
6698
6691
6710
6711
6700
6706
6704
6700
6708
6702
6706
6709
6699
6699
6695
6696
6693
6702
6710
6722
6719
6716
6718
6715
6717
6721
6725
6720
6724
6720
6718
6720
6734
6719
6722
6719
6724
6725
6725
6717
6718
6720
6714
6717
6716
6720
6720
6726
6717
6721
6733
6730
6724
6718
6718
6711
6714
6712
6707
6706
6706
6708
6711
6714
6712
6712
6712
6711
6711
6706
6712
6713
6721
6725
6725
6724
6724
6723
6725
6731
6699
6697
6694
6695
6693
6694
6697
6697
6696
6698
6697
6697
6700
6698
6691
6691
6691
6683
6686
6681
6688
6687
6680
6689
6691
6694
6690
6685
6699
6700
6703
6708
6712
6715
6716
6716
6718
6719
6723
6721
6724
6721
6722
6721
6728
6723
6728
6721
6720
6730
6729
6728
6727
6725
6725
6723
6719
6719
6716
6716
6711
6710
6706
6709
6710
6706
6710
6711
6710
6712
6713
6710
6722
6719
6713
6715
6709
6700
6702
6698
6696
6697
6700
6694
6697
6695
6702
6699
6697
6701
6699
6697
6706
6707
6702
6710
6708
6707
6711
6713
6712
6714
6713
6710
6717
6715
6716
6715
6711
6713
6711
6709
6708
6707
6708
6708
6707
6705
6705
6707
6700
6696
6703
6706
6705
6709
6688
6702
6700
6701
6700
6706
6707
6707
6703
6708
6705
6700
6702
6702
6705
6702
6696
6702
6704
6715
6718
6723
6722
6717
6717
6718
6725
6712
6706
6706
6707
6704
6690
6710
6713
6705
6721
6689
6696
6693
6699
6698
6702
6723
6738
6750
6744
6736
6746
6743
6746
6755
6749
6750
6751
6746
6754
6752
6751
6751
6750
6749
6748
6748
6748
6748
6749
6745
6746
6742
6740
6740
6739
6736
6739
6741
6748
6746
6745
6753
6763
6765
6765
6765
6765
6765
6767
6760
6764
6761
6760
6764
6761
6755
6754
6750
6750
6750
6751
6743
6749
6747
6751
6749
6750
6757
6754
6753
6753
6753
6759
6751
6758
6752
6743
6739
6745
6747
6747
6743
6748
6748
6745
6749
6749
6748
6754
6751
6752
6754
6743
6739
6739
6746
6752
6751
6770
6770
6769
6769
6769
6770
6751
6753
6756
6756
6741
6750
6738
6738
6733
6738
6729
6736
6730
6741
6744
6741
6738
6732
6737
6743
6735
6740
6740
6743
6737
6737
6726
6730
6730
6728
6727
6725
6728
6730
6736
6734
6735
6748
6749
6744
6737
6741
6731
6739
6731
6730
6730
6730
6730
6730
6730
6725
6724
6730
6728
6728
6729
6725
6725
6725
6725
6726
6728
6722
6725
6720
6723
6726
6726
6722
6726
6727
6737
6736
6737
6737
6734
6731
6737
6738
6734
6741
6734
6738
6735
6728
6728
6727
6732
6727
6734
6734
6734
6735
6735
6730
6733
6732
6740
6737
6742
6743
6743
6744
6734
6741
6741
6733
6735
6734
6734
6733
6732
6732
6732
6734
6734
6741
6733
6732
6736
6730
6735
6736
6731
6735
6731
6730
6732
6730
6732
6729
6729
6739
6739
6732
6738
6737
6732
6740
6733
6742
6740
6725
6721
6723
6723
6724
6719
6719
6716
6724
6727
6716
6723
6722
6731
6731
6723
6722
6734
6730
6741
6743
6743
6735
6743
6740
6735
6747
6748
6742
6742
6728
6732
6729
6729
6720
6717
6732
6723
6722
6726
6738
6739
6731
6740
6736
6742
6748
6750
6745
6739
6738
6737
6735
6742
6736
6733
6725
6737
6734
6747
6737
6755
6754
6748
6744
6748
6765
6769
6771
6771
6773
6769
6771
6783
6765
6764
6778
6800
6574
6586
6590
6572
6573
6570
6569
6568
6566
6529
6531
6525
6526
6528
6540
6537
6530
6532
6532
6530
6534
6534
6541
6540
6538
6530
6534
6541
6535
6532
6528
6521
6534
6533
6528
6527
6542
6535
6539
6541
6541
6538
6542
6544
6548
6552
6554
6547
6555
6548
6550
6554
6553
6555
6547
6544
6552
6548
6547
6549
6542
6531
6542
6541
6534
6542
6539
6539
6545
6545
6545
6545
6547
6543
6541
6544
6552
6553
6553
6550
6547
6542
6539
6544
6550
6545
6552
6560
6560
6557
6555
6560
6560
6563
6565
6565
6565
6560
6556
6551
6558
6564
6563
6565
6570
6567
6565
6557
6555
6563
6563
6560
6566
6565
6574
6574
6564
6562
6567
6574
6574
6574
6570
6565
6565
6573
6576
6565
6551
6552
6535
6535
6539
6527
6526
6549
6543
6524
6540
6518
6525
6526
6537
6548
6544
6552
6555
6567
6560
6555
6560
6568
6568
6571
6576
6586
6586
6586
6585
6585
6576
6583
6585
6580
6579
6578
6583
6581
6583
6581
6582
6583
6580
6580
6584
6583
6582
6591
6589
6590
6586
6575
6579
6581
6580
6578
6581
6576
6573
6572
6572
6575
6581
6579
6579
6578
6574
6575
6579
6578
6570
6576
6576
6574
6581
6581
6584
6578
6578
6578
6578
6580
6583
6581
6577
6577
6585
6597
6598
6594
6599
6587
6588
6592
6590
6589
6583
6571
6575
6590
6582
6582
6589
6589
6586
6582
6579
6586
6585
6592
6590
6594
6593
6593
6593
6594
6596
6600
6601
6601
6601
6603
6605
6598
6590
6598
6599
6599
6593
6593
6593
6596
6597
6596
6593
6592
6588
6591
6593
6590
6592
6596
6591
6596
6596
6592
6593
6590
6583
6577
6582
6584
6590
6588
6584
6581
6587
6590
6587
6582
6580
6575
6572
6571
6568
6564
6565
6571
6575
6569
6580
6577
6582
6588
6588
6596
6593
6588
6589
6597
6585
6585
6583
6588
6585
6589
6583
6605
6607
6598
6603
6608
6604
6599
6593
6587
6581
6588
6584
6580
6575
6577
6581
6577
6577
6574
6565
6565
6569
6576
6584
6590
6578
6586
6577
6591
6592
6563
6573
6563
6567
6567
6567
6567
6563
6567
6563
6568
6570
6563
6572
6570
6570
6563
6565
6563
6570
6573
6569
6567
6564
6565
6568
6569
6568
6578
6581
6586
6581
6565
6570
6572
6572
6567
6568
6567
6560
6574
6574
6570
6564
6565
6562
6559
6563
6545
6545
6548
6556
6584
6585
6595
6596
6600
6597
6603
6606
6608
6595
6597
6561
6569
6565
6564
6570
6568
6562
6565
6554
6561
6560
6553
6553
6555
6553
6556
6557
6552
6569
6567
6574
6574
6566
6564
6564
6569
6557
6551
6557
6558
6551
6556
6550
6552
6554
6554
6555
6555
6552
6560
6559
6562
6569
6557
6561
6560
6566
6568
6569
6568
6567
6563
6567
6560
6560
6560
6562
6568
6562
6564
6561
6552
6555
6556
6562
6561
6550
6549
6550
6560
6557
6563
6581
6585
6585
6577
6582
6570
6570
6581
6576
6573
6579
6585
6596
6595
6526
6536
6531
6532
6525
6525
6535
6526
6538
6526
6524
6521
6516
6515
6511
6515
6520
6517
6522
6522
6520
6525
6526
6535
6522
6519
6520
6526
6520
6522
6520
6520
6518
6518
6522
6507
6508
6508
6508
6508
6504
6507
6508
6508
6512
6507
6512
6516
6510
6517
6511
6520
6526
6523
6521
6505
6496
6477
6478
6483
6484
6490
6473
6459
6462
6470
6459
6462
6457
6458
6459
6471
6476
6455
6458
6471
6471
6471
6490
6500
6503
6507
6509
6510
6496
6504
6504
6504
6504
6507
6509
6510
6509
6505
6514
6510
6510
6504
6502
6500
6513
6512
6510
6522
6522
6521
6520
6523
6512
6513
6514
6514
6494
6490
6496
6496
6491
6500
6495
6522
6525
6529
6528
6525
6531
6535
6529
6531
6537
6529
6536
6537
6533
6534
6533
6536
6531
6539
6539
6534
6527
6533
6531
6513
6522
6520
6524
6520
6518
6523
6521
6519
6520
6519
6519
6518
6519
6521
6531
6535
6533
6528
6533
6528
6534
6534
6535
6539
6542
6542
6540
6539
6532
6533
6533
6541
6531
6528
6532
6529
6530
6529
6535
6530
6535
6521
6523
6525
6495
6493
6493
6490
6496
6496
6496
6492
6501
6502
6495
6500
6498
6489
6493
6496
6510
6516
6508
6497
6502
6493
6502
6515
6504
6502
6494
6483
6488
6492
6490
6491
6490
6483
6479
6475
6474
6477
6472
6474
6466
6470
6470
6475
6465
6475
6463
6471
6479
6485
6481
6565
6567
6557
6563
6569
6558
6561
6575
6571
6573
6559
6577
6580
6580
6579
6578
6583
6588
6607
6608
6610
6614
6609
6626
6626
6621
6615
6620
6604
6611
6612
6609
6601
6592
6586
6575
6578
6572
6561
6586
6581
6590
6585
6587
6586
6589
6590
6592
6589
6593
6596
6605
6599
6594
6600
6601
6587
6589
6584
6589
6599
6600
6605
6619
6624
6638
6640
6633
6640
6643
6636
6646
6638
6634
6636
6645
6637
6643
6639
6635
6635
6632
6630
6622
6600
6619
6624
6625
6631
6630
6628
6631
6633
6632
6632
6647
6645
6677
6645
6637
6627
6642
6632
6634
6627
6621
6621
6616
6613
6604
6609
6606
6611
6590
6579
6564
6571
6592
6612
6607
6612
6613
6606
6606
6609
6614
6618
6621
6611
6615
6617
6618
6624
6613
6615
6616
6610
6603
6604
6601
6599
6607
6618
6600
6610
6605
6604
6611
6602
6603
6598
6594
6607
6598
6590
6589
6593
6586
6589
6599
6598
6585
6598
6598
6602
6600
6603
6604
6589
6592
6601
6604
6603
6607
6612
6633
6638
6636
6628
6619
6622
6628
6619
6620
6631
6628
6628
6608
6627
6616
6628
6625
6613
6618
6615
6615
6615
6616
6616
6599
6597
6597
6599
6593
6596
6620
6613
6608
6618
6630
6632
6631
6586
6593
6581
6585
6574
6575
6573
6570
6569
6562
6560
6563
6565
6558
6565
6556
6558
6558
6559
6553
6544
6530
6565
6583
6575
6584
6590
6587
6572
6575
6573
6576
6572
6576
6571
6573
6579
6584
6566
6560
6566
6562
6588
6592
6559
6671
6672
6675
6677
6677
6678
6680
6675
6679
6685
6686
6683
6677
6688
6683
6687
6689
6685
6682
6681
6676
6676
6689
6668
6679
6684
6687
6687
6687
6683
6680
6686
6687
6679
6690
6687
6685
6685
6687
6689
6685
6687
6681
6682
6682
6682
6675
6682
6678
6667
6675
6675
6670
6666
6669
6675
6666
6672
6675
6673
6675
6674
6666
6666
6683
6681
6681
6696
6682
6682
6677
6677
6668
6666
6673
6668
6666
6667
6677
6671
6671
6678
6678
6671
6668
6666
6663
6670
6665
6665
6658
6658
6658
6659
6658
6669
6667
6691
6688
6689
6677
6669
6678
6687
6668
6684
6685
6690
6687
6695
6695
6696
6703
6696
6706
6706
6700
6693
6679
6693
6702
6706
6710
6697
6712
6717
6729
6725
6721
6728
6552
6547
6549
6529
6531
6541
6532
6525
6522
6526
6538
6537
6551
6536
6519
6517
6514
6520
6516
6499
6506
6502
6499
6496
6497
6498
6502
6511
6510
6515
6520
6520
6514
6512
6515
6510
6510
6510
6519
6508
6532
6514
6512
6509
6508
6513
6512
6516
6504
6498
6498
6494
6500
6492
6502
6509
6520
6513
6527
6524
6503
6474
6475
6471
6477
6488
6488
6486
6473
6466
6467
6462
6464
6464
6465
6469
6460
6461
6461
6465
6467
6466
6476
6470
6480
6489
6490
6490
6490
6481
6475
6479
6477
6470
6470
6470
6481
6478
6478
6467
6466
6464
6462
6473
6468
6470
6467
6474
6477
6472
6474
6470
6473
6474
6475
6479
6472
6474
6471
6469
6471
6469
6466
6466
6466
6470
6476
6472
6480
6473
6472
6481
6478
6474
6478
6467
6466
6472
6465
6473
6462
6448
6450
6457
6464
6459
6459
6460
6463
6474
6468
6470
6457
6451
6453
6451
6457
6450
6454
6452
6459
6452
6434
6438
6438
6460
6455
6462
6465
6463
6453
6462
6484
6480
6479
6482
6470
6492
6507
6509
6517
6499
6506
6506
6509
6499
6494
6496
6498
6491
6489
6495
6489
6503
6478
6479
6471
6491
6504
6502
6530
6612
6606
6611
6608
6612
6608
6617
6618
6618
6605
6605
6604
6603
6594
6601
6611
6610
6613
6613
6624
6622
6622
6618
6612
6616
6617
6567
6566
6575
6573
6575
6574
6574
6575
6578
6580
6580
6578
6577
6573
6586
6583
6580
6583
6582
6583
6582
6581
6579
6575
6588
6589
6592
6584
6589
6591
6587
6587
6588
6584
6591
6589
6585
6585
6580
6581
6582
6590
6592
6589
6586
6586
6588
6584
6583
6585
6582
6578
6578
6580
6580
6575
6586
6570
6569
6561
6559
6560
6566
6573
6566
6566
6570
6561
6560
6557
6567
6566
6562
6567
6562
6574
6576
6579
6580
6578
6572
6570
6581
6580
6586
6586
6581
6584
6584
6576
6574
6582
6573
6579
6581
6578
6576
6583
6592
6578
6580
6592
6593
6587
6571
6562
6561
6568
6562
6572
6577
6574
6574
6561
6561
6575
6572
6564
6545
6536
6548
6549
6570
6575
6570
6563
6571
6567
6576
6623
6622
6624
6620
6627
6631
6636
6633
6632
6638
6637
6631
6632
6628
6628
6621
6617
6622
6626
6631
6630
6629
6632
6631
6639
6638
6638
6640
6641
6640
6639
6640
6639
6639
6639
6649
6649
6650
6642
6650
6647
6643
6631
6631
6628
6628
6633
6628
6632
6632
6629
6626
6619
6622
6627
6637
6642
6642
6642
6640
6643
6642
6641
6633
6640
6637
6646
6655
6648
6646
6638
6637
6631
6631
6629
6628
6629
6631
6642
6641
6641
6637
6632
6623
6620
6623
6619
6619
6623
6628
6629
6612
6612
6619
6616
6609
6614
6607
6613
6603
6613
6611
6611
6612
6613
6611
6610
6611
6613
6609
6609
6606
6612
6605
6605
6604
6608
6611
6604
6597
6597
6601
6608
6605
6609
6616
6616
6616
6615
6623
6625
6617
6619
6616
6615
6620
6618
6619
6620
6624
6612
6615
6608
6608
6622
6635
6643
6637
6642
6642
6634
6627
6629
6625
6615
6620
6615
6619
6619
6619
6619
6619
6619
6619
6619
6611
6619
6619
6620
6620
6611
6613
6619
6622
6621
6617
6614
6615
6618
6625
6636
6636
6625
6655
6640
6627
6626
6626
6630
6616
6614
6612
6603
6605
6612
6609
6608
6609
6610
6608
6609
6602
6607
6610
6611
6612
6616
6614
6608
6605
6610
6614
6614
6607
6599
6601
6592
6593
6598
6596
6600
6600
6605
6606
6610
6612
6612
6617
6617
6608
6608
6620
6621
6620
6623
6629
6626
6615
6615
6613
6600
6613
6614
6610
6605
6591
6597
6605
6611
6608
6600
6597
6586
6605
6616
6568
6596
6564
6367
6375
6368
6364
6361
6346
6337
6333
6328
6332
6334
6337
6336
6330
6335
6336
6335
