4275
4274
4275
4260
4261
4272
4276
4273
4276
4276
4273
4275
4275
4276
4277
4275
4274
4274
4269
4270
4276
4281
4277
4283
4282
4289
4289
4289
4287
4282
4282
4282
4277
4270
4270
4270
4262
4262
4258
4264
4267
4267
4254
4252
4241
4245
4254
4255
4254
4250
4259
4247
4249
4249
4231
4243
4248
4234
4243
4243
4240
4234
4237
4240
4227
4231
4229
4231
4220
4220
4229
4239
4242
4242
4240
4249
4246
4256
4248
4237
4251
4249
4261
4275
4290
4292
4292
4291
4292
4293
4298
4293
4298
4298
4295
4293
4294
4295
4292
4292
4293
4293
4293
4293
4293
4298
4298
4298
4296
4297
4290
4285
4288
4282
4282
4276
4280
4280
4285
4287
4285
4287
4290
4290
4290
4283
4287
4289
4281
4281
4284
4279
4281
4282
4303
4316
4312
4305
4316
4298
4292
4295
4304
4301
4297
4295
4298
4306
4302
4300
4296
4300
4304
4298
4291
4287
4291
4291
4291
4292
4283
4301
4302
4300
4292
4287
4278
4278
4279
4278
4281
4288
4280
4280
4283
4285
4288
4298
4282
4275
4293
4286
4284
4297
4291
4295
4291
4287
4281
4274
4268
4271
4287
4287
4280
4280
4282
4288
4280
4271
4266
4266
4277
4286
4284
4284
4285
4295
4302
4305
4309
4313
4312
4312
4310
4306
4312
4307
4307
4303
4296
4303
4305
4300
4306
4302
4336
4335
4336
4341
4349
4345
4343
4343
4338
4334
4334
4330
4326
4326
4326
4327
4325
4318
4321
4321
4315
4320
4319
4321
4320
4319
4319
4325
4323
4319
4317
4316
4312
4314
4320
4321
4324
4313
4329
4325
4328
4330
4324
4330
4329
4323
4316
4322
4322
4321
4326
4326
4326
4321
4328
4333
4338
4337
4340
4340
4329
4334
4338
4331
4330
4318
4311
4319
4318
4319
4318
4320
4320
4310
4310
4314
4314
4319
4316
4318
4334
4314
4313
4317
4315
4320
4327
4327
4327
4328
4329
4331
4315
4308
4313
4306
4308
4301
4300
4307
4312
4305
4308
4308
4294
4293
4330
4330
4337
4347
4345
4333
4324
4330
4323
4323
4327
4328
4326
4312
4322
4318
4309
4318
4318
4312
4309
4308
4313
4310
4310
4308
4300
4299
4296
4284
4296
4290
4288
4293
4291
4274
4272
4271
4268
4274
4274
4276
4282
4283
4271
4269
4270
4273
4285
4277
4275
4270
4260
4265
4275
4277
4269
4267
4267
4266
4272
4272
4278
4279
4274
4270
4279
4277
4281
4279
4271
4271
4271
4273
4273
4273
4272
4274
4283
4287
4281
4289
4285
4285
4285
4284
4280
4278
4277
4272
4277
4272
4270
4270
4270
4267
4257
4261
4248
4246
4270
4270
4267
4264
4264
4267
4273
4264
4270
4269
4273
4271
4275
4270
4265
4267
4286
4286
4281
4290
4290
4267
4268
4267
4264
4259
4258
4251
4267
4260
4258
4275
4270
4258
4257
4248
4258
4259
4249
4255
4260
4261
4260
4220
4214
4200
4203
4212
4204
4204
4196
4202
4202
4198
4192
4192
4193
4187
4187
4188
4190
4194
4193
4201
4198
4197
4195
4191
4191
4198
4200
4200
4200
4203
4200
4198
4203
4191
4197
4199
4195
4189
4189
4198
4198
4198
4207
4198
4201
4198
4196
4195
4200
4201
4206
4207
4207
4207
4206
4197
4203
4203
4203
4212
4199
4189
4186
4186
4185
4184
4185
4185
4186
4182
4178
4184
4184
4184
4179
4183
4176
4176
4176
4176
4176
4176
4177
4165
4160
4160
4165
4161
4161
4160
4163
4163
4164
4154
4155
4161
4161
4151
4147
4151
4158
4159
4157
4157
4157
4163
4159
4159
4159
4156
4155
4155
4156
4154
4176
4173
4177
4177
4180
4180
4184
4180
4186
4180
4185
4179
4181
4188
4187
4183
4194
4194
4181
4186
4186
4180
4180
4180
4191
4181
4182
4184
4186
4199
4195
4195
4200
4194
4194
4186
4168
4167
4171
4172
4170
4170
4168
4168
4160
4160
4169
4170
4170
4170
4170
4185
4171
4170
4165
4166
4166
4165
4170
4165
4164
4159
4171
4164
4165
4172
4166
4171
4162
4156
4170
4163
4165
4161
4159
4154
4155
4155
4156
4156
4153
4169
4200
4206
4210
4210
4206
4202
4202
4200
4198
4198
4204
4204
4207
4214
4212
4206
4205
4206
4207
4210
4216
4220
4220
4188
4184
4181
4184
4181
4183
4183
4184
4183
4192
4190
4192
4194
4194
4186
4174
4185
4184
4193
4197
4198
4195
4197
4190
4187
4173
4180
4166
4167
4172
4180
4182
4186
4187
4188
4199
4197
4195
4201
4210
4217
4200
4195
4193
4195
4197
4196
4200
4188
4192
4196
4195
4186
4188
4198
4202
4205
4205
4207
4189
4186
4174
4170
4170
4170
4170
4153
4153
4152
4141
4141
4159
4154
4140
4141
4157
4099
4108
4115
4117
4117
4119
4115
4110
4100
4112
4112
4115
4110
4110
4111
4103
4103
4100
4104
4100
4110
4111
4119
4116
4123
4116
4120
4117
4123
4115
4119
4122
4122
4117
4124
4116
4097
4079
4083
4055
4066
4065
4060
4062
4054
4040
4036
4038
4031
4037
4026
4026
4030
4037
4037
4037
4064
4054
4048
4057
4038
4041
4070
4070
4071
4087
4073
4062
4065
4075
4079
4084
4086
4077
4081
4091
4066
4062
4059
4032
4047
4055
4060
4068
4087
4091
4083
4090
4114
4112
4103
4092
4080
4080
4080
4084
4083
4083
4083
4083
4085
4086
4071
4129
4137
4140
4152
4150
4146
4152
4149
4153
4150
4158
4175
4164
4166
4172
4163
4153
4190
4192
4192
4190
4197
4187
4185
4186
4183
4185
4188
4186
4185
4182
4183
4183
4186
4191
4191
4191
4188
4186
4185
4184
4183
4176
4176
4176
4176
4176
4169
4171
4173
4184
4186
4181
4192
4186
4199
4197
4186
4185
4185
4186
4189
4189
4193
4185
4181
4186
4170
4166
4163
4165
4158
4162
4165
4176
4179
4174
4170
4172
4172
4172
4160
4160
4162
4162
4161
4160
4155
4154
4150
4151
4155
4159
4156
4149
4147
4150
4143
4143
4144
4144
4149
4145
4147
4154
4157
4158
4157
4160
4150
4149
4147
4147
4151
4150
4150
4146
4151
4162
4171
4170
4176
4179
4176
4175
4175
4173
4175
4175
4172
4176
4180
4171
4180
4183
4178
4178
4182
4193
4193
4185
4187
4190
4189
4176
4180
4161
4160
4155
4152
4144
4150
4147
4150
4154
4154
4156
4164
4164
4147
4141
4141
4131
4135
4126
4124
4132
4136
4151
4151
4150
4135
4144
4155
4156
4152
4137
4137
4140
4150
4152
4151
4140
4165
4175
4178
4189
4200
4204
4206
4196
4198
4204
4194
4195
4191
4198
4199
4209
4201
4203
4210
4208
4206
4199
4197
4184
4182
4188
4174
4175
4169
4177
4174
4180
4193
4165
4168
4177
4179
4185
4185
4175
4158
4164
4166
4164
4165
4168
4175
4186
4199
4215
4215
4213
4205
4207
4203
4188
4221
4245
4249
4250
4252
4255
4259
4256
4263
4255
4254
4246
4241
4247
4243
4250
4251
4255
4255
4261
4262
4260
4265
4267
4264
4254
4249
4242
4240
4240
4250
4258
4236
4232
4219
4220
4220
4220
4221
4220
4219
4227
4224
4231
4231
4236
4236
4232
4239
4235
4240
4222
4221
4225
4223
4230
4227
4221
4234
4228
4228
4228
4230
4240
4249
4245
4241
4241
4233
4249
4248
4248
4200
4197
4192
4197
4193
4193
4198
4198
4198
4196
4189
4188
4181
4181
4180
4167
4166
4164
4164
4156
4171
4164
4177
4171
4170
4166
4164
4162
4163
4168
4156
4160
4156
4170
4177
4168
4170
4164
4164
4155
4180
4169
4163
4165
4178
4180
4175
4178
4165
4172
4192
4204
4192
4201
4204
4208
4202
4200
4200
4200
4206
4204
4193
4207
4223
4200
4207
4205
4194
4190
4182
4189
4185
4188
4183
4189
4195
4197
4197
4189
4186
4195
4200
4188
4199
4181
4175
4180
4169
4168
4163
4162
4156
4151
4150
4150
4151
4154
4149
4157
4164
4168
4173
4169
4171
4170
4171
4171
4175
4186
4180
4185
4175
4172
4172
4173
4174
4162
4168
4167
4171
4177
4180
4170
4171
4162
4165
4156
4150
4149
4139
4107
4100
4097
4089
4091
4090
4090
4087
4084
4082
4088
4084
4082
4080
4078
4082
4082
4078
4082
4076
4077
4084
4083
4080
4077
4077
4079
4073
4072
4071
4071
4071
4071
4073
4066
4068
4078
4083
4093
4087
4090
4090
4092
4093
4090
4095
4075
4075
4080
4080
4083
4090
4087
4070
4059
4059
4060
4045
4049
4075
4068
4074
4062
4065
4066
4063
4065
4062
4062
4074
4075
4067
4070
4072
4075
4090
4090
4086
4085
4085
4078
4081
4078
4078
4078
4080
4078
4078
4078
4067
4076
4076
4071
4067
4085
4084
4080
4065
4089
4064
4055
4060
4039
4025
4034
4033
4037
4038
4038
4039
4039
4049
4036
4038
4030
4017
3998
3961
3958
3958
3952
3960
3956
3960
3957
3940
3934
3930
3928
3940
3936
3927
3930
3937
3937
3935
3935
3943
3943
3938
3942
3935
3940
3934
3937
3933
3934
3934
3932
3927
3932
3931
3934
3941
3931
3945
3952
3949
3945
3945
3946
3941
3940
3935
3935
3931
3930
3941
3940
3928
3929
3923
3927
3923
3930
3933
3929
3925
3929
3929
3936
3930
3930
3940
3940
3939
3942
3933
3938
3942
3931
3938
3938
3936
3938
3935
3936
3935
3942
3935
3948
3935
3942
3908
3914
3898
3900
3902
3899
3909
3897
3897
3897
3893
3895
3899
3894
3891
3891
3891
3897
3909
3893
3893
3902
3903
3899
3904
3904
3907
3914
3910
3910
3918
3908
3907
3911
3903
3903
3903
3900
3896
3894
3894
3903
3880
3880
3884
3885
3878
3880
3883
3891
3888
3894
3885
3885
3885
3891
3894
3892
3888
3891
3888
3888
3889
3898
3895
3899
3906
3905
3905
3903
3902
3902
3904
3904
3909
3910
3913
3919
3921
3917
3916
3904
3915
3923
3920
3920
3916
3911
3903
3899
3899
3894
3897
3901
3901
3906
3905
3908
3912
3908
3912
3911
3912
3915
3913
3907
3907
3914
3917
3917
3910
3906
3915
3912
3909
3902
3902
3901
3899
3900
3902
3907
3906
3906
3906
3915
3914
3904
3903
3912
3914
3912
3913
3920
3917
3907
3912
3913
3917
3917
3914
3903
3903
3909
3899
3890
3883
3885
3920
3921
3924
3921
3921
3921
3923
3923
3921
3922
3930
3927
3927
3930
3925
3930
3930
3927
3927
3930
3929
3921
3919
3926
3919
3923
3936
3939
3936
3936
3938
3938
3938
3946
3948
3942
3939
3942
3939
3940
3938
3948
3947
3943
3942
3944
3941
3939
3935
3942
3942
3946
3954
3954
3954
3948
3948
3950
3947
3948
3950
3952
3947
3947
3943
3951
3951
3959
3965
3963
3961
3951
3948
3943
3943
3943
3936
3943
3949
3947
3948
3935
3938
3949
3937
3937
3944
3949
3945
3941
3942
3942
3931
3931
3924
3937
3933
3927
3929
3920
3920
3910
3910
3916
3904
3903
3903
3910
3910
3910
3917
3912
3887
3904
3908
3911
3912
3918
3924
3918
3914
3916
3916
3917
3919
3912
3910
3910
3913
3911
3902
3900
3903
3913
3910
3912
3914
3930
3923
3921
3895
3890
3890
3890
3894
3892
3883
3883
3883
3889
3886
3879
3893
3894
3876
3878
3883
3875
3875
3871
3871
3872
3869
3871
3873
3862
3859
3853
3851
3855
3862
3855
3860
3856
3873
3872
3867
3865
3910
3911
3914
3916
3909
3909
3912
3912
3910
3914
3918
3919
3907
3904
3897
3896
3905
3908
3907
3902
3910
3900
3920
3932
3931
3929
3934
3930
3931
3931
3931
3935
3936
3936
3936
3933
3936
3928
3928
3925
3921
3921
3923
3929
3929
3929
3935
3930
3922
3922
3926
3925
3925
3916
3916
3919
3919
3922
3931
3932
3921
3915
3910
3903
3917
3922
3920
3932
3922
3919
3915
3924
3917
3923
3927
3929
3927
3928
3930
3939
3943
3943
3943
3933
3935
3937
3935
3943
3958
3956
3957
3940
3940
3938
3940
3953
3934
3928
3934
3937
3926
3926
3926
3923
3930
3930
3928
3928
3930
3928
3935
3936
3936
3932
3923
3918
3921
3923
3924
3918
3923
3919
3918
3912
3912
3912
3912
3908
3915
3901
3901
3898
3899
3914
3914
3919
3923
3917
3923
3919
3910
3913
3911
3904
3899
3892
3894
3891
3895
3899
3907
3905
3908
3908
3894
3894
3898
3919
3908
3905
3905
3914
3930
3935
3933
3930
3950
3950
3959
3949
3930
3930
3929
3914
3919
3920
3925
3919
3915
3912
3914
3896
3913
3904
3905
3940
3936
3928
3942
3902
3884
3880
3796
3792
3794
3772
3770
3770
3777
3789
3791
3786
3775
3778
3768
3775
3775
3772
3756
3758
3764
3765
3765
3762
3763
3767
3769
3768
3768
3762
3768
3766
3760
3767
3769
3768
3772
3780
3772
3756
3756
3750
3750
3754
3751
3747
3761
3759
3748
3749
3750
3757
3761
3767
3769
3762
3760
3762
3756
3757
3744
3753
3754
3760
3762
3758
3762
3777
3777
3773
3776
3765
3774
3770
3762
3756
3756
3755
3755
3764
3765
3770
3762
3773
3766
3763
3762
3766
3760
3760
3764
3768
3772
3770
3780
3780
3776
3776
3766
3767
3766
3766
3768
3773
3769
3776
3774
3766
3769
3785
3788
3774
3778
3778
3800
3783
3771
3769
3764
3754
3754
3752
3757
3757
3758
3753
3753
3750
3750
3758
3755
3759
3769
3768
3775
3768
3768
3760
3758
3751
3725
3690
3690
3682
3680
3680
3680
3676
3680
3690
3690
3681
3689
3690
3690
3678
3678
3676
3675
3684
3683
3679
3671
3680
3684
3680
3680
3675
3682
3670
3669
3666
3664
3669
3664
3662
3662
3662
3676
3677
3680
3676
3676
3679
3686
3679
3682
3683
3688
3683
3689
3690
3688
3692
3690
3665
3669
3665
3665
3659
3665
3666
3668
3670
3669
3669
3678
3678
3678
3677
3677
3670
3672
3671
3667
3666
3672
3673
3667
3665
3658
3656
3656
3666
3666
3673
3673
3673
3687
3677
3672
3658
3666
3670
3667
3674
3670
3676
3676
3683
3674
3658
3666
3657
3652
3650
3647
3652
3661
3670
3671
3667
3673
3662
3683
3688
3683
3691
3695
3690
3690
3694
3699
3693
3699
3700
3690
3692
3696
3694
3688
3698
3703
3700
3700
3700
3698
3698
3705
3706
3701
3710
3715
3708
3709
3713
3700
3702
3695
3697
3704
3706
3712
3700
3690
3690
3687
3686
3677
3687
3694
3705
3714
3704
3708
3695
3707
3701
3712
3709
3715
3715
3726
3728
3723
3730
3711
3712
3712
3723
3713
3698
3695
3690
3690
3695
3685
3688
3682
3682
3686
3690
3691
3693
3677
3692
3686
3686
3693
3693
3688
3688
3682
3667
3664
3652
3661
3649
3651
3650
3655
3663
3666
3664
3666
3664
3667
3663
3675
3677
3677
3682
3681
3676
3670
3668
3668
3670
3675
3677
3681
3670
3670
3665
3676
3658
3657
3655
3668
3671
3668
3668
3668
3668
3674
3676
3676
3682
3678
3674
3668
3671
3664
3678
3685
3670
3664
3664
3651
3643
3649
3650
3656
3646
3642
3637
3635
3641
3655
3636
3641
3640
3634
3639
3672
3671
3671
3663
3663
3664
3667
3674
3687
3691
3686
3683
3680
3683
3691
3688
3692
3675
3676
3683
3682
3677
3674
3674
3673
3669
3677
3664
3665
3663
3663
3667
3685
3700
3714
3710
3717
3708
3713
3722
3730
3735
3742
3748
3765
3771
3772
3771
3768
3770
3771
3771
3765
3763
3763
3759
3760
3763
3763
3762
3762
3762
3763
3765
3759
3759
3759
3752
3757
3757
3758
3756
3753
3757
3752
3757
3761
3768
3764
3767
3767
3760
3755
3759
3757
3754
3754
3754
3752
3752
3745
3755
3758
3751
3749
3760
3766
3767
3768
3768
3766
3770
3772
3774
3774
3778
3783
3780
3782
3773
3756
3754
3753
3754
3747
3751
3754
3746
3748
3747
3747
3748
3748
3750
3748
3750
3740
3740
3754
3740
3740
3726
3736
3737
3728
3725
3725
3735
3728
3727
3735
3739
3750
3752
3760
3767
3764
3770
3776
3777
3775
3771
3772
3764
3764
3762
3763
3759
3766
3770
3765
3771
3769
3751
3754
3752
3752
3744
3740
3750
3750
3745
3742
3731
3730
3743
3743
3736
3736
3737
3737
3742
3737
3743
3744
3751
3752
3758
3753
3746
3754
3745
3755
3745
3730
3729
3740
3744
3737
3756
3765
3745
3753
3750
3741
3741
3750
3755
3740
3740
3736
3736
3732
3729
3735
3720
3718
3709
3715
3716
3729
3725
3723
3722
3724
3726
3712
3715
3724
3742
3736
3738
3752
3770
3763
3757
3759
3755
3761
3766
3762
3779
3769
3788
3781
3780
3773
3769
3767
3760
3742
3735
3744
3745
3740
3741
3770
3770
3778
3764
3764
3775
3777
3777
3779
3780
3775
3788
3782
3780
3775
3770
3761
3784
3780
3778
3800
3810
3798
3796
3788
3788
3788
3788
3780
3772
3782
3769
3765
3765
3761
3761
3768
3768
3770
3770
3763
3760
3761
3762
3772
3772
3767
3740
3746
3743
3732
3725
3721
3716
3718
3717
3729
3736
3736
3736
3733
3739
3728
3728
3718
3713
3723
3728
3720
3721
3725
3728
3724
3728
3720
3729
3741
3740
3734
3706
3703
3699
3689
3687
3688
3686
3686
3688
3688
3689
3695
3695
3692
3690
3682
3694
3704
3701
3701
3703
3701
3704
3715
3708
3715
3707
3706
3700
3700
3698
3696
3684
3692
3682
3681
3700
3699
3682
3696
3700
3698
3705
3709
3712
3707
3702
3702
3704
3695
3682
3673
3680
3686
3689
3680
3680
3621
3622
3615
3614
3605
3605
3617
3617
3612
3625
3627
3627
3627
3627
3629
3629
3624
3625
3614
3609
3606
3609
3614
3600
3590
3584
3589
3589
3589
3588
3589
3584
3580
3588
3588
3572
3574
3570
3578
3579
3566
3567
3567
3565
3602
3605
3599
3609
3592
3585
3581
3590
3594
3606
3609
3612
3617
3617
3614
3614
3608
3618
3626
3630
3630
3619
3612
3612
3610
3610
3600
3620
3616
3615
3614
3619
3628
3633
3627
3633
3636
3624
3623
3617
3600
3602
3603
3582
3590
3600
3589
3613
3638
3636
3635
3622
3628
3608
3613
3615
3613
3617
3622
3625
3610
3605
3600
3600
3600
3594
3583
3598
3589
3587
3571
3576
3576
3578
3578
3559
3559
3554
3563
3550
3573
3550
3562
3566
3569
3569
3565
3569
3564
3563
3569
3568
3571
3547
3571
3564
3575
3561
3546
3552
3550
3539
3548
3548
3548
3558
3562
3555
3552
3555
3557
3574
3571
3581
3565
3558
3555
3565
3545
3536
3547
3526
3535
3540
3538
3529
3528
3583
3575
3602
3602
3614
3590
3594
3600
3595
3619
3625
3625
3625
3609
3601
3580
3579
3579
3579
3570
3574
3575
3572
3560
3564
3568
3583
3593
3575
3597
3590
3590
3586
3606
3601
3601
3605
3586
3585
3589
3589
3576
3584
3589
3589
3589
3566
3559
3543
3570
3564
3578
3604
3602
3606
3612
3612
3598
3620
3605
3610
3610
3609
3605
3602
3592
3606
3601
3604
3609
3611
3620
3610
3598
3610
3625
3635
3631
3640
3642
3646
3646
3647
3656
3654
3662
3658
3662
3663
3663
3659
3658
3659
3634
3649
3643
3645
3655
3655
3662
3676
3674
3679
3688
3690
3688
3698
3705
3709
3709
3716
3710
3719
3726
3720
3759
3748
3749
3750
3745
3729
3729
3720
3721
3725
3720
3725
3727
3727
3727
3723
3729
3728
3723
3708
3708
3700
3702
3703
3716
3700
3704
3699
3700
3701
3736
3733
3728
3717
3722
3718
3735
3760
3735
3735
3735
3721
3709
3708
3708
3700
3695
3686
3698
3694
3688
3681
3681
3680
3669
3637
3637
3633
3633
3635
3646
3650
3653
3644
3660
3664
3676
3677
3677
3670
3671
3666
3663
3654
3658
3656
3659
3650
3650
3643
3652
3661
3658
3663
3660
3674
3668
3673
3681
3667
3650
3643
3650
3650
3650
3650
3641
3645
3645
3644
3648
3650
3645
3634
3650
3621
3621
3617
3616
3630
3613
3612
3599
3600
3609
3631
3645
3633
3643
3620
3625
3670
3679
3663
3670
3660
3660
3660
3660
3669
3669
3674
3649
3662
3677
3669
3687
3691
3694
3697
3682
3660
3660
3649
3651
3638
3630
3639
3640
3644
3640
3636
3625
3600
3614
3609
3599
3624
3649
3640
3637
3623
3620
3626
3644
3641
3641
3675
3696
3700
3700
3718
3682
3682
3686
3678
3683
3691
3691
3690
3696
3679
3679
3680
3700
3722
3700
3694
3692
3675
3671
3666
3656
3663
3668
3683
3680
3683
3720
3749
3730
3726
3707
3721
3719
3709
3720
3739
3794
3794
3793
3782
3780
3817
3826
3830
3831
3832
3866
3866
3867
3870
3876
3877
3870
3870
3865
3866
3866
3872
3865
3870
3860
3860
3856
3857
3860
3860
3860
3860
3843
3848
3851
3860
3862
3859
3850
3863
3870
3872
3866
3868
3866
3862
3873
3873
3874
3882
3877
3878
3876
3876
3876
3873
3875
3876
3876
3896
3893
3896
3890
3877
3877
3869
3868
3875
3871
3882
3851
3858
3860
3861
3856
3857
3862
3862
3862
3854
3868
3862
3846
3846
3847
3846
3830
3855
3861
3867
3860
3860
3850
3870
3889
3886
3895
3897
3896
3902
3894
3894
3894
3905
3902
3907
3900
3900
3898
3881
3882
3885
3879
3871
3867
3879
3871
3871
3871
3872
3872
3865
3866
3871
3869
3869
3870
3870
3881
3871
3877
3874
3882
3870
3870
3869
3861
3862
3865
3862
3869
3863
3861
3855
3848
3877
3863
3858
3876
3865
3862
3848
3848
3843
3848
3848
3847
3846
3842
3812
3815
3810
3828
3828
3828
3825
3834
3833
3831
3856
3857
3867
3852
3861
3855
3859
3858
3861
3870
3858
3882
3881
3874
3868
3866
3866
3866
3867
3887
3875
3882
3875
3861
3835
3828
3837
3831
3832
3853
3850
3860
3851
3842
3852
3830
3830
3824
3823
3830
3845
3836
3827
3820
3820
3829
3850
3860
3861
3867
3893
3882
3894
3897
3888
3892
3885
3882
3864
3875
3887
3884
3887
3926
3952
3958
3954
3952
3958
3945
3950
3968
3965
3957
3962
3961
3963
3962
3943
3944
3944
3938
3954
3948
3941
3957
3955
3965
3960
3960
3960
3965
3965
3964
3965
3968
3973
3962
3963
3952
3946
3959
3956
3956
3952
3962
3956
3960
3945
3948
3956
3974
3976
3976
3989
3991
3989
4000
3991
3991
3989
3995
3990
4001
4005
3996
3973
3977
3978
3976
3982
3977
3980
3988
3985
3995
3995
3995
3996
3996
3985
3996
4000
4002
4005
4010
4014
4010
4010
4016
4024
4010
4015
4009
4011
4004
4004
3994
3996
4000
4000
3993
3989
3995
3992
4006
3996
3994
3998
4004
4006
4011
4005
4005
4005
4005
4024
4022
4026
4039
4042
4038
4006
3994
3990
3996
3931
3934
3926
3929
3922
3922
3922
3922
3925
3927
3927
3922
3925
3925
3937
3949
3950
3949
3933
3940
3939
3907
3904
3911
3916
3915
3910
3922
3914
3915
3908
3915
3891
3900
3901
3921
3918
3910
3912
3912
3914
3912
3902
3903
3900
3903
3894
3889
3894
3896
3895
3904
3925
3925
3930
3930
3917
3923
3924
3939
3948
3948
3949
3935
3939
3939
3939
3935
3928
3930
3930
3930
3925
3937
3926
3939
3932
3940
3940
3929
3923
3951
3941
3955
3947
3961
3954
3953
3950
3950
3938
3950
3939
3933
3937
3940
3945
3937
3923
3919
3916
3916
3902
3888
3892
3888
3885
3884
3883
3877
3848
3841
3840
3843
3843
3842
3840
3842
3853
3858
3854
3858
3847
3847
3845
3852
3845
3838
3845
3835
3838
3833
3821
3825
3834
3835
3835
3855
3866
3863
3865
3884
3878
3882
3892
3892
3899
3900
3900
3893
3887
3892
3891
3897
3907
3907
3921
3922
3928
3927
3900
3900
3902
3891
3901
3901
3901
3908
3912
3904
3912
3916
3919
3910
3919
3917
3911
3905
3915
3909
3908
3908
3908
3906
3906
3902
3906
3907
3907
3922
3905
3904
3900
3900
3887
3891
3889
3914
3907
3916
3916
3910
3912
3919
3923
3923
3923
3930
3930
3939
3935
3927
3935
3922
3923
3919
3920
3910
3910
3916
3905
3923
3913
3918
3901
3901
3896
3883
3880
3907
3900
3899
3906
3923
3935
3925
3931
3930
3917
3916
3910
3915
3899
3884
3894
3895
3896
3903
3900
3910
3903
3875
3881
3900
3915
3900
3893
3903
3915
3915
3893
3900
3904
3903
3912
3921
3912
3971
3980
3979
3976
3976
3980
3982
4000
4002
4008
4002
4021
4020
4004
4004
4003
4012
4000
4015
4004
4003
3991
3999
4002
4002
4018
4018
4038
4030
4030
4042
4042
4033
4013
4023
4025
4011
4016
4016
4013
3990
3990
3995
3998
3995
3997
3997
3997
3995
4000
4003
4009
4018
3999
4012
3994
3988
3998
3989
3980
3972
3975
3977
3977
3978
3973
3976
3972
3978
3986
3990
3994
3997
3995
3998
3994
3987
3990
3985
3980
3980
3951
3960
3962
3974
3956
3954
3957
3973
3971
3979
3980
3972
3978
3982
3970
3960
3962
3965
3975
3982
4009
4008
4009
4016
4002
3993
3993
3987
3994
3994
3995
3981
3975
4016
4016
4006
4007
4005
4012
3992
3973
3974
3978
3972
3972
3980
3978
3971
3954
3965
3941
3939
3942
3950
3945
3937
3953
3947
3943
3954
3968
3974
3982
3966
3965
3956
3956
3963
3957
3942
3942
3942
3938
3942
3940
3939
3928
3905
3887
3900
3898
3938
3933
3946
3940
3934
3955
3955
3952
3941
3958
3946
3924
3929
3954
3958
3970
3970
3959
3958
3923
3916
3912
3911
3911
3915
3892
3866
3865
3866
3882
3878
3871
3882
3894
3907
3906
3905
3905
3903
3954
3962
3967
3967
3986
3990
4000
3990
4002
3982
3982
3971
3980
3965
3977
3972
3966
3972
3976
3991
3993
3993
3994
3995
3977
3960
3950
3953
3950
3943
3942
3970
3977
3979
3983
3986
3992
3975
3975
3982
4001
4014
4001
3988
3975
3965
3975
3982
4014
4024
4042
4023
4016
4040
4076
4083
4080
4093
4114
4102
4096
4093
4103
4102
4076
4080
4073
4065
4062
4070
4080
4077
4065
4065
4062
4083
4057
4059
4057
4061
4077
4056
4066
4081
4060
4095
4100
4102
4105
4079
4068
4073
4074
4083
4079
4082
4074
4072
4055
4043
4022
4005
4008
4005
4002
4000
3994
3997
4000
4000
4012
4016
4000
4012
4017
4020
4012
4012
4012
4011
4022
4020
4008
4007
4001
3989
3996
3991
4003
3997
4005
4008
4010
4033
4014
4025
4040
4040
4029
4016
4028
4010
4008
3969
3977
3970
3972
3983
3970
3970
3975
3962
3963
3959
3952
3943
3998
3989
3998
4001
4013
3999
3989
4015
4030
4015
4005
4005
4005
4012
4023
4008
4008
4009
4026
4030
4026
4049
4048
4065
4046
4046
4046
4033
4020
4015
4030
4000
4028
4035
4030
4035
4048
4061
4067
4086
4080
4090
4096
4100
4094
4089
4089
4090
4070
4080
4081
4093
4084
4090
4090
4090
4080
4090
4090
4090
4077
4059
4051
4045
4048
4046
4055
4082
4068
4020
4025
4037
4002
4010
4005
3998
3970
3950
3947
3930
3938
3950
3955
3955
3969
3969
3972
3965
3988
3974
3955
3961
3961
3942
3920
3917
3919
3895
3889
3897
3909
3935
3933
3906
3936
3936
3944
3940
3938
3931
3935
3948
3943
3931
3950
3957
3965
3975
3975
3990
3989
3970
3957
3949
3940
3939
3942
3926
3950
3963
3958
3932
3939
3930
3926
3950
3957
3961
3963
3960
3940
3964
3961
3964
3945
3917
3914
3910
3911
3887
3885
3885
3883
3874
3873
3870
3849
3858
3855
3850
3841
3845
3842
3844
3840
3849
3833
3830
3837
3837
3820
3811
3810
3803
3809
3803
3805
3804
3796
3781
3769
3770
3753
3747
3762
3750
3761
3762
3762
3767
3769
3761
3754
3757
3757
3765
3779
3781
3781
3762
3794
3773
3780
3764
3766
3775
3772
3769
3770
3780
3793
3782
3787
3803
3803
3790
3810
3810
3810
3798
3799
3793
3790
3786
3789
3809
3809
3810
3764
3762
3739
3754
3748
3749
3744
3749
3760
3764
3757
3764
3764
3753
3750
3742
3753
3763
3738
3741
3746
3737
3734
3715
3716
3736
3736
3750
3743
3704
3716
3715
3720
3700
3701
3693
3710
3695
3680
3664
3657
3658
3662
3660
3662
3666
3665
3669
3670
3676
3675
3677
3678
3700
3701
3696
3701
3691
3712
3716
3703
3717
3717
3675
3674
3677
3689
3701
3703
3705
3698
3686
3698
3682
3693
3683
3693
3691
3671
3700
3698
3711
3727
3738
3725
3730
3737
3739
3735
3720
3716
3718
3708
3719
3721
3721
3726
3725
3728
3728
3726
3734
3723
3709
3706
3702
3700
3698
3711
3715
3716
3721
3720
3748
3763
3758
3746
3760
3759
3750
3734
3735
3729
3725
3713
3708
3714
3706
3723
3720
3717
3715
3702
3713
3713
3708
3711
3728
3715
3728
3734
3729
3697
3663
3660
3651
3656
3658
3664
3666
3663
3669
3662
3652
3648
3650
3650
3651
3643
3643
3649
3622
3633
3664
3664
3669
3675
3672
3680
3685
3654
3639
3650
3650
3660
3651
3625
3609
3605
3599
3604
3587
3580
3571
3576
3579
3582
3582
3583
3583
3578
3564
3564
3569
3583
3579
3589
3566
3570
3574
3569
3572
3557
3560
3538
3535
3546
3554
3569
3569
3570
3560
3556
3568
3555
3568
3568
3554
3554
3554
3564
3575
3599
3604
3610
3594
3595
3611
3605
3598
3600
3617
3593
3589
3579
3559
3530
3527
3530
3530
3547
3548
3554
3550
3554
3550
3554
3548
3553
3523
3516
3509
3531
3519
3522
3500
3483
3471
3487
3480
3494
3498
3470
3484
3500
3508
3513
3510
3509
3513
3532
3546
3548
3548
3550
3553
3554
3554
3569
3556
3560
3564
3568
3536
3555
3556
3559
3560
3571
3574
3578
3574
3589
3567
3568
3568
3569
3579
3580
3566
3582
3591
3600
3584
3587
3604
3598
3605
3609
3608
3593
3592
3585
3588
3589
3595
3599
3597
3598
3592
3605
3630
3631
3617
3619
3616
3627
3639
3637
3609
3627
3615
3632
3634
3631
3640
3650
3651
3651
3646
3662
3638
3657
3643
3630
3640
3640
3624
3598
3600
3614
3623
3621
3623
3632
3629
3607
3615
3611
3612
3619
3595
3640
3639
3657
3659
3646
3656
3631
3638
3644
3644
3644
3645
3652
3627
3635
3640
3658
3661
3686
3698
3680
3680
3680
3688
3678
3683
3691
3690
3706
3706
3704
3708
3691
3715
3709
3702
3711
3710
3690
3693
3691
3687
3684
3689
3689
3689
3690
3687
3697
3690
3669
3683
3690
3679
3665
3652
3662
3666
3669
3662
3668
3674
3690
3690
3678
3686
3672
3670
3659
3693
3680
3686
3675
3678
3682
3673
3663
3677
3676
3695
3695
3695
3702
3698
3693
3700
3711
3696
3695
3668
3703
3700
3700
3657
3655
3655
3665
3656
3662
3642
3625
3606
3609
3609
3608
3595
3590
3590
3590
3580
3592
3606
3597
3600
3581
3567
3569
3579
3569
3553
3557
3546
3557
3554
3549
3540
3558
3562
3545
3584
3580
3589
3615
3640
3630
3609
3595
3620
3620
3632
3640
3640
3657
3640
3612
3614
3628
3634
3607
3604
3603
3619
3602
3614
3630
3615
3536
3530
3510
3521
3558
3564
3565
3560
3568
3562
3564
3575
3582
3557
3589
3569
3657
3642
3645
3674
3659
3655
3640
3630
3600
3600
3619
3670
3623
3637
3615
3632
3579
3554
3571
3570
3604
3580
3578
3630
3599
3612
3640
3679
3700
3711
3794
3825
3811
3825
3843
3843
3843
3844
3836
3833
3819
3825
3824
3818
3823
3830
3829
3829
3820
3818
3834
3817
3816
3794
3814
3815
3810
3806
3803
3800
3800
3788
3800
3789
3756
3773
3770
3784
3752
3738
3769
3771
3740
3803
3791
3796
3818
3818
3830
3830
3843
3857
3873
3860
3870
3869
3865
3849
3830
3807
3780
3780
3783
3782
3789
3770
3765
3778
3773
3765
3773
3772
3770
3766
3767
3756
3755
3761
3740
3750
3765
3752
3748
3735
3765
3775
3789
3761
3806
3794
3797
3790
3785
3767
3763
3772
3772
3748
3748
3758
3758
3755
3757
3744
3745
3742
3725
3729
3747
3745
3761
3769
3706
3712
3723
3734
3710
3700
3702
3700
3667
3680
3680
3658
3662
3717
3717
3723
3752
3770
3770
3754
3740
3740
3750
3719
3746
3735
3785
3763
3792
3798
3794
3799
3770
3773
3807
3818
3810
3814
3775
3775
3761
3757
3720
3710
3690
3695
3725
3715
3705
3698
3698
3670
3662
3698
3668
3723
3767
3680
3708
3675
3663
3664
3669
3649
3649
3656
3620
3606
3605
3608
3608
3627
3585
3566
3620
3621
3650
3620
3625
3566
3571
3544
3519
3519
3468
3492
3540
3535
3512
3540
3555
3542
3543
3570
3603
3580
3545
3564
3570
3580
3520
3557
3620
3654
3639
3660
3662
3672
3678
3660
3747
3753
3701
3642
3635
3642
3650
3580
3590
3577
3562
3596
3554
3507
3554
3528
3548
3551
3484
3450
3400
3384
3387
3369
3366
3371
3277
3246
3240
3307
3314
3315
3310
3303
3321
3355
3350
3380
3315
3282
3260
3233
3227
3274
3249
3241
3135
3095
3022
3016
3015
3029
3036
3037
3010
2982
2998
3000
2981
2987
3001
3004
3016
3022
3038
3031
3045
3031
3029
3021
3020
3062
3060
3062
3091
3118
3100
3077
3061
3041
3062
3063
3050
3038
3069
3094
3090
3100
3107
3123
3133
3133
3152
3171
3185
3175
3095
3086
3089
3083
3074
3069
3075
3083
3100
3113
3100
3102
3073
3075
3086
3059
3059
3061
3084
3087
3090
3085
3114
3122
3123
3100
3125
3130
3141
3120
3151
3160
3165
3229
3216
3271
3288
3297
3304
3302
3312
3324
3330
3344
3337
3315
3308
3303
3305
3300
3289
3255
3260
3253
3249
3282
3292
3280
3292
3294
3315
3311
3304
3304
3292
3293
3284
3255
3282
3315
3343
3340
3335
3348
3348
3355
3367
3379
3381
3381
3381
3370
3353
3351
3337
3350
3350
3367
3381
3403
3392
3422
3405
3449
3445
3444
3443
3421
3408
3392
3391
3364
3360
3389
3381
3395
3416
3414
3415
3420
3422
3378
3330
3325
3315
3326
3340
3360
3325
3320
3290
3280
3238
3240
3235
3242
3270
3236
3228
3244
3229
3225
3210
3222
3220
3239
3250
3240
3260
3270
3311
3307
3314
3314
3307
3308
3321
3307
3312
3324
3320
3315
3343
3361
3359
3346
3296
3289
3308
3317
3301
3326
3323
3339
3348
3335
3318
3334
3350
3355
3354
3370
3380
3389
3391
3380
3375
3371
3397
3401
3418
3387
3416
3374
3344
3364
3372
3379
3367
3416
3460
3438
3340
3363
3353
3350
3340
3381
3365
3337
3337
3360
3271
3276
3299
3330
3342
3358
3345
3344
3363
3381
3371
3365
3333
3385
3390
3453
3454
3470
3484
3506
3510
3507
3516
3517
3491
3518
3519
3527
3530
3517
3520
3510
3522
3530
3510
3499
3530
3573
3579
3576
3561
3590
3614
3581
3569
3548
3513
3528
3526
3526
3542
3550
3575
3584
3563
3508
3508
3492
3545
3460
3480
3438
3449
3547
3547
3554
3589
3590
3645
3647
3610
3624
3650
3625
3616
3586
3595
3620
3633
3630
3636
3666
3680
3663
3698
3678
3631
3677
3695
3699
3736
3730
3753
3740
3730
3763
3775
3792
3800
3803
3781
3801
3824
3813
3813
3822
3822
3818
3819
3824
3821
3819
3835
3840
3848
3848
3837
3840
3838
3844
3850
3848
3894
3890
3862
3873
3870
3872
3888
3888
3885
3883
3855
3857
3862
3867
3842
3843
3810
3799
3804
3798
3803
3810
3824
3824
3809
3805
3812
3800
3803
3810
3820
3840
3840
3818
3825
3825
3830
3827
3815
3824
3826
3822
3825
3815
3811
3798
3789
3772
3765
3776
3792
3798
3817
3828
3814
3814
3801
3820
3842
3814
3797
3800
3839
3848
3877
3885
3872
3879
3868
3878
3883
3875
3905
3905
3913
3906
3915
3911
3900
3899
3892
3901
3889
3910
3909
3918
3891
3889
3887
3887
3887
3873
3884
3881
3860
3862
3865
3876
3857
3875
3887
3908
3920
3924
3929
3935
3937
3950
3950
3936
3936
3930
3926
3925
3925
3926
3910
3917
3924
3919
3905
3895
3874
3882
3883
3883
3883
3880
3888
3888
3892
3888
3890
3875
3875
3880
3894
3893
3899
3894
3899
3890
3863
3883
3883
3880
3886
3887
3865
3848
3831
3841
3848
3854
3870
3867
3852
3865
3874
3882
3884
3878
3866
3868
3872
3875
3891
3891
3899
3905
3909
3908
3924
3920
3912
3925
3922
3912
3886
3884
3886
3894
3880
3866
3898
3891
3906
3920
3930
3932
3925
3945
3926
3926
3898
3954
3926
3922
3884
3861
3833
3833
3845
3828
3815
3814
3824
3820
3824
3830
3835
3865
3846
3819
3823
3783
3794
3780
3773
3783
3761
3761
3767
3767
3754
3800
3810
3806
3779
3838
3830
3835
3837
3848
3840
3858
3860
3867
3867
3856
3860
3850
3870
3887
3890
3902
3893
3863
3866
3855
3857
3843
3815
3806
3821
3805
3801
3800
3801
3815
3831
3830
3843
3830
3839
3826
3838
3850
3845
3820
3835
3856
3866
3865
3880
3898
3910
3911
3942
3930
3935
3935
3930
3935
3936
3951
3970
3970
3970
3978
3967
3989
3989
3986
3977
3982
3978
3971
3940
3936
3940
3958
3960
3982
3970
3964
3964
3954
3938
3952
3945
3940
3947
3910
3941
3965
3975
3998
4010
4010
4022
4018
4019
4018
4027
4015
4020
4025
4025
4029
4030
4030
4025
4025
4020
4020
3979
3999
3985
3965
3970
3960
3984
4000
4015
3998
3981
3997
3973
3986
3984
3983
3982
3966
3962
3962
3930
3912
3940
3952
3951
3946
3962
3970
3963
4001
3970
4022
4026
4035
4043
4062
4043
4036
4035
4042
4047
4060
4060
4068
4082
4062
4074
4094
4104
4101
4101
4120
4124
4127
4138
4133
4143
4133
4118
4128
4116
4133
4131
4119
4140
4152
4161
4163
4163
4172
4171
4148
4162
4170
4158
4144
4144
4144
4165
4164
4144
4179
4178
4186
4186
4187
4181
4179
4179
4176
4190
4186
4186
4185
4184
4181
4184
4183
4187
4180
4200
4200
4200
4191
4191
4191
4202
4200
4192
4176
4176
4181
4176
4174
4163
4172
4174
4174
4178
4156
4155
4155
4155
4155
4153
4141
4142
4125
4144
4164
4165
4141
4135
4133
4125
4113
4123
4118
4120
4115
4110
4113
4111
4124
4132
4126
4126
4116
4118
4110
4123
4123
4115
4105
4123
4103
4086
4087
4080
4101
4110
4146
4165
4204
4264
4263
4264
4256
4261
4258
4248
4230
4229
4236
4238
4250
4261
4254
4261
4259
4259
4263
4258
4255
4260
4260
4248
4245
4247
4247
4236
4245
4239
4238
4260
4270
4258
4258
4255
4250
4283
4289
4285
4277
4271
4268
4285
4288
4283
4275
4268
4253
4252
4272
4275
4274
4268
4272
4261
4270
4263
4250
4259
4270
4281
4278
4295
4286
4290
4299
4304
4314
4320
4320
4314
4318
4332
4355
4354
4354
4354
4340
4337
4336
4348
4346
4345
4345
4345
4345
4341
4342
4347
4363
4352
4352
4343
4321
4310
4311
4319
4322
4303
4299
4293
4296
4308
4315
4315
4320
4320
4317
4327
4330
4320
4332
4310
4301
4300
4295
4305
4305
4300
4312
4310
4304
4292
4304
4290
4291
4300
4312
4302
4316
4328
4330
4342
4344
4337
4351
4361
4362
4351
4340
4320
4347
4347
4356
4356
4352
4338
4338
4345
4345
4327
4334
4333
4335
4333
4344
4334
4331
4318
4301
4301
4298
4300
4299
4298
4290
4290
4275
4295
4298
4291
4288
4276
4286
4276
4288
4288
4281
4281
4270
4275
4281
4283
4287
4286
4291
4270
4257
4260
4260
4257
4260
4253
4244
4250
4250
4250
4250
4250
4250
4242
4243
4249
4249
4249
4245
4244
4244
4242
4238
4225
4231
4234
4236
4228
4227
4218
4242
4239
4239
4230
4224
4223
4240
4225
4241
4241
4232
4242
4248
4247
4239
4240
4240
4235
4228
4222
4225
4221
4219
4218
4214
4199
4207
4200
4200
4200
4200
4196
4205
4214
4209
4210
4219
4216
4216
4220
4219
4222
4222
4222
4215
4214
4223
4224
4224
4223
4224
4207
4214
4221
4213
4207
4192
4192
4197
4193
4192
4194
4195
4195
4195
4195
4195
4190
4194
4195
4195
4194
4190
4195
4182
4175
4175
4180
4188
4189
4187
4197
4197
4195
4187
4190
4190
4188
4184
4189
4181
4185
4173
4183
4189
4190
4198
4215
4224
4220
4210
4225
4211
4205
4205
4204
4200
4209
4212
4222
4228
4228
4220
4228
4224
4222
4229
4222
4233
4230
4240
4244
4245
4245
4256
4260
4264
4270
4269
4262
4257
4262
4256
4249
4245
4245
4236
4245
4244
4245
4244
4240
4240
4235
4235
4231
4220
4231
4230
4230
4230
4227
4225
4224
4241
4248
4248
4244
4253
4241
4251
4263
4263
4260
4263
4262
4258
4253
4247
4256
4279
4193
4190
4187
4184
4181
4174
4187
4181
4186
4185
4195
4195
4189
4184
4172
4184
4182
4179
4181
4172
4178
4175
4177
4178
4173
4162
4173
4160
4160
4163
4180
4180
4180
4195
4190
4190
4190
4183
4190
4181
4175
4175
4175
4179
4181
4179
4173
4183
4183
4176
4183
4179
4187
4173
4165
4158
4176
4176
4176
4182
4182
4165
4171
4173
4201
4200
4172
4184
4155
4155
4138
4120
4115
4129
4147
4160
4165
4143
4160
4167
4185
4197
4185
4177
4190
4182
4169
4167
4165
4180
4207
4201
4182
4180
4165
4153
4127
4123
4135
4127
4108
4105
4116
4120
4178
4197
4190
4201
4186
4176
4172
4161
4160
4219
4220
4209
4210
4259
4264
4278
4280
4270
4282
4270
4281
4316
4304
4318
4309
4312
4310
4315
4311
4339
4339
4349
4309
4322
4322
4306
4302
4301
4293
4293
4290
4277
4298
4286
4291
4300
4286
4294
4285
4295
4286
4257
4248
4248
4257
4235
4239
4248
4249
4239
4236
4232
4217
4231
4230
4220
4215
4205
4188
4186
4186
4186
4195
4192
4221
4217
4235
4235
4216
4226
4238
4223
4218
4235
4254
4249
4258
4266
4265
4266
4260
4270
4265
4257
4259
4270
4270
4270
4270
4269
4270
4271
4271
4267
4275
4262
4285
4277
4277
4276
4270
4243
4237
4240
4237
4244
4258
4252
4240
4242
4241
4242
4264
4257
4255
4239
4240
4236
4238
4235
4249
4270
4294
4291
4289
4272
4273
4275
4287
4262
4267
4270
4270
4270
4286
4287
4273
4273
4270
4291
4289
4289
4282
4274
4273
4281
4290
4270
4276
4276
4275
4274
4273
4282
4275
4275
4300
4313
4284
4300
4272
4263
4251
4250
4246
4247
4228
4197
4215
4198
4201
4184
4186
4178
4172
4158
4150
4144
4144
4139
4136
4137
4136
4131
4124
4125
4136
4136
4135
4131
4130
4139
4153
4149
4156
4155
4151
4153
4146
4159
4155
4158
4160
4160
4145
4145
4148
4143
4136
4136
4126
4155
4144
4139
4112
4106
4108
4115
4119
4115
4112
4117
4124
4100
4097
4100
4106
4093
4083
4090
4094
4098
4098
4093
4086
4102
4103
4106
4105
4116
4118
4124
4099
4095
4075
4065
4063
4065
4065
4066
4060
4066
4060
4076
4062
4060
4057
4062
4045
4066
4056
4065
4065
4076
4064
4075
4063
4054
4072
4082
4081
4071
4071
4050
4057
4045
4054
4050
4050
4050
4062
4063
4088
4090
4099
4106
4106
4085
4110
4092
4083
4090
4100
4100
4102
4102
4115
4103
4115
4113
4127
4136
4139
4134
4119
4080
4096
4088
4108
4081
4083
4107
4033
4033
4023
4070
4060
4101
4103
4077
4103
4081
4085
4085
4102
4107
4121
4129
4128
4129
4139
4132
4144
4127
4144
4120
4120
4110
4114
4124
4162
4204
4206
4200
4213
4213
4215
4213
4218
4218
4220
4212
4218
4203
4187
4201
4220
4221
4216
4209
4224
4202
4222
4213
4213
4190
4203
4217
4202
4186
4188
4190
4207
4207
4221
4210
4210
4243
4244
4261
4251
4252
4260
4275
4291
4285
4279
4280
4285
4272
4266
4270
4282
4289
4283
4290
4278
4270
4278
4295
4291
4295
4306
4303
4311
4308
4322
4329
4322
4318
4315
4320
4303
4314
4303
4334
4322
4334
4329
4320
4320
4311
4314
4308
4325
4308
4281
4290
4287
4277
4277
4272
4272
4261
4269
4277
4271
4278
4265
4271
4280
4286
4286
4279
4293
4295
4298
4282
4285
4285
4285
4277
4292
4288
4297
4286
4298
4271
4270
4255
4249
4237
4240
4185
4200
4196
4205
4200
4200
4209
4209
4217
4223
4228
4228
4230
4244
4230
4245
4246
4239
4239
4248
4247
4230
4249
4240
4240
4228
4226
4236
4267
4267
4270
4270
4275
4290
4282
4291
4295
4293
4302
4290
4299
4290
4300
4292
4290
4290
4290
4288
4284
4278
4285
4296
4298
4282
4293
4296
4280
4292
4295
4295
4300
4300
4282
4280
4261
4261
4260
4282
4290
4290
4290
4284
4290
4277
4285
4281
4298
4294
4280
4280
4280
4268
4311
4348
4340
4336
4337
4330
4337
4339
4344
4347
4348
4362
4360
4363
4359
4338
4338
4340
4336
4336
4331
4333
4330
4334
4316
4312
4319
4319
4312
4316
4310
4322
4323
4307
4306
4300
4315
4321
4318
4318
4320
4324
4336
4332
4324
4323
4327
4324
4314
4314
4310
4315
4316
4309
4309
4309
4308
4315
4312
4318
4327
4327
4347
4334
4346
4341
4334
4334
4326
4310
4313
4321
4338
4354
4355
4356
4372
4371
4371
4380
4376
4366
4363
4349
4346
4340
4350
4359
4339
4346
4346
4340
4351
4346
4333
4355
4349
4357
4358
4360
4349
4335
4318
4318
4318
4318
4318
4327
4324
4323
4282
4270
4265
4265
4263
4243
4262
4262
4271
4263
4258
4230
4241
4209
4229
4226
4219
4216
4232
4243
4256
4266
4277
4274
4259
4270
4275
4293
4284
4287
4275
4252
4250
4246
4250
4241
4218
4193
4212
4207
4213
4206
4202
4196
4209
4216
4209
4233
4232
4212
4233
4268
4251
4251
4252
4251
4267
4278
4301
4298
4262
4282
4291
4325
4330
4335
4336
4323
4318
4310
4304
4315
4296
4278
4300
4300
4293
4318
4309
4298
4309
4314
4332
4329
4271
4293
4294
4298
4287
4249
4235
4235
4223
4233
4232
4232
4244
4221
4202
4179
4183
4175
4176
4192
4170
4130
4135
4134
4158
4159
4195
4200
4235
4206
4215
4188
4220
4185
4225
4188
4230
4239
4260
4260
4283
4275
4319
4316
4329
4277
4275
4301
4326
4312
4374
4380
4370
4352
4371
4350
4346
4348
4333
4319
4301
4340
4355
4364
4375
4380
4379
4379
4360
4343
4357
4340
4374
4403
4400
4449
4443
4430
4414
4410
4402
4396
4423
4398
4388
4377
4377
4367
4375
4380
4340
4359
4336
4321
4280
4284
4365
4358
4358
4340
4354
4354
4291
4319
4352
4364
4370
4370
4375
4346
4356
4330
4229
4295
4294
4320
4280
4330
4350
4375
4437
4460
4440
4450
4461
4412
4400
4470
4475
4462
4461
4516
4615
4620
4635
4635
4633
4630
4631
4616
4622
4637
4630
4628
4640
4636
4636
4638
4638
4645
4647
4640
4639
4637
4640
4638
4639
4639
4639
4629
4628
4620
4626
4629
4625
4625
4630
4630
4632
4621
4622
4633
4638
4635
4625
4630
4620
4629
4620
4620
4620
4648
4643
4642
4649
4640
4641
4650
4648
4648
4650
4650
4650
4650
4645
4651
4654
4660
4660
4660
4660
4643
4651
4650
4647
4647
4657
4658
4660
4657
4660
4655
4649
4649
4648
4648
4647
4641
4641
4640
4640
4632
4638
4638
4631
4630
4630
4630
4637
4637
4637
4640
4646
4646
4635
4625
4625
4618
4600
4600
4597
4605
4596
4611
4607
4607
4607
4599
4606
4596
4604
4607
4595
4595
4595
4591
4582
4582
4582
4585
4595
4584
4588
4595
4594
4589
4579
4580
4579
4591
4610
4613
4612
4609
4610
4613
4612
4607
4607
4611
4605
4608
4620
4617
4612
4604
4610
4596
4601
4610
4600
4594
4597
4599
4605
4597
4603
4618
4607
4602
4602
4597
4598
4588
4594
4579
4583
4580
4573
4576
4581
4583
4581
4582
4588
4601
4603
4605
4593
4595
4597
4587
4585
4588
4591
4589
4590
4590
4602
4602
4607
4615
4618
4610
4617
4610
4610
4624
4625
4630
4630
4621
4628
4620
4618
4618
4620
4620
4615
4621
4628
4630
4630
4625
4628
4625
4624
4624
4625
4615
4602
4580
4580
4572
4571
4571
4571
4575
4566
4570
4586
4581
4575
4576
4578
4586
4581
4584
4579
4600
4603
4603
4615
4615
4616
4612
4609
4613
4600
4595
4595
4602
4610
4603
4617
4609
4620
4624
4618
4610
4610
4610
4610
4609
4609
4617
4612
4601
4599
4608
4615
4618
4620
4625
4625
4640
4650
4650
4644
4650
4645
4650
4660
4656
4649
4649
4649
4649
4648
4648
4645
4640
4640
4639
4640
4640
4640
4635
4635
4628
4635
4640
4637
4640
4649
4640
4649
4638
4649
4647
4646
4644
4663
4661
4670
4670
4663
4667
4659
4660
4663
4666
4660
4660
4654
4649
4638
4649
4614
4621
4600
4603
4609
4611
4611
4620
4621
4627
4623
4610
4602
4611
4594
4631
4634
4625
4614
4618
4617
4617
4620
4593
4600
4584
4582
4597
4599
4602
4603
4602
4596
4598
4597
4585
4585
4585
4587
4587
4568
4558
4558
4546
4553
4553
4540
4553
4550
4557
4549
4535
4534
4533
4516
4500
4511
4500
4499
4510
4510
4503
4500
4488
4488
4493
4503
4503
4500
4500
4500
4505
4480
4488
4495
4480
4488
4499
4501
4483
4502
4510
4513
4516
4531
4518
4528
4529
4530
4535
4534
4520
4513
4531
4538
4547
4541
4543
4557
4565
4573
4576
4566
4558
4557
4541
4549
4549
4555
4553
4549
4558
4546
4547
4546
4523
4523
4534
4511
4532
4520
4515
4519
4517
4518
4505
4522
4517
4512
4510
4505
4505
4510
4532
4532
4558
4556
4547
4539
4539
4532
4528
4528
4531
4530
4527
4533
4531
4514
4510
4511
4500
4531
4513
4540
4544
4546
4570
4559
4540
4558
4560
4566
4563
4582
4590
4592
4603
4603
4605
4585
4587
4605
4606
4593
4612
4612
4609
4605
4602
4580
4579
4591
4601
4615
4603
4595
4600
4602
4603
4590
4575
4572
4570
4554
4572
4570
4560
4560
4556
4570
4583
4583
4589
4590
4590
4585
4585
4579
4560
4560
4553
4555
4542
4553
4555
4554
4565
4566
4565
4578
4609
4600
4611
4611
4606
4606
4608
4609
4607
4599
4592
4590
4570
4575
4560
4585
4588
4600
4613
4607
4620
4605
4610
4617
4634
4637
4637
4634
4635
4624
4628
4629
4645
4636
4641
4636
4635
4635
4648
4617
4617
4608
4606
4609
4604
4609
4595
4600
4600
4600
4607
4608
4606
4608
4617
4600
4608
4609
4610
4612
4612
4624
4618
4610
4598
4600
4599
4596
4583
4565
4572
4575
4575
4575
4579
4571
4568
4566
4568
4545
4556
4562
4568
4574
4575
4552
4557
4553
4544
4532
4545
4530
4522
4515
4523
4500
4522
4519
4520
4532
4512
4521
4525
4523
4566
4565
4572
4567
4555
4566
4572
4582
4581
4580
4570
4560
4538
4530
4513
4545
4553
4555
4553
4555
4554
4547
4525
4517
4515
4516
4515
4545
4536
4556
4564
4564
4561
4556
4565
4550
4546
4512
4531
4553
4552
4537
4529
4513
4503
4514
4512
4526
4517
4510
4517
4517
4512
4509
4499
4499
4498
4492
4489
4500
4491
4472
4461
4465
4460
4462
4424
4411
4420
4420
4406
4410
4416
4415
4409
4414
4411
4413
4402
4401
4366
4360
4379
4402
4400
4404
4418
4418
4416
4423
4430
4417
4428
4413
4421
4393
4390
4428
4416
4394
4424
4424
4424
4448
4450
4464
4460
4460
4463
4486
4480
4480
4480
4480
4462
4462
4467
4475
4481
4480
4488
4492
4495
4490
4487
4487
4479
4477
4477
4467
4466
4467
4474
4478
4473
4481
4491
4487
4490
4480
4482
4473
4466
4459
4460
4460
4462
4441
4451
4446
4440
4425
4428
4419
4408
4411
4411
4439
4396
4400
4406
4408
4406
4393
4393
4397
4440
4442
4436
4424
4430
4458
4473
4459
4457
4463
4451
4450
4449
4444
4448
4441
4420
4423
4423
4422
4423
4422
4420
4423
4420
4405
4396
4406
4404
4385
4388
4381
4398
4402
4384
4363
4376
4375
4386
4395
4405
4405
4401
4393
4399
4409
4410
4410
4413
4420
4416
4411
4402
4381
4389
4395
4395
4433
4403
4404
4429
4448
4448
4448
4448
4444
4445
4429
4429
4410
4409
4397
4406
4400
4401
4399
4378
4375
4375
4373
4375
4374
4370
4365
4361
4360
4354
4342
4351
4360
4346
4361
4359
4367
4367
4360
4355
4355
4345
4335
4310
4302
4320
4289
4270
4270
4282
4255
4257
4231
4245
4254
4252
4252
4233
4250
4249
4246
4242
4274
4290
4281
4297
4311
4300
4300
4291
4297
4303
4300
4311
4314
4311
4315
4311
4316
4310
4311
4295
4307
4293
4293
4275
4292
4295
4295
4299
4315
4311
4316
4310
4303
4315
4270
4258
4255
4256
4270
4292
4269
4272
4338
4334
4340
4378
4350
4363
4361
4348
4339
4330
4320
4307
4300
4292
4313
4308
4276
4275
4274
4246
4250
4250
4239
4260
4233
4243
4248
4251
4259
4239
4230
4240
4237
4231
4250
4250
4253
4270
4260
4261
4245
4245
4239
4240
4230
4211
4209
4184
4166
4198
4157
4170
4181
4189
4190
4190
4225
4220
4200
4228
4196
4205
4188
4188
4190
4200
4204
4141
4144
4144
4130
4123
4110
4088
4101
4093
4097
4083
4062
4043
4040
4034
4052
4040
4060
4038
4040
4038
4007
4034
4038
4011
4040
4023
4040
4057
4063
4070
4061
4062
4099
4093
4090
4083
4083
4062
4096
4100
4105
4093
4115
4126
4145
4110
4110
4112
4105
4119
4126
4112
4125
4103
4108
4105
4117
4115
4118
4111
4135
4145
4120
4120
4091
4085
4080
4085
4064
4032
4032
4029
4031
4017
4039
4017
4015
4068
4130
4126
4126
4109
4125
4119
4120
4144
4165
4168
4167
4183
4183
4188
4180
4167
4196
4251
4235
4240
4228
4214
4261
4243
4265
4283
4268
4253
4260
4267
4252
4252
4265
4283
4284
4287
4293
4294
4294
4299
4305
4311
4300
4325
4345
4345
4345
4349
4350
4333
4352
4347
4353
4357
4350
4368
4366
4366
4378
4400
4406
4400
4392
4347
4341
4338
4339
4348
4293
4274
4275
4272
4261
4272
4268
4284
4274
4251
4251
4231
4223
4224
4230
4220
4226
4263
4259
4257
4269
4293
4293
4290
4285
4251
4246
4250
4257
4213
4218
4228
4238
4195
4178
4171
4156
4155
4137
4136
4149
4144
4108
4120
4080
4080
4076
4084
4100
4100
4108
4112
4124
4145
4146
4131
4145
4160
4183
4165
4165
4165
4150
4155
4161
4160
4176
4179
4181
4200
4255
4248
4255
4247
4244
4257
4269
4255
4231
4245
4248
4249
4254
4269
4248
4256
4275
4279
4249
4246
4227
4210
4209
4221
4227
4220
4232
4233
4226
4204
4210
4221
4207
4266
4292
4304
4308
4317
4319
4307
4320
4342
4349
4360
4354
4352
4356
4350
4362
4370
4360
4349
4334
4320
4312
4309
4313
4312
4304
4294
4291
4310
4307
4261
4285
4228
4249
4250
4241
4287
4330
4333
4339
4330
4346
4336
4350
4340
4332
4350
4350
4358
4359
4378
4381
4399
4407
4425
4414
4410
4400
4393
4384
4375
4355
4352
4350
4336
4348
4340
4356
4356
4300
4290
4344
4313
4356
4299
4345
4360
4360
4372
4378
4390
4435
4429
4430
4420
4443
4439
4482
4501
4511
4510
4510
4496
4494
4482
4473
4496
4482
4488
4480
4501
4525
4525
4533
4534
4527
4525
4521
4521
4525
4518
4539
4525
4525
4525
4528
4527
4539
4539
4537
4538
4528
4522
4535
4532
4532
4535
4525
4530
4547
4533
4540
4533
4525
4525
4525
4525
4515
4511
4520
4511
4541
4541
4541
4537
4525
4525
4530
4530
4533
4527
4514
4517
4529
4520
4529
4529
4529
4521
4529
4516
4518
4533
4533
4536
4543
4526
4533
4521
4530
4518
4550
4551
4553
4542
4542
4559
4550
4544
4538
4550
4576
4578
4556
4563
4569
4579
4560
4552
4541
4564
4557
4575
4586
4603
4603
4604
4603
4596
4606
4608
4608
4614
4610
4600
4614
4600
4582
4594
4576
4589
4590
4587
4592
4596
4600
4599
4600
4577
4584
4595
4592
4600
4581
4574
4574
4560
4556
4550
4533
4533
4516
4516
4501
4515
4505
4516
4534
4535
4536
4536
4539
4529
4520
4522
4522
4534
4530
4543
4540
4539
4540
4527
4540
4545
4550
4550
4543
4545
4540
4536
4533
4533
4511
4510
4485
4488
4488
4488
4488
4482
4500
4500
4500
4498
4497
4500
4497
4473
4478
4481
4492
4516
4523
4526
4517
4510
4518
4528
4523
4495
4497
4498
4487
4489
4493
4477
4490
4491
4500
4498
4500
4488
4498
4500
4499
4493
4484
4493
4489
4467
4464
4463
4466
4462
4459
4466
4459
4438
4438
4438
4438
4445
4462
4408
4405
4425
4434
4435
4439
4453
4450
4422
4430
4422
4430
4400
4410
4425
4436
4449
4424
4452
4440
4442
4475
4497
4509
4512
4506
4476
4513
4542
4533
4537
4547
4561
4577
4575
4575
4582
4574
4585
4589
4579
4562
4550
4540
4544
4534
4522
4544
4542
4560
4573
4567
4566
4576
4578
4571
4550
4550
4558
4568
4584
4598
4584
4590
4584
4596
4585
4578
4578
4585
4592
4592
4592
4568
4566
4581
4588
4568
4588
4586
4583
4609
4605
4603
4619
4614
4635
4640
4648
4656
4658
4678
4679
4683
4678
4676
4681
4665
4659
4665
4675
4677
4670
4674
4660
4630
4643
4638
4648
4623
4640
4632
4625
4639
4639
4636
4653
4656
4653
4658
4659
4657
4634
4637
4636
4630
4637
4637
4617
4640
4619
4630
4670
4651
4669
4668
4674
4700
4700
4700
4700
4700
4700
4700
4700
4690
4680
4680
4680
4677
4687
4689
4684
4690
4690
4682
4680
4680
4661
4673
4673
4679
4662
4655
4673
4674
4652
4638
4624
4612
4609
4611
4627
4609
4637
4621
4621
4626
4628
4640
4644
4643
4636
4627
4627
4629
4636
4633
4633
4640
4633
4639
4633
4633
4641
4623
4640
4635
4648
4648
4660
4660
4647
4660
4660
4658
4638
4640
4633
4646
4633
4647
4645
4649
4643
4639
4624
4630
4617
4621
4603
4596
4589
4590
4578
4570
4549
4549
4537
4520
4522
4507
4515
4503
4512
4509
4495
4522
4521
4537
4538
4554
4555
4555
4556
4556
4557
4558
4554
4544
4514
4508
4517
4515
4510
4500
4492
4501
4496
4494
4502
4514
4520
4549
4546
4545
4558
4542
4541
4542
4544
4537
4545
4523
4516
4508
4520
4521
4520
4547
4550
4540
4547
4560
4606
4606
4607
4605
4604
4593
4593
4606
4600
4618
4602
4619
4579
4589
4597
4610
4607
4618
4625
4624
4625
4625
4611
4624
4619
4619
4620
4604
4602
4610
4600
4610
4613
4620
4620
4620
4589
4603
4595
4561
4578
4585
4588
4566
4582
4580
4574
4603
4591
4586
4603
4595
4574
4548
4557
4539
4513
4520
4529
4498
4499
4510
4530
4544
4602
4610
4653
4636
4656
4649
4635
4620
4616
4613
4651
4654
4660
4660
4630
4630
4630
4646
4629
4629
4620
4607
4642
4645
4650
4681
4681
4696
4727
4713
4728
4712
4700
4707
4706
4689
4679
4691
4695
4700
4727
4711
4719
4710
4717
4729
4725
4723
4729
4693
4711
4696
4665
4650
4665
4684
4685
4685
4681
4663
4658
4660
4614
4697
4695
4720
4719
4713
4720
4695
4685
4661
4666
4675
4721
4724
4721
4725
4720
4710
4696
4745
4743
4749
4782
4777
4783
4758
4783
4785
4786
4773
4745
4741
4741
4739
4735
4725
4715
4704
4713
4728
4696
4686
4644
4663
4649
4600
4591
4718
4700
4690
4675
4685
4665
4765
4771
4810
4842
4843
4849
4870
4868
4863
4861
4863
4880
4869
4873
4849
4845
4836
4837
4885
4873
4846
4843
4875
4885
4917
4930
4924
4920
4919
4915
4907
4891
4911
4922
4935
4947
4963
4980
4967
4975
4973
4970
4970
4970
4970
4959
4957
4957
4946
4939
4924
4930
4929
4940
4933
4934
4934
4934
4934
4929
4920
4925
4925
4911
4923
4922
4921
4919
4907
4890
4885
4897
4899
4909
4903
4897
4880
4880
4885
4875
4870
4884
4878
4885
4856
4868
4869
4868
4864
4862
4864
4873
4885
4881
4875
4873
4873
4875
4880
4880
4872
4875
4877
4874
4890
4897
4887
4882
4911
4929
4922
4910
4922
4905
4876
4873
4870
4870
4872
4852
4850
4850
4850
4840
4832
4830
4828
4823
4825
4832
4830
4818
4825
4822
4817
4822
4832
4832
4825
4832
4842
4846
4845
4844
4844
4832
4840
4845
4837
4842
4844
4840
4827
4836
4831
4834
4835
4829
4826
4826
4835
4830
4825
4832
4823
4831
4826
4834
4837
4829
4830
4826
4828
4837
4825
4821
4821
4824
4824
4817
4815
4812
4810
4817
4814
4819
4816
4812
4800
4792
4790
4800
4800
4818
4819
4810
4825
4823
4825
4841
4850
4837
4844
4852
4860
4861
4856
4850
4845
4856
4854
4853
4860
4850
4850
4844
4846
4843
4845
4843
4837
4846
4845
4838
4837
4825
4821
4825
4821
4812
4810
4800
4800
4809
4807
4800
4790
4800
4800
4801
4807
4809
4791
4800
4800
4797
4795
4793
4795
4799
4799
4799
4800
4799
4792
4788
4786
4786
4789
4787
4787
4790
4792
4790
4788
4795
4795
4789
4785
4785
4789
4780
4786
4779
4787
4781
4783
4780
4780
4777
4774
4760
4760
4759
4746
4747
4747
