2406
2405
2404
2400
2401
2399
2399
2398
2388
2387
2385
2386
2387
2391
2391
2385
2384
2395
2392
2392
2394
2394
2395
2402
2400
2407
2405
2405
2408
2410
2410
2405
2405
2397
2396
2394
2388
2385
2389
2389
2390
2380
2380
2375
2375
2380
2376
2382
2379
2384
2395
2396
2396
2390
2390
2375
2386
2388
2389
2391
2392
2386
2396
2397
2395
2397
2399
2393
2399
2397
2396
2412
2412
2411
2408
2398
2408
2405
2402
2402
2404
2409
2401
2404
2407
2390
2413
2420
2403
2402
2397
2397
2407
2404
2403
2400
2390
2390
2383
2386
2386
2386
2386
2387
2386
2388
2388
2380
2380
2380
2376
2376
2371
2367
2367
2369
2383
2380
2378
2378
2386
2380
2387
2377
2376
2372
2374
2369
2363
2370
2366
2366
2355
2355
2357
2355
2349
2340
2344
2348
2346
2332
2328
2344
2348
2367
2360
2358
2355
2360
2365
2376
2384
2384
2387
2387
2382
2404
2402
2406
2408
2404
2418
2414
2407
2414
2415
2392
2420
2426
2423
2422
2427
2430
2433
2429
2439
2437
2436
2430
2429
2429
2417
2448
2446
2451
2452
2450
2453
2450
2449
2441
2438
2436
2448
2451
2450
2448
2449
2449
2434
2449
2447
2446
2448
2454
2445
2438
2446
2431
2427
2427
2427
2422
2427
2422
2425
2430
2416
2403
2402
2402
2397
2409
2405
2401
2409
2412
2413
2412
2414
2417
2420
2412
2415
2414
2416
2416
2409
2420
2421
2421
2421
2423
2420
2420
2426
2428
2424
2426
2424
2432
2423
2412
2411
2412
2424
2426
2412
2410
2399
2399
2399
2392
2385
2381
2385
2385
2387
2391
2384
2369
2369
2376
2377
2375
2379
2385
2372
2368
2368
2376
2378
2398
2398
2391
2387
2375
2376
2378
2375
2382
2379
2383
2382
2386
2384
2382
2390
2388
2384
2384
2380
2377
2373
2364
2362
2360
2357
2366
2368
2368
2368
2368
2368
2376
2374
2367
2362
2363
2365
2360
2356
2356
2358
2359
2365
2358
2360
2364
2359
2357
2363
2352
2351
2352
2363
2363
2366
2375
2376
2366
2365
2350
2360
2368
2374
2369
2370
2368
2357
2355
2354
2348
2338
2332
2330
2334
2328
2325
2325
2324
2319
2319
2320
2314
2311
2307
2315
2317
2317
2315
2315
2313
2309
2309
2315
2310
2303
2309
2309
2306
2304
2302
2292
2297
2302
2299
2302
2305
2305
2310
2310
2316
2316
2315
2300
2300
2302
2294
2287
2287
2287
2292
2283
2283
2296
2287
2282
2285
2288
2287
2287
2292
2291
2281
2280
2282
2284
2285
2293
2309
2307
2307
2312
2308
2308
2307
2308
2310
2304
2303
2299
2303
2307
2307
2302
2299
2294
2303
2314
2324
2326
2326
2326
2324
2328
2321
2328
2330
2334
2328
2332
2332
2330
2327
2331
2322
2306
2306
2312
2306
2305
2305
2304
2304
2301
2300
2299
2296
2292
2316
2321
2311
2314
2318
2328
2314
2322
2322
2313
2320
2323
2312
2314
2310
2301
2284
2285
2256
2251
2228
2229
2223
2225
2225
2232
2232
2234
2233
2230
2230
2230
2225
2223
2224
2223
2225
2225
2225
2222
2223
2218
2215
2218
2220
2224
2224
2220
2214
2219
2222
2218
2218
2212
2224
2240
2250
2262
2262
2262
2262
2258
2256
2246
2247
2248
2244
2244
2247
2246
2244
2246
2250
2250
2246
2244
2243
2235
2240
2240
2235
2229
2228
2228
2230
2228
2228
2225
2224
2225
2219
2216
2205
2205
2210
2210
2213
2220
2215
2218
2218
2218
2218
2227
2217
2230
2225
2235
2231
2233
2233
2234
2233
2229
2219
2215
2212
2232
2234
2227
2225
2224
2224
2234
2234
2234
2245
2244
2244
2244
2241
2236
2225
2222
2221
2220
2226
2224
2231
2225
2209
2199
2186
2192
2195
2193
2210
2216
2214
2202
2210
2204
2197
2193
2188
2180
2182
2186
2186
2184
2169
2171
2173
2181
2187
2204
2202
2198
2167
2198
2207
2213
2215
2225
2226
2231
2235
2240
2240
2241
2230
2235
2226
2228
2225
2224
2227
2217
2208
2206
2204
2212
2215
2216
2219
2212
2214
2215
2222
2222
2220
2219
2233
2241
2245
2241
2241
2241
2240
2233
2213
2217
2205
2211
2204
2210
2205
2211
2213
2196
2183
2191
2173
2177
2200
2212
2204
2215
2216
2193
2184
2170
2174
2187
2184
2195
2231
2241
2231
2232
2239
2231
2272
2269
2264
2273
2266
2284
2284
2286
2280
2292
2282
2274
2284
2282
2282
2266
2261
2267
2253
2251
2251
2251
2255
2255
2258
2256
2263
2262
2261
2261
2251
2252
2260
2258
2244
2251
2252
2276
2274
2272
2270
2261
2259
2260
2260
2258
2259
2264
2261
2254
2244
2244
2246
2260
2260
2260
2254
2256
2252
2258
2259
2261
2263
2257
2255
2250
2242
2248
2248
2244
2246
2231
2233
2232
2246
2240
2236
2230
2227
2223
2226
2229
2225
2244
2242
2248
2248
2254
2246
2241
2246
2246
2231
2255
2257
2257
2266
2261
2257
2266
2269
2282
2297
2298
2298
2300
2295
2300
2300
2296
2298
2298
2299
2300
2294
2292
2290
2299
2300
2294
2287
2306
2309
2313
2312
2313
2310
2312
2309
2312
2310
2310
2311
2311
2311
2309
2311
2310
2311
2311
2312
2314
2310
2318
2326
2327
2325
2315
2316
2315
2310
2307
2310
2309
2310
2313
2305
2299
2293
2283
2295
2286
2281
2275
2280
2280
2280
2280
2277
2280
2281
2277
2285
2284
2285
2310
2310
2310
2310
2305
2303
2308
2306
2310
2311
2312
2306
2307
2315
2313
2316
2311
2311
2311
2310
2310
2310
2310
2310
2310
2310
2310
2306
2307
2307
2313
2312
2310
2303
2301
2295
2297
2292
2297
2316
2322
2321
2320
2320
2323
2322
2325
2330
2334
2330
2324
2326
2309
2308
2307
2306
2302
2305
2298
2309
2301
2301
2289
2290
2302
2305
2313
2313
2309
2325
2328
2318
2327
2325
2323
2325
2312
2306
2300
2310
2303
2299
2299
2299
2290
2290
2290
2291
2292
2281
2276
2277
2276
2269
2268
2268
2268
2266
2268
2259
2259
2266
2261
2267
2266
2260
2261
2257
2262
2262
2262
2264
2267
2264
2261
2261
2261
2258
2256
2257
2260
2250
2234
2221
2234
2237
2230
2261
2271
2275
2277
2283
2287
2289
2290
2291
2285
2278
2283
2284
2281
2284
2287
2290
2280
2273
2280
2275
2288
2288
2274
2271
2268
2269
2301
2328
2328
2333
2335
2343
2341
2339
2337
2335
2325
2327
2337
2333
2325
2333
2350
2350
2343
2342
2347
2337
2322
2318
2320
2319
2319
2318
2318
2318
2316
2316
2317
2316
2317
2318
2316
2316
2311
2311
2304
2318
2318
2316
2318
2319
2320
2314
2309
2318
2315
2315
2325
2328
2327
2315
2330
2329
2321
2315
2315
2286
2287
2293
2300
2299
2268
2257
2251
2250
2255
2271
2263
2271
2271
2267
2270
2270
2259
2269
2260
2260
2259
2265
2273
2278
2268
2267
2272
2286
2277
2253
2260
2262
2260
2263
2253
2252
2247
2246
2246
2251
2242
2246
2245
2250
2250
2252
2245
2251
2250
2250
2245
2246
2235
2232
2228
2228
2231
2231
2228
2227
2227
2220
2220
2216
2229
2229
2231
2233
2230
2239
2245
2246
2244
2244
2242
2244
2262
2262
2261
2268
2255
2249
2240
2240
2240
2241
2244
2244
2244
2264
2264
2264
2273
2275
2279
2284
2285
2263
2265
2263
2269
2280
2274
2274
2273
2257
2250
2255
2270
2270
2260
2254
2230
2228
2228
2237
2235
2237
2234
2228
2231
2224
2209
2209
2200
2199
2201
2205
2205
2199
2201
2205
2200
2206
2205
2206
2201
2204
2195
2194
2218
2213
2220
2220
2220
2222
2220
2219
2219
2224
2230
2225
2224
2218
2214
2197
2190
2190
2193
2194
2187
2190
2196
2196
2195
2195
2182
2180
2177
2177
2177
2175
2175
2176
2182
2184
2186
2190
2177
2176
2170
2160
2140
2142
2153
2146
2144
2142
2143
2142
2146
2148
2148
2154
2153
2154
2150
2135
2158
2158
2169
2160
2165
2166
2174
2164
2162
2142
2145
2131
2136
2148
2112
2145
2144
2163
2163
2162
2166
2170
2180
2179
2173
2177
2177
2177
2174
2166
2189
2190
2193
2197
2191
2190
2196
2190
2198
2189
2193
2189
2191
2191
2193
2186
2190
2187
2195
2194
2186
2180
2179
2183
2177
2176
2179
2177
2184
2180
2195
2197
2180
2169
2168
2163
2160
2158
2161
2160
2149
2151
2148
2159
2149
2160
2161
2167
2179
2183
2180
2166
2164
2163
2152
2151
2150
2151
2152
2163
2163
2158
2148
2148
2142
2131
2131
2128
2134
2128
2116
2114
2111
2119
2124
2113
2119
2137
2132
2125
2125
2126
2123
2122
2121
2118
2097
2124
2147
2145
2165
2165
2160
2163
2165
2185
2185
2185
2179
2178
2168
2164
2174
2179
2181
2178
2170
2162
2155
2145
2148
2146
2149
2130
2172
2178
2178
2175
2181
2179
2171
2171
2165
2165
2163
2166
2167
2167
2165
2170
2155
2150
2140
2120
2120
2114
2115
2102
2146
2150
2160
2149
2153
2124
2137
2137
2106
2117
2130
2130
2132
2135
2129
2169
2181
2178
2186
2183
2179
2176
2175
2167
2166
2165
2167
2210
2222
2222
2227
2227
2228
2223
2218
2219
2215
2226
2230
2240
2244
2240
2240
2252
2270
2270
2278
2276
2253
2236
2237
2237
2237
2233
2229
2232
2229
2232
2232
2232
2226
2226
2226
2217
2227
2229
2236
2244
2234
2232
2240
2240
2263
2262
2259
2244
2253
2239
2254
2249
2249
2232
2201
2219
2233
2245
2246
2247
2244
2244
2269
2263
2259
2265
2282
2290
2290
2290
2286
2286
2288
2283
2285
2292
2296
2305
2296
2293
2292
2288
2295
2311
2303
2298
2294
2290
2294
2282
2279
2273
2269
2266
2267
2260
2251
2242
2254
2256
2286
2287
2277
2277
2278
2285
2288
2282
2269
2251
2225
2222
2189
2183
2187
2178
2173
2171
2166
2173
2177
2179
2160
2158
2156
2158
2170
2189
2193
2204
2199
2195
2208
2212
2199
2193
2194
2199
2193
2193
2220
2213
2212
2213
2217
2209
2219
2210
2210
2210
2205
2208
2208
2214
2212
2202
2222
2222
2214
2198
2197
2180
2177
2173
2168
2169
2169
2161
2167
2164
2138
2136
2128
2124
2114
2121
2127
2129
2125
2120
2114
2099
2098
2123
2111
2100
2090
2089
2087
2107
2109
2107
2100
2099
2099
2087
2093
2091
2054
2050
2049
2039
2018
2021
2023
2027
2031
2039
2041
2036
2037
2042
2023
2017
2036
2051
2048
2047
2066
2059
2059
2059
2048
2062
2064
2044
2035
2040
2039
2025
2016
2017
2015
2012
2025
2021
2026
2027
2026
2022
2016
2025
2024
2017
2010
2018
2016
2020
2033
2052
2040
2043
2035
2034
2028
2030
2055
2081
2094
2095
2098
2107
2104
2132
2133
2133
2123
2120
2107
2110
2096
2091
2083
2077
2082
2067
2135
2118
2115
2111
2109
2106
2100
2092
2100
2107
2108
2131
2149
2169
2148
2147
2136
2132
2131
2124
2120
2090
2087
2090
2092
2094
2095
2089
2110
2078
2059
2035
2025
2014
2023
2023
2029
2034
2053
2040
2037
2068
2063
2065
2065
2064
2028
2021
2018
2022
2040
2027
2022
2020
2014
2020
2026
2031
2034
2036
2038
2054
2064
2073
2070
2055
2050
2075
2037
2084
2095
2078
2065
2026
2020
2020
2017
1978
1975
1951
1958
1990
1965
1977
1953
1940
1939
1930
1935
1936
1945
1960
1960
2001
1984
1895
1880
1887
1890
1918
1924
1942
1940
1944
1940
1949
1958
1975
1962
1946
1973
1975
1986
1998
2045
2035
2018
2019
2020
2032
2031
2041
2053
2057
2060
2061
2077
2078
2128
2129
2121
2130
2130
2128
2113
2106
2080
2067
2070
2112
2128
2128
2128
2120
2115
2120
2128
2151
2136
2116
2115
2109
2114
2088
2059
2063
2085
2083
2080
2075
2025
2026
2088
2075
2118
2125
2131
2121
2140
2144
2147
2175
2170
2168
2180
2183
2200
2207
2202
2212
2204
2206
2228
2242
2242
2228
2247
2226
2207
2216
2217
2211
2225
2214
2196
2153
2173
2187
2206
2191
2250
2247
2255
2258
2255
2263
2256
2254
2256
2260
2249
2251
2285
2300
2297
2311
2326
2324
2338
2327
2321
2329
2286
2285
2287
2279
2278
2289
2279
2279
2281
2278
2254
2267
2258
2251
2250
2255
2259
2281
2270
2267
2271
2281
2282
2259
2252
2290
2290
2302
2300
2301
2291
2290
2290
2296
2264
2267
2280
2280
2284
2285
2282
2278
2267
2242
2240
2250
2250
2245
2260
2263
2240
2227
2237
2251
2285
2296
2283
2283
2277
2274
2275
2290
2283
2296
2298
2312
2321
2313
2314
2300
2266
2286
2286
2304
2250
2269
2282
2290
2349
2349
2283
2278
2286
2235
2233
2245
2270
2235
2162
2110
2115
2150
2138
2177
2210
2218
2218
2232
2234
2224
2252
2273
2286
2280
2287
2291
2298
2309
2283
2290
2299
2240
2253
2266
2281
2274
2317
2315
2292
2303
2361
2367
2355
2372
2376
2377
2356
2360
2390
2397
2390
2389
2418
2429
2429
2437
2426
2430
2423
2431
2429
2415
2415
2403
2407
2403
2405
2389
2380
2381
2424
2424
2405
2399
2388
2390
2389
2390
2390
2380
2362
2368
2355
2346
2348
2350
2360
2401
2410
2419
2402
2402
2440
2456
2486
2493
2490
2486
2498
2500
2490
2492
2484
2465
2440
2446
2472
2477
2484
2478
2511
2511
2541
2556
2554
2554
2549
2555
2549
2552
2543
2544
2536
2570
2564
2566
2564
2565
2550
2550
2550
2548
2529
2531
2531
2537
2548
2554
2548
2532
2530
2530
2522
2510
2538
2540
2527
2521
2506
2499
2508
2509
2534
2546
2543
2521
2528
2570
2580
2580
2580
2585
2582
2595
2576
2590
2593
2585
2585
2575
2524
2529
2474
2474
2485
2465
2458
2462
2441
2437
2437
2425
2417
2415
2416
2415
2416
2416
2416
2416
2415
2426
2442
2440
2448
2448
2436
2425
2437
2432
2440
2424
2435
2444
2450
2450
2466
2463
2456
2456
2464
2452
2442
2421
2400
2391
2390
2390
2390
2390
2396
2380
2379
2388
2373
2372
2370
2363
2363
2361
2342
2350
2362
2362
2358
2358
2350
2351
2344
2354
2354
2354
2354
2354
2345
2357
2342
2348
2343
2346
2345
2345
2350
2362
2363
2350
2354
2341
2344
2342
2346
2342
2341
2330
2356
2358
2355
2345
2346
2345
2345
2338
2354
2346
2335
2335
2335
2335
2339
2306
2348
2348
2338
2373
2371
2371
2379
2372
2382
2369
2360
2330
2328
2333
2328
2329
2331
2350
2358
2304
2302
2291
2311
2313
2320
2319
2303
2272
2280
2290
2290
2331
2223
2253
2256
2289
2300
2287
2336
2370
2360
2390
2398
2383
2383
2399
2453
2452
2450
2450
2470
2470
2472
2471
2479
2484
2485
2493
2473
2479
2482
2479
2480
2452
2450
2430
2420
2428
2420
2416
2395
2432
2434
2437
2437
2447
2427
2420
2410
2415
2412
2375
2366
2376
2377
2380
2380
2380
2389
2335
2343
2403
2447
2444
2430
2425
2462
2479
2488
2494
2488
2506
2514
2447
2439
2436
2430
2432
2439
2442
2430
2378
2429
2472
2436
2389
2353
2319
2348
2270
2288
2420
2455
2474
2458
2448
2527
2419
2410
2447
2492
2577
2550
2615
2661
2670
2660
2660
2685
2690
2698
2677
2684
2680
2695
2630
2682
2720
2730
2743
2744
2753
2750
2750
2749
2737
2733
2730
2732
2735
2737
2739
2740
2737
2736
2738
2742
2726
2724
2730
2720
2716
2718
2718
2719
2718
2720
2713
2716
2723
2728
2730
2731
2716
2700
2705
2705
2718
2722
2730
2731
2741
2733
2709
2710
2707
2701
2715
2715
2716
2705
2699
2686
2676
2660
2660
2678
2670
2688
2678
2670
2650
2714
2717
2699
2705
2696
2675
2672
2670
2670
2664
2660
2659
2652
2632
2627
2627
2627
2629
2629
2633
2635
2634
2624
2624
2633
2631
2631
2623
2615
2618
2619
2607
2608
2609
2615
2617
2620
2615
2591
2599
2586
2597
2604
2589
2598
2628
2629
2634
2608
2598
2565
2600
2608
2620
2617
2631
2634
2634
2637
2639
2631
2636
2631
2629
2620
2619
2640
2632
2630
2610
2598
2595
2562
2565
2565
2554
2528
2496
2535
2530
2545
2570
2560
2568
2569
2567
2569
2565
2564
2563
2564
2565
2565
2564
2557
2556
2557
2563
2560
2560
2551
2539
2539
2543
2548
2523
2521
2508
2500
2499
2508
2520
2520
2520
2510
2510
2525
2525
2525
2500
2498
2497
2485
2487
2480
2459
2455
2457
2455
2441
2452
2451
2440
2434
2427
2423
2422
2421
2418
2420
2422
2423
2417
2412
2420
2412
2408
2407
2405
2400
2378
2391
2392
2394
2390
2396
2427
2440
2430
2448
2449
2453
2454
2457
2461
2461
2461
2464
2457
2455
2454
2448
2455
2455
2453
2444
2442
2438
2444
2436
2439
2450
2440
2438
2431
2445
2462
2471
2479
2481
2480
2477
2478
2478
2475
2477
2473
2470
2470
2466
2465
2464
2464
2464
2464
2460
2457
2460
2456
2458
2453
2445
2442
2444
2443
2440
2439
2437
2435
2432
2432
2432
2430
2430
2425
2425
2425
2425
2425
2425
2410
2426
2429
2432
2430
2429
2429
2429
2425
2430
2426
2430
2427
2428
2434
2434
2428
2419
2418
2416
2418
2410
2410
2412
2408
2407
2409
2406
2403
2405
2408
2399
2400
2417
2418
2407
2410
2408
2409
2408
2409
2414
2415
2400
2399
2393
2399
2389
2382
2373
2385
2365
2360
2370
2352
2354
2362
2354
2357
2360
2368
2366
2366
2374
2362
2358
2362
2368
2385
2378
2380
2404
2404
2405
2399
2397
2396
2394
2394
2388
2386
2390
2389
2385
2382
2376
2379
2379
2382
2382
2381
2392
2396
2381
2362
2349
2352
2340
2340
2342
2345
2354
2349
2343
2346
2330
2325
2325
2316
2316
2325
2319
2317
2324
2320
2325
2325
2324
2324
2319
2309
2310
2325
2330
2339
2340
2339
2340
2340
2340
2335
2326
2329
2337
2333
2331
2331
2332
2327
2326
2328
2329
2337
2335
2331
2332
2332
2330
2328
2323
2329
2324
2323
2326
2322
2312
2312
2312
2310
2306
2306
2299
2305
2305
2301
2305
2305
2305
2294
2292
2299
2298
2300
2300
2308
2309
2309
2309
2309
2309
2310
2313
2303
2312
2311
2302
2303
2310
2302
2305
2303
2317
2320
2314
2321
2323
2320
2310
2313
2299
2290
2282
2270
2290
2295
2306
2306
2309
2315
2310
2307
2307
2307
2306
2305
2306
2305
2305
2304
2304
2304
2293
2293
2293
2294
2290
2298
2296
2292
2293
2293
2295
2295
2290
2291
2293
2290
2290
2278
2278
2281
2284
2288
2285
2283
2280
2284
2281
2281
2276
2270
2266
2266
2266
2261
2256
2256
2255
2253
2250
2256
2257
2257
2257
2264
2264
2263
2263
2260
2256
2254
2251
2251
2251
2255
2257
2246
2247
2243
2243
2236
2232
2236
2237
2238
2238
2237
2238
2235
2235
2231
2225
2222
2224
2220
2220
2220
2223
2219
2231
2233
2233
2236
2236
2233
2240
2239
2233
2222
2221
2239
2245
2248
2252
2252
2249
2250
2254
2248
2237
2244
2258
2253
2254
2260
2260
2257
2256
2255
2250
2232
2231
2225
2228
2229
2226
2222
2225
2221
2216
2231
2219
2227
2223
2231
2230
2225
2230
2226
2225
2229
2229
2227
2220
2229
2236
2249
2250
2256
2248
2244
2253
2248
2253
2255
2253
2255
2245
2250
2250
2246
2252
2255
2251
2238
2244
2243
2244
2234
2239
2233
2234
2230
2233
2230
2230
2219
2216
2194
2193
2188
2181
2194
2203
2201
2187
2186
2191
2182
2188
2198
2190
2200
2197
2203
2203
2205
2205
2200
2203
2203
2205
2200
2200
2195
2190
2198
2200
2197
2193
2196
2182
2175
2173
2162
2159
2165
2167
2169
2167
2163
2166
2166
2159
2159
2159
2155
2148
2152
2145
2149
2154
2153
2155
2152
2154
2149
2146
2149
2149
2148
2140
2142
2138
2139
2138
2125
2134
2134
2144
2141
2140
2141
2137
2135
2135
2153
2154
2156
2164
2170
2170
2166
2166
2170
2170
2169
2166
2166
2166
2173
2164
2164
2171
2160
2150
2148
2145
2138
2138
2147
2152
2152
2142
2171
2174
2177
2176
2177
2188
2188
2188
2188
2174
2174
2165
2172
2182
2180
2177
2157
2157
2157
2160
2158
2157
2157
2150
2150
2150
2149
2149
2136
2135
2135
2138
2137
2142
2136
2130
2141
2142
2140
2130
2131
2137
2116
2113
2123
2121
2114
2109
2093
2100
2116
2116
2118
2120
2118
2130
2129
2138
2144
2144
2144
2150
2155
2151
2148
2145
2144
2139
2128
2138
2123
2114
2115
2121
2130
2132
2133
2131
2133
2128
2128
2120
2088
2106
2090
2076
2066
2068
2067
2066
2055
2026
2034
2051
2045
2040
2055
2076
2060
2102
2092
2117
2119
2119
2131
2135
2135
2143
2147
2143
2145
2134
2132
2134
2130
2129
2090
2129
2129
2123
2126
2154
2156
2158
2159
2160
2163
2164
2165
2163
2163
2166
2185
2185
2176
2169
2163
2122
2119
2223
2215
2215
2210
2217
2208
2212
2211
2211
2211
2207
2207
2211
2211
2211
2210
2208
2208
2201
2201
2208
2201
2206
2204
2199
2198
2204
2191
2198
2196
2180
2189
2190
2190
2190
2194
2179
2185
2200
2195
2198
2199
2193
2190
2190
2180
2180
2180
2175
2177
2175
2175
2175
2175
2175
2173
2172
2172
2160
2163
2170
2150
2153
2144
2150
2149
2148
2149
2139
2139
2139
2140
2129
2144
2136
2146
2145
2140
2137
2135
2130
2129
2119
2119
2114
2118
2114
2100
2111
2111
2115
2101
2110
2112
2113
2125
2121
2118
2118
2116
2116
2116
2109
2110
2117
2105
2100
2100
2094
2094
2095
2095
2093
2084
2093
2100
2100
2099
2095
2088
2095
2090
2101
2102
2093
2092
2110
2114
2110
2110
2115
2110
2098
2065
2069
2068
2074
2074
2068
2064
2070
2065
2065
2060
2060
2060
2060
2060
2055
2060
2084
2088
2100
2096
2125
2125
2125
2121
2124
2130
2120
2125
2128
2125
2125
2134
2134
2134
2132
2132
2135
2135
2125
2125
2125
2125
2113
2118
2118
2115
2118
2123
2121
2120
2129
2110
2100
2096
2092
2088
2092
2095
2099
2100
2100
2090
2081
2068
2062
2060
2055
2060
2055
2055
2060
2056
2053
2063
2055
2055
2060
2060
2060
2060
2060
2060
2059
2060
2058
2060
2060
2052
2047
2047
2048
2048
2048
2047
2046
2048
2049
2048
2048
2048
2049
2040
2039
2038
2039
2039
2039
2035
2035
2030
2028
2028
2023
2022
2020
2022
2022
2020
2021
2022
2022
2022
2022
2022
2022
2022
2022
2022
2017
2022
2022
2019
2022
2021
2021
2021
2022
2021
2020
2022
2020
2019
2022
2020
2018
2020
2020
2015
2012
2014
2009
2017
2018
2020
2018
2020
2020
2020
2022
2022
2022
2020
2020
2020
2021
2022
2022
2021
2022
2020
2019
2020
2018
2019
2017
2017
2016
2010
2009
2015
2017
2013
2014
2016
2019
2020
2017
2017
2017
2017
2016
2016
2014
2010
2012
2012
2016
2016
2009
2017
2016
2012
2010
2009
2012
2012
2015
1998
1996
2000
1996
1997
2003
2000
1999
2005
2006
2006
2005
2004
2004
1999
1995
1996
2003
2000
2003
2000
2000
2000
2000
2004
1999
1999
2005
1997
2002
2000
1999
1990
1993
1992
1995
1999
2000
1999
2002
2002
2002
1995
1994
1990
1983
2005
2008
2005
2006
2002
2009
2009
2010
2011
2006
2003
2000
2000
2000
2000
2000
1997
1995
1992
2000
2003
2000
2006
2005
1997
2000
1990
1985
1970
2001
2007
2012
2016
2018
2030
2032
2035
2038
2033
2030
2025
2033
2025
2029
2033
2033
2033
2033
2028
2031
2028
2028
2028
2029
2023
2029
2029
2025
2026
2027
2020
2020
2005
2012
2008
2015
2015
2022
2046
2037
2039
2037
2038
2039
2040
2042
2033
2038
2052
2060
2060
2055
2061
2056
2052
2060
2062
2060
2060
2057
2057
2051
2051
2051
2050
2046
2046
2049
2047
2047
2048
2045
2043
2047
2047
2047
2049
2047
2044
2048
2048
2047
2044
2045
2044
2044
2040
2044
2044
2038
2034
2043
2038
2031
2028
2025
2025
2026
2026
2023
2031
2030
2034
2039
2034
2042
2035
2036
2043
2040
2036
2041
2041
2041
2036
2038
2038
2039
2038
2043
2042
2042
2036
2039
2040
2040
2039
2038
2038
2032
2032
2028
2034
2034
2029
2033
2033
2026
2035
2028
2036
2034
2029
2028
2029
2035
2035
2035
2028
2037
2040
2041
2047
2040
2038
2041
2043
2038
2039
2028
2030
2030
2018
2018
2025
2018
2023
2015
2016
2015
2014
2006
2006
2005
2009
2004
2000
2018
2019
2018
2018
2017
2016
2017
2017
2017
2023
2023
2016
2023
2023
2023
2023
2023
2023
2023
2023
2023
2020
2022
2013
2020
2021
2021
2021
2021
2016
2016
2020
2021
2021
2021
2013
2013
2021
2019
2021
2020
2021
2020
2010
2014
2010
2014
2012
2014
2010
2019
2000
2000
2000
1994
1994
1996
1997
1994
1994
1997
1997
1997
1994
1997
1997
1989
1986
1992
1998
1992
1999
1994
1990
1999
1988
1988
1997
1990
1996
1984
1988
1972
1979
1988
1989
1987
1990
1999
1999
2000
2000
2000
2000
1999
1995
1993
1993
1991
1990
1990
1990
1990
1990
1972
1981
1971
1972
1972
1972
1975
1974
1974
1975
1984
1978
1979
1980
1977
1976
1980
1980
1980
1978
1980
1974
1978
1980
1975
1977
1977
1977
1975
1978
1974
1973
1968
1974
1974
1980
1967
1966
1965
1965
1965
1965
1963
1965
1965
1967
1967
1966
1965
1968
1966
1966
1966
1965
1964
1953
1952
1959
1952
1951
1948
1948
1951
1951
1961
1961
1964
1960
1964
1964
1964
1962
1962
1962
1964
1960
1960
1945
1945
1946
1945
1945
1942
1941
1942
1939
1936
1938
1946
1960
1964
1962
1965
1965
1957
1961
1961
1956
1956
1958
1959
1954
1956
1950
1950
1947
1950
1950
1948
1955
1951
1950
1944
1938
1937
1951
1950
1957
1953
1953
1953
1960
1965
1965
1962
1961
1962
1962
1970
1965
1970
1980
1972
1982
1984
1984
1984
1984
1987
1984
1984
1983
1983
1982
1987
1987
1987
1983
1987
1986
1986
1987
1986
1985
1984
1984
1984
1984
1982
1980
1980
1980
1980
1980
1980
1979
1980
1980
1979
1979
1978
1988
1985
1989
1987
1989
1988
1989
1987
1987
1987
1985
1987
1987
1982
1984
1985
1985
1985
1982
1984
1985
1984
1984
1982
1982
1979
1969
1975
1978
1976
1976
1977
1977
1970
1974
1975
1977
1977
1979
1972
1974
1973
1980
1980
1974
1975
1971
1971
1971
1971
1978
1971
1978
1978
1985
1985
1985
1986
1985
1981
1981
1977
1974
1976
1976
1980
1981
1980
1983
1986
1986
1985
1983
1982
1981
1980
1980
1982
1982
1981
1980
1978
1978
1978
1976
1978
1978
1970
1976
1975
1975
1974
1975
1975
1972
1970
1966
1964
1964
1965
1965
1958
1958
1957
1963
1963
1964
1962
1965
1960
1952
1957
1957
1957
1958
1959
1960
1957
1964
1965
1967
1954
1958
1958
1959
1955
1959
1959
1955
1958
1959
1959
1949
1943
1943
1944
1939
1937
1936
1936
1936
1935
1932
1929
1932
1934
1927
1929
1939
1938
1925
1925
1925
1925
1922
1922
1923
1921
1920
1920
1913
1907
1906
1906
1908
1901
1915
1916
1919
1920
1920
1922
1915
1920
1924
1924
1923
1923
1923
1922
1925
1925
1925
1922
1924
1933
1933
1929
1926
1931
1933
1934
1930
1930
1932
1940
1943
1945
1945
1952
1952
1953
1951
1949
1948
1949
1948
1950
1950
1950
1952
1955
1955
1954
1948
1951
1955
1954
1945
1944
1942
1944
1942
1948
1946
1947
1950
1947
1948
1945
1943
1942
1942
1940
1940
1940
1940
1940
1942
1950
1948
1948
1948
1939
1940
1940
1940
1940
1938
1936
1926
1924
1932
1936
1936
1930
1933
1939
1933
1935
1923
1940
1947
1950
1947
1950
1945
1950
1947
1941
1939
1940
1940
1943
1937
1936
1933
1932
1929
1931
1931
1929
1930
1931
1929
1929
1923
1924
1924
1924
1928
1924
1922
1915
1928
1930
1924
1924
1925
1930
1924
1922
1926
1918
1920
1922
1920
1914
1914
1917
1915
1919
1918
1921
1919
1920
1919
1917
1917
1920
1917
1926
1918
1917
1931
1930
1929
1919
1917
1915
1915
1915
1912
1914
1911
1912
1914
1911
1909
1910
1910
1909
1908
1905
1905
1900
1896
1899
1900
1902
1895
1899
1895
1899
1896
1899
1901
1900
1900
1896
1896
1901
1903
1900
1899
1901
1904
1894
1896
1895
1891
1890
1887
1883
1883
1879
1875
1875
1879
1882
1885
1890
1887
1879
1887
1888
1890
1888
1888
1890
1890
1888
1897
1898
1893
1896
1896
1903
1906
1907
1900
1898
1900
1900
1900
1906
1906
1905
1905
1909
1896
1900
1900
1892
1887
1884
1884
1882
1882
1879
1879
1880
1880
1880
1880
1882
1882
1882
1879
1882
1882
1880
1881
1882
1881
1882
1880
1879
1881
1880
1880
1879
1881
1878
1879
1880
1880
1879
1879
1880
1878
1878
1878
1878
1873
1873
1873
1873
1873
1873
1873
1874
1874
1870
1870
1873
1873
1873
1875
1877
1879
1874
1868
1860
1865
1861
1860
1860
1859
1859
1860
1859
1860
1857
1859
1856
1856
1855
1868
1870
1870
1870
1870
1868
1868
1867
1866
1862
1863
1862
1861
1866
1864
1865
1870
1864
1859
1862
1862
1862
1859
1862
1864
1865
1865
1867
1870
1870
1869
1866
1854
1851
1862
1853
1857
1851
1858
1856
1850
1849
1847
1844
1845
1843
1838
1831
1834
1832
1830
1830
1827
1829
1826
1826
1821
1830
1827
1820
1817
1817
1819
1815
1800
1801
1801
1802
1802
1802
1796
1798
1794
1795
1794
1793
1798
1798
1800
1800
1800
1802
1800
1799
1799
1799
1799
1799
1801
1799
1804
1795
1800
1795
1797
1802
1795
1795
1799
1790
1790
1785
1791
1786
1799
1799
1799
1795
1795
1795
1794
1800
1800
1790
1790
1795
1793
1801
1799
1805
1802
1805
1810
1810
1805
1818
1818
1816
1813
1814
1818
1819
1820
1822
1815
1815
1814
1809
1810
1814
1814
1813
1813
1813
1809
1810
1807
1808
1807
1806
1809
1809
1805
1800
1808
1805
1805
1798
1802
1802
1802
1802
1805
1804
1805
1803
1803
1802
1801
1802
1801
1796
1791
1791
1790
1790
1787
1790
1789
1790
1779
1791
1787
1797
1790
1790
1799
1789
1791
1780
1778
1775
1768
1770
1775
1775
1780
1780
1778
1774
1775
1789
1781
1783
1783
1785
1788
1792
1799
1794
1798
1780
1771
1780
1788
1788
1791
1791
1781
1781
1785
1785
1790
1803
1797
1793
1809
1810
1811
1801
1800
1800
1795
1796
1783
1780
1779
1782
1785
1785
1785
1784
1787
1787
1784
1784
1784
1786
1787
1776
1782
1783
1783
1783
1783
1780
1772
1777
1777
1778
1770
1772
1771
1780
1773
1773
1774
1775
1768
1772
1774
1776
1772
1765
1767
1775
1775
1775
1775
1773
1772
1774
1773
1773
1768
1783
1784
1783
1787
1784
1784
1784
1783
1782
1794
1790
1790
1789
1784
1776
1786
1794
1796
1801
1800
1800
1798
1800
1798
1804
1807
1804
1804
1801
1810
1826
1825
1826
1826
1816
1816
1819
1819
1793
1798
1795
1792
1790
1792
1796
1804
1810
1831
1824
1820
1819
1817
1811
1811
1810
1810
1812
1815
1814
1815
1814
1813
1823
1820
1826
1820
1820
1822
1820
1826
1827
1827
1828
1832
1826
1826
1827
1837
1837
1838
1830
1836
1830
1828
1833
1831
1833
1821
1824
1828
1819
1831
1815
1818
1818
1815
1813
1816
1807
1813
1803
1800
1802
1797
1803
1813
1811
1810
1810
1810
1809
1809
1809
1810
1807
1790
1790
1793
1784
1790
1788
1780
1788
1789
1779
1777
1784
1790
1797
1796
1799
1799
1789
1789
1800
1800
1800
1800
1800
1800
1801
1798
1797
1802
1803
1800
1798
1788
1796
1770
1776
1768
1776
1770
1770
1770
1747
1740
1741
1749
1776
1765
1777
1767
1761
1753
1762
1762
1763
1762
1769
1764
1763
1763
1771
1767
1774
1771
1769
1769
1776
1775
1775
1774
1774
1799
1790
1780
1781
1780
1766
1775
1790
1772
1762
1757
1752
1753
1750
1750
1747
1746
1730
1730
1733
1724
1723
1723
1732
1731
1738
1735
1725
1725
1720
1694
1716
1701
1715
1717
1712
1715
1706
1712
1738
1725
1725
1710
1705
1703
1703
1675
1720
1717
1716
1716
1720
1704
1678
1682
1687
1682
1691
1699
1697
1700
1696
1701
1701
1696
1699
1706
1707
1704
1710
1711
1711
1704
1700
1705
1706
1710
1706
1705
1701
1700
1701
1702
1700
1701
1707
1709
1710
1710
1709
1709
1710
1710
1710
1710
1708
1707
1706
1703
1705
1710
1705
1702
1709
1706
1707
1708
1707
1711
1705
1700
1705
1705
1705
1705
1701
1701
1695
1695
1695
1699
1718
1718
1717
1718
1721
1726
1730
1729
1730
1730
1730
1729
1730
1729
1730
1723
1727
1727
1717
1723
1724
1719
1728
1736
1722
1730
1730
1730
1726
1736
1737
1733
1733
1732
1729
1727
1733
1733
1733
1733
1731
1731
1732
1727
1726
1729
1731
1731
1733
1733
1732
1730
1731
1736
1734
1734
1732
1731
1720
1721
1727
1728
1732
1732
1725
1744
1743
1738
1735
1737
1746
1744
1748
1750
1738
1736
1738
1739
1738
1735
1737
1740
1736
1736
1738
1737
1735
1736
1735
1738
1735
1740
1739
1739
1735
1732
1732
1731
1734
1734
1730
1730
1728
1726
1726
1724
1725
1731
1731
1732
1727
1726
1730
1717
1717
1719
1719
1719
1716
1720
1719
1717
1719
1717
1715
1717
1718
1723
1723
1720
1717
1722
1718
1719
1715
1719
1721
1719
1715
1715
1719
1723
1727
1727
1720
1723
1723
1723
1723
1723
1720
1715
1718
1718
1717
1726
1730
1730
1728
1728
1725
1726
1722
1727
1727
1728
1728
1725
1730
1730
1730
1726
1722
1720
1719
1712
1699
1699
1699
1701
1698
1702
1701
1697
1689
1703
1709
1710
1700
1700
1700
1700
1695
1690
1688
1689
1690
1688
1687
1687
1687
1685
1686
1686
1686
1686
1686
1689
1686
1689
1690
1693
1698
1698
1697
1692
1685
1681
1681
1688
1688
1697
1696
1696
1687
1658
1656
1661
1653
1653
1653
1669
1668
1665
1669
1663
1670
1665
1665
1664
1667
1680
1681
1679
1690
1682
1682
1677
1670
1664
1669
1671
1666
1662
1665
1667
1670
1670
1676
1680
1677
1674
1670
1673
1673
1670
1686
1686
1688
1684
1687
1690
1697
1700
1708
1705
1699
1697
1697
1699
1697
1702
1701
1703
1704
1704
1699
1698
1698
1694
1701
1702
1697
1700
1698
1699
1696
1692
1692
1692
1692
1694
1693
1693
1699
1686
1689
1701
1703
1698
1702
1700
1709
1705
1705
1704
1706
1713
1724
1717
1717
1722
1714
1730
1724
1731
1732
1735
1735
1730
1734
1732
1727
1733
1731
1733
1730
1732
1730
1730
1730
1727
1727
1730
1729
1727
1726
1735
1735
1742
1735
1736
1713
1706
1704
1702
1701
1703
1705
1704
1704
1703
1704
1700
1700
1700
1696
1692
1690
1696
1700
1700
1699
1705
1705
1705
1702
1707
1706
1699
1715
1718
1716
1720
1719
1719
1728
1721
1722
1722
1718
1718
1722
1726
1732
1732
1727
1726
1734
1734
1737
1732
1732
1720
1722
1724
1720
1721
1719
1719
1718
1719
1719
1720
1720
1717
1710
1710
1701
1704
1709
1711
1712
1715
1710
1710
1706
1700
1707
1706
1702
1708
1701
1687
1687
1703
1718
1715
1714
1719
1727
1727
1730
1725
1725
1737
1742
1740
1741
1741
1741
1745
1745
1744
1744
1740
1741
1742
1739
1740
1740
1740
1740
1738
1738
1741
1740
1747
1750
1748
1752
1754
1758
1755
1752
1752
1740
1738
1744
1732
1739
1730
1745
1745
1746
1745
1743
1745
1745
1742
1745
1738
1736
1720
1725
1725
1717
1712
1710
1705
1705
1704
1704
1704
1704
1692
1693
1709
1708
1704
1701
1707
1717
1714
1708
1710
1711
1689
1726
1740
1743
1743
1743
1747
1748
1744
1750
1751
1743
1745
1742
1743
1755
1752
1753
1744
1744
1743
1741
1743
1748
1735
1729
1727
1730
1730
1728
1736
1740
1732
1730
1730
1722
1722
1720
1718
1719
1719
1730
1736
1735
1740
1734
1739
1737
1737
1739
1747
1753
1756
1751
1757
1762
1768
1762
1767
1770
1770
1766
1761
1765
1761
1757
1761
1760
1760
1760
1755
1756
1755
1755
1755
1755
1762
1761
1753
1759
1761
1761
1760
1760
1765
1763
1767
1770
1765
1767
1768
1774
1776
1772
1773
1775
1782
1782
1779
1779
1781
1783
1784
1779
1779
1779
1783
1782
1782
1781
1780
1780
1780
1780
1777
1780
1780
1780
1774
1778
1778
1784
1782
1782
1782
1778
1782
1780
1781
1785
1784
1785
1785
1783
1780
1780
1780
1776
1774
1774
1774
1773
1780
1777
1772
1770
1766
1773
1769
1769
1769
1771
1770
1774
1779
1782
1778
1778
1780
1778
1791
1788
1788
1788
1777
1775
1768
1770
1755
1756
1759
1760
1761
1765
1767
1768
1775
1766
1766
1765
1769
1769
1766
1767
1767
1767
1761
1761
1761
1762
1761
1761
1761
1761
1762
1759
1760
1760
1766
1763
1758
1762
1775
1773
1772
1758
1758
1763
1761
1760
1761
1763
1763
1759
1766
1757
1763
1773
1779
1777
1774
1773
1773
1775
1777
1777
1784
1780
1786
1784
1789
1792
1792
1791
1791
1792
1785
1792
1788
1789
1788
1789
1787
1786
1782
1783
1787
1787
1786
1790
1790
1790
1790
1790
1790
1791
1792
1785
1787
1783
1772
1772
1774
1772
1773
1772
1772
1774
1780
1788
1788
1788
1790
1777
1784
1790
1796
1789
1795
1795
1797
1785
1775
1784
1786
1787
1788
1788
1788
1787
1795
1808
1810
1815
1815
1815
1815
1815
1813
1809
1814
1810
1810
1806
1806
1806
1806
1802
1804
1804
1801
1801
1802
1796
1797
1797
1802
1802
1800
1806
1805
1805
1800
1800
1801
1801
1801
1808
1803
1806
1804
1804
1804
1800
1799
1801
1798
1797
1794
1784
1789
1786
1786
1781
1786
1781
1790
1789
1789
1787
1786
1785
1788
1782
1781
1785
1784
1781
1784
1781
1767
1767
1768
1764
1763
1763
1772
1768
1778
1774
1780
1786
1778
1776
1776
1779
1786
1781
1782
1784
1786
1774
1774
1770
1765
1767
1766
1770
1766
1763
1767
1770
1772
1774
1788
1792
1789
1788
1790
1787
1794
1792
1790
1791
1784
1788
1785
1789
1788
1788
1788
1785
1788
1788
1788
1788
1788
1788
1779
1778
1779
1777
1773
1773
1770
1767
1768
1769
1766
1767
1763
1763
1759
1760
1766
1768
1767
1765
1762
1766
1767
1770
1770
1776
1776
1770
1767
1768
1767
1761
1772
1770
1765
1779
1766
1761
1760
1751
1749
1747
1747
1748
1745
1744
1736
1731
1731
1727
1727
1725
1722
1722
1719
1721
1723
1718
1721
1720
1717
1718
1720
1718
1718
1721
1720
1723
1727
1724
1725
1726
1726
1728
1728
1726
1729
1728
1732
1732
1732
1732
1732
1732
1730
1730
1727
1733
1733
1729
1726
1726
1729
1728
1728
1728
1725
1724
1722
1717
1716
1716
1716
1715
1715
1708
1711
1713
1713
1710
1708
1707
1707
1706
1707
1702
1706
1705
1709
1713
1714
1714
1712
1701
1708
1710
1709
1708
1702
1698
1693
1695
1694
1697
1708
1702
1710
1713
1714
1716
1720
1724
1723
1725
1726
1726
1726
1729
1730
1729
1721
1740
1736
1736
1737
1738
1735
1735
1735
1729
1734
1735
1737
1740
1739
1742
1740
1738
1737
1726
1720
1715
1715
1709
1712
1709
1709
1710
1711
1709
1713
1709
1709
1709
1709
1707
1706
1706
1707
1707
1705
1704
1706
1703
1705
1707
1705
1710
1704
1699
1698
1696
1690
1689
1678
1678
1677
1675
1677
1679
1679
1680
1677
1675
1674
1674
1675
1672
1672
1672
1678
1679
1686
1685
1680
1686
1688
1681
1680
1684
1681
1684
1682
1687
1680
1680
1678
1685
1693
1693
1700
1711
1708
1710
1712
1712
1711
1705
1705
1701
1705
1694
1696
1703
1699
1703
1710
1703
1698
1690
1679
1679
1674
1670
1669
1668
1664
1662
1663
1659
1661
1660
1660
1661
1661
1662
1666
1662
1661
1642
1631
1640
1645
1636
1645
1640
1644
1646
1650
1650
1653
1649
1641
1639
1630
1632
1643
1642
1645
1647
1640
1636
1639
1639
1605
1605
1609
1617
1614
1619
1631
1638
1633
1638
1632
1643
1639
1630
1637
1666
1673
1677
1675
1677
1677
1666
1672
1669
1675
1680
1666
1692
1697
1694
1694
1687
1677
1678
1681
1683
1685
1692
1692
1700
1696
1696
1695
1709
1709
1712
1712
1703
1705
1708
1709
1707
1710
1718
1720
1720
1721
1723
1725
1730
1727
1730
1730
1727
1725
1722
1720
1719
1706
1707
1707
1703
1703
1703
1700
1704
1709
1707
1715
1708
1711
1706
1705
1700
1693
1688
1693
1690
1684
1690
1689
1693
1700
1698
1696
1698
1691
1690
1684
1696
1694
1702
1700
1671
1685
1688
1680
1703
1704
1704
1709
1729
1729
1725
1734
1742
1741
1742
1740
1742
1747
1748
1747
1752
1757
1753
1755
1755
1753
1753
1754
1758
1758
1758
1759
1759
1759
1759
1759
1758
1760
1764
1764
1762
1759
1757
1751
1749
1748
1754
1754
1754
1755
1750
1755
1755
1755
1764
1759
1766
1766
1765
1772
1779
1779
1779
1779
1779
1779
1780
1776
1774
1774
1774
1774
1773
1778
1778
1778
1777
1770
1770
1772
1772
1777
1778
1772
1773
1772
1773
1773
1772
1768
1770
1775
1776
1778
1784
1788
1790
1791
1789
1796
1795
1799
1800
1798
1797
1800
1798
1795
1793
1789
1787
1787
1787
1789
1775
1777
1802
1809
1811
1810
1810
1813
1813
1812
1808
1806
1805
1803
1803
1813
1818
1818
1812
1803
1813
1813
1817
1823
1818
1818
1818
1817
1823
1818
1820
1816
1813
1815
1819
1820
1820
1819
1819
1818
1818
1810
1814
1808
1800
1800
1800
1800
1800
1797
1790
1790
1789
1788
1789
1789
1788
1787
1787
1788
1783
1777
1780
1779
1782
1780
1778
1773
1779
1781
1779
1780
1784
1786
1780
1782
1787
1788
1788
1787
1788
1787
1784
1790
1789
1794
1797
1797
1794
1793
1793
1785
1769
1758
1758
1759
1773
1773
1766
1740
1734
1736
1763
1773
1778
1786
1781
1783
1795
1794
1796
1796
1796
1796
1786
1775
1779
1786
1774
1816
1814
1815
1814
1814
1819
1819
1821
1821
1821
1822
1822
1823
1821
1822
1823
1822
1824
1822
1821
1823
1820
1824
1827
1830
1827
1830
1830
1829
1831
1830
1829
1832
1831
1829
1828
1830
1830
1830
1827
1832
1832
1832
1834
1830
1830
1827
1828
1828
1828
1827
1827
1828
1825
1827
1824
1828
1828
1828
1829
1829
1831
1832
1832
1829
1812
1808
1808
1811
1811
1810
1805
1808
1811
1806
1800
1801
1808
1811
1813
1813
1814
1807
1809
1809
1796
1804
1808
1830
1834
1832
1837
1837
1837
1838
1837
1840
1840
1840
1836
1839
1839
1834
1832
1835
1834
1832
1836
1829
1848
1842
1848
1850
1850
1852
1852
1846
1850
1852
1851
1855
1856
1858
1856
1855
1853
1853
1850
1853
1857
1855
1857
1857
1859
1860
1868
1868
1866
1866
1866
1866
1868
1867
1868
1864
1867
1868
1864
1864
1860
1865
1858
1860
1860
1860
1858
1854
1851
1848
1848
1848
1848
1851
1849
1849
1850
1846
1848
1850
1850
1848
1849
1848
1850
1850
1852
1849
1846
1847
1843
1845
1845
1846
1844
1844
1839
1839
1854
1848
1854
1854
1854
1854
1860
1862
1862
1862
1861
1862
1862
1861
1862
1858
1858
1858
1849
1835
1830
1840
1853
1850
1855
1865
1873
1870
1870
1870
1869
1867
1865
1866
1861
1864
1869
1870
1875
1875
1874
1878
1880
1880
1866
1861
1862
1859
1860
1858
1861
1861
1866
1859
1860
1850
1862
1877
1885
1879
1878
1871
1868
1858
1868
1863
1861
1851
1851
1850
1847
1845
1842
1837
1840
1830
1821
1817
1814
1815
1815
1818
1818
1818
1814
1818
1813
1812
1812
1817
1805
1821
1820
1821
1823
1801
1805
1802
1803
1800
1798
1797
1788
1788
1791
1791
1785
1789
1784
1777
1777
1777
1772
1771
1767
1764
1770
1770
1772
1772
1772
1772
1768
1763
1763
1762
1762
1756
1756
1756
1754
1756
1753
1754
1753
1753
1758
1761
1761
1758
1763
1763
1761
1760
1760
1756
1756
1755
1753
1755
1750
1747
1748
1759
1763
1761
1756
1757
1764
1774
1775
1774
1774
1773
1773
1773
1769
1766
1761
1762
1762
1761
1763
1761
1765
1765
1765
1764
1764
1764
1761
1763
1766
1766
1763
1763
1763
1762
1762
1762
1762
1766
1762
1758
1759
1758
1757
1757
1756
1749
1746
1760
1763
1773
1771
1771
1771
1767
1765
1766
1763
1761
1763
1763
1767
1765
1767
1769
1770
1770
1769
1769
1769
1769
1770
1771
1771
1774
1776
1777
1777
1774
1771
1771
1770
1768
1766
1765
1765
1765
1766
1766
1766
1766
1762
1763
1766
1765
1765
1765
1766
1764
1765
1766
1768
1774
1775
1779
1779
1780
1779
1777
1778
1780
1780
1779
1780
1781
1780
1781
1788
1788
1788
1788
1788
1788
1788
1788
1777
1781
1787
1787
1793
1793
1792
1782
1782
1789
1782
1779
1768
1771
1767
1772
1772
1775
1775
1769
1770
1769
1770
1772
1772
1771
1771
1769
1767
1749
1746
1746
1746
1745
1746
1747
1746
1748
1748
1748
1747
1745
1748
1747
1737
1738
1740
1747
1748
1748
1745
1744
1744
1743
1744
1743
1742
1743
1744
1745
1743
1741
1743
1742
1743
1744
1744
1744
1742
1744
1741
1737
1736
1734
1735
1732
1736
1730
1730
1733
1735
1732
1744
1741
1745
1745
1745
1746
1746
1745
1748
1746
1748
1748
1747
1748
1747
1747
1743
1742
1742
1744
1745
1745
1744
1742
1745
1745
1747
1740
1731
1731
1729
1721
1725
1726
1726
1726
1721
1725
1721
1726
1720
1718
1718
1718
1717
1720
1718
1717
1719
1718
1718
1717
1719
1717
1721
1718
1717
1716
1716
1718
1717
1716
1717
1718
1719
1720
1717
1717
1709
1709
1709
1709
1702
1701
1700
1683
1683
1683
1689
1695
1697
1696
1697
1698
1699
1707
1704
1710
1711
1713
1712
1711
1712
1714
1714
1713
1720
1720
1728
1728
1726
1730
1720
1715
1713
1714
1713
1713
1718
1720
1721
1712
1716
1722
1716
1724
1720
1720
1722
1728
1728
1725
1721
1721
1719
1719
1718
1718
1720
1720
1717
1717
1719
1717
1717
1715
1714
1715
1715
1715
1718
1725
1725
1718
1720
1722
1714
1715
1711
1714
1713
1709
1703
1702
1702
1702
1700
1701
1701
1694
1683
1673
1673
1674
1701
1708
1706
1703
1705
1706
1710
1694
1699
1664
1711
1725
1737
1736
1736
1738
1735
1737
1737
1738
1735
1734
1735
1737
1744
1745
1744
1740
1735
1735
1740
1743
1744
1749
1752
1745
1750
1750
1750
1755
1753
1753
1756
1756
1754
1750
1748
1751
1751
1747
1750
1749
1758
1758
1757
1758
1755
1759
1756
1749
1748
1744
1742
1734
1729
1729
1728
1734
1728
1731
1732
1728
1729
1733
1730
1731
1726
1726
1722
1721
1723
1722
1737
1735
1736
1735
1737
1734
1734
1734
1734
1733
1735
1732
1724
1721
1724
1727
1727
1722
1720
1720
1719
1717
1713
1725
1724
1725
1711
1711
1712
1712
1711
1712
1712
1712
1708
1720
1722
1720
1726
1721
1730
1749
1747
1741
1740
1737
1736
1736
1737
1733
1734
1724
1730
1720
1720
1712
1714
1712
1712
1714
1715
1713
1712
1715
1714
1714
1719
1713
1714
1706
1706
1706
1708
1714
1714
1709
1690
1717
1725
1724
1726
1731
1729
1729
1724
1722
1721
1723
1724
1720
1711
1712
1708
1711
1706
1709
1707
1693
1696
1702
1701
1692
1693
1690
1690
1692
1692
1687
1692
1690
1692
1683
1685
1683
1683
1680
1680
1680
1680
1680
1680
1679
1679
1676
1678
1678
1673
1675
1675
1675
1676
1676
1676
1672
1675
1672
1670
1672
1672
1666
1672
1674
1673
1670
1669
1670
1666
1665
1663
1662
1662
1652
1650
1651
1662
1663
1663
1664
1664
1666
1666
1666
1666
1666
1666
1668
1665
1659
1665
1666
1667
1663
1662
1662
1659
1662
1650
1655
1657
1648
1646
1646
1646
1646
1645
1646
1644
1641
1647
1645
1641
1641
1646
1642
1638
1634
1631
1620
1622
1623
1621
1625
1627
1630
1632
1635
1638
1645
1648
1649
1651
1651
1647
1647
1650
1650
1650
1645
1642
1638
1652
1651
1643
1643
1642
1639
1636
1634
1632
1633
1632
1633
1625
1624
1622
1622
1617
1618
1621
1619
1626
1633
1630
1634
1636
1634
1638
1632
1623
1625
1625
1621
1623
1625
1630
1626
1623
1621
1620
1616
1611
1608
1597
1606
1604
1606
1604
1604
1603
1596
1595
1599
1586
1591
1594
1594
1591
1591
1592
1591
1583
1586
1586
1583
1582
1588
1589
1585
1589
1590
1590
1589
1590
1589
1584
1576
1570
1570
1570
1570
1569
1564
1571
1568
1568
1564
1564
1565
1579
1569
1569
1571
1576
1582
1574
1568
1563
1569
1578
1581
1585
1570
1571
1566
1569
1566
1564
1561
1568
1573
1568
1569
1570
1570
1565
1563
1569
1570
1579
1581
1579
1579
1564
1570
1570
1570
1570
1572
1572
1570
1570
1565
1574
1574
1567
1570
1570
1572
1574
1576
1576
1577
1583
1583
1585
1581
1577
1575
1568
1563
1568
1580
1577
1586
1584
1589
1599
1591
1592
1596
1602
1605
1605
1608
1606
1607
1587
1590
1596
1608
1607
1607
1604
1605
1606
1607
1605
1600
1595
1592
1606
1599
1603
1601
1596
1602
1605
1603
1605
1602
1601
1592
1589
1592
1592
1597
1593
1592
1588
1583
1582
1578
1580
1575
1578
1572
1578
1588
1579
1577
1573
1578
1576
1580
1577
1569
1580
1580
1580
1577
1572
1575
1570
1566
1568
1565
1562
1563
1566
1577
1571
1567
1567
1563
1572
1571
1574
1581
1575
1567
1567
1569
1569
1570
1563
1561
1565
1570
1572
1572
1575
1568
1571
1574
1578
1580
1575
1574
1573
1574
1574
1576
1576
1576
1576
1574
1576
1576
1576
1579
1578
1580
1580
1581
1582
1586
1586
1573
1573
1572
1572
1574
1574
1569
1565
1564
1564
1564
1561
1557
1558
1559
1559
1559
1554
1556
1556
1558
1558
1558
1560
1558
1560
1560
1560
1561
1562
1560
1553
1545
1542
1541
1539
1542
1542
1541
1541
1541
1539
1538
1534
1536
1539
1535
1537
1533
1533
1533
1533
1529
1532
1529
1533
1529
1525
1527
1526
1530
1529
1529
1532
1528
1527
1531
1531
1528
1527
1534
1536
1527
1527
1527
1527
1527
1526
1531
1531
1533
1533
1534
1534
1528
1531
1540
1543
1544
1544
1543
1544
1546
1545
1540
1540
1539
1538
1536
1536
1536
1536
1535
1535
1535
1537
1536
1535
1534
1533
1533
1531
1533
1532
1530
1531
1528
1531
1531
1532
1532
1531
1531
1542
1540
1540
1542
1540
1540
1542
1542
1540
1540
1540
1529
1527
1530
1530
1535
1537
1530
1527
1531
1531
1527
1529
1526
1532
1530
1528
1528
1527
1528
1526
1529
1527
1527
1526
1526
1526
1526
1528
1529
1528
1528
1528
1532
1532
1532
1533
1531
1532
1532
1537
1533
1532
1534
1535
1539
1539
1539
1536
1534
1533
1532
1537
1536
1537
1536
1535
1542
1547
1547
1542
1542
1542
1539
1540
1536
1537
1544
1548
1546
1545
1544
1544
1543
1544
1544
1542
1539
1542
1544
1546
1542
1532
1537
1533
1532
1535
1538
1540
1539
1540
1545
1547
1546
1545
1545
1548
1548
1546
1548
1545
1548
1546
1545
1545
1554
1551
1551
1554
1554
1552
1552
1556
1553
1558
1557
1559
1560
1560
1557
1555
1557
1557
1554
1554
1554
1550
1552
1553
1551
1547
1546
1547
1545
1555
1556
1556
1560
1554
1556
1555
1555
1558
1556
1558
1558
1560
1559
1560
1560
1560
1560
1560
1564
1563
1563
1563
1560
1561
1563
1561
1560
1561
1560
1560
1560
1559
1560
1560
1562
1560
1555
1556
1557
1556
1556
1556
1551
1553
1552
1555
1554
1551
1551
1552
1555
1558
1558
1559
1555
1559
1553
1555
1560
1562
1559
1559
1562
1555
1555
1556
1556
1554
1559
1560
1561
1557
1557
1558
1558
1557
1556
1556
1554
1554
1561
1562
1567
1564
1565
1565
1566
1565
1565
1564
1568
1567
1567
1557
1564
1564
1564
1562
1562
1558
1558
1562
1565
1565
1562
1559
1558
1559
1559
1559
1559
1558
1559
1558
1558
1555
1560
1554
1554
1560
1562
1564
1564
1569
1569
1571
1571
1571
1571
1570
1566
1563
1560
1557
1557
1555
1565
1560
1555
1552
1551
1553
1552
1549
1550
1544
1544
1547
1549
1547
1541
1538
1539
1539
1541
1541
1539
1536
1539
1544
1540
1542
1538
1538
1537
1535
1539
1538
1536
1531
1529
1526
1527
1521
1523
1516
1534
1535
1533
1534
1538
1537
1539
1538
1539
1539
1545
1544
1543
1549
1549
1548
1548
1550
1550
1546
1547
1548
1551
1552
1551
1549
1551
1549
1549
1548
1551
1551
1552
1550
1540
1541
1541
1541
1543
1546
1546
1554
1554
1553
1554
1552
1552
1552
1550
1553
1555
1555
1555
1554
1555
1561
1561
1560
1559
1556
1552
1551
1549
1544
1544
1542
1541
1542
1538
1531
1532
1534
1532
1529
1529
1527
1528
1538
1536
1536
1533
1535
1533
1531
1524
1527
1522
1523
1525
1525
1525
1525
1525
1525
1525
1524
1525
1524
1525
1525
1525
1524
1525
1525
1525
1521
1520
1520
1523
1525
1525
1528
1526
1519
1520
1524
1524
1521
1522
1522
1523
1525
1525
1525
1522
1522
1516
1515
1515
1515
1515
1516
1515
1515
1514
1512
1515
1516
1516
1514
1514
1514
1515
1515
1516
1518
1521
1523
1523
1521
1521
1522
1522
1524
1527
1532
1529
1528
1530
1531
1533
1531
1531
1534
1535
1534
1534
1532
1533
1533
1530
1532
1525
1522
1520
1519
1522
1522
1522
1520
1525
1525
1531
1532
1532
1536
1536
1536
1537
1538
1538
1538
1538
1539
1543
1544
1542
1545
1544
1545
1542
1541
1541
1541
1537
1542
1537
1537
1535
1531
1528
1528
1529
1530
1528
1525
1522
1520
1518
1515
1520
1520
1511
1514
1524
1525
1526
1528
1530
1530
1530
1533
1533
1535
1537
1539
1544
1543
1543
1536
1542
1540
1538
1536
1531
1529
1521
1522
1525
1521
1522
1522
1517
1517
1520
1514
1523
1518
1505
1520
1520
1503
1503
1505
1512
1517
1518
1518
1518
1520
1524
1526
1526
1526
1524
1530
1533
1533
1535
1532
1532
1531
1531
1531
1532
1533
1531
1534
1534
1537
1538
1532
1541
1544
1544
1544
1548
1551
1553
1555
1555
1555
1553
1551
1550
1533
1530
1531
1527
1525
1525
1524
1501
1507
1515
1513
1505
1510
1506
1525
1507
1505
1504
1505
1519
1524
1538
1536
1544
1545
1549
1544
1545
1547
1562
1556
1552
1552
1549
1548
1543
1553
1555
1562
1567
1570
1570
1570
1569
1570
1574
1574
1575
1578
1583
1585
1584
1580
1583
1578
1579
1584
1580
1584
1584
1584
1580
1583
1580
1579
1579
1581
1577
1577
1576
1568
1569
1544
1547
1547
1552
1575
1569
1565
1560
1551
1554
1558
1563
1570
1573
1576
1585
1583
1582
1582
1586
1586
1582
1582
1584
1584
1586
1586
1586
1586
1589
1590
1588
1593
1596
1599
1596
1600
1595
1599
1598
1596
1601
1603
1603
1602
1604
1602
1603
1599
1604
1608
1570
1571
1574
1572
1574
1577
1579
1581
1570
1568
1565
1584
1599
1599
1599
1597
1596
1599
1599
1597
1597
1593
1592
1594
1605
1605
1600
1589
1583
1574
1573
1572
1571
1570
1570
1569
1569
1570
1565
1567
1564
1566
1564
1568
1566
1566
1567
1564
1564
1564
1563
1561
1561
1556
1563
1563
1563
1560
1563
1559
1559
1553
1556
1559
1560
1558
1554
1556
1555
1556
1558
1559
1565
1565
1565
1565
1560
1555
1560
1551
1549
1550
1550
1545
1545
1546
1545
1545
1541
1539
1539
1543
1540
1540
1542
1542
1542
1543
1540
1544
1543
1542
1542
1541
1540
1540
1540
1540
1537
1537
1533
1535
1535
1530
1529
1517
1515
1522
1522
1511
1517
1523
1527
1525
1521
1533
1537
1539
1540
1549
1532
1527
1509
1509
1488
1520
1519
1510
1491
1490
1492
1480
1474
1469
1480
1501
1500
1505
1518
1525
1530
1527
1527
1535
1535
1531
1527
1530
1533
1530
1531
1527
1526
1510
1501
1542
1573
1577
1572
1584
1585
1589
1583
1584
1600
1617
1615
1618
1610
1612
1610
1606
1600
1592
1588
1590
1590
1590
1590
1592
1590
1594
1593
1592
1591
1590
1585
1585
1584
1584
1575
1575
1570
1565
1580
1580
1580
1580
1581
1582
1580
1589
1587
1586
1585
1581
1581
1579
1579
1575
1573
1567
1567
1570
1569
1566
1570
1570
1575
1573
1574
1574
1573
1573
1573
1571
1570
1567
1566
1562
1562
1559
1558
1556
1555
1554
1553
1551
1551
1553
1554
1555
1555
1547
1546
1547
1547
1546
1546
1546
1546
1547
1548
1545
1544
1546
1544
1548
1547
1550
1550
1552
1550
1554
1554
1553
1553
1551
1547
1546
1548
1548
1546
1546
1545
1544
1547
1547
1547
1544
1550
1555
1549
1553
1557
1554
1555
1556
1547
1547
1549
1563
1560
1560
1551
1550
1549
1540
1538
1536
1534
1537
1538
1535
1538
1534
1530
1529
1529
1527
1520
1519
1519
1519
1519
1519
1518
1519
1519
1518
1519
1518
1517
1515
1517
1516
1519
1519
1519
1517
1520
1520
1516
1515
1515
1514
1516
1516
1516
1513
1513
1513
1513
1511
1512
1512
1514
1515
1503
1501
1501
1502
1504
1503
1503
1506
1505
1509
1507
1506
1506
1506
1505
1506
1504
1504
1505
1505
1505
1503
1504
1505
1505
1506
1506
1507
1507
1509
1510
1510
1507
1506
1513
1517
1519
1518
1515
1515
1513
1513
1513
1513
1511
1508
1508
1506
1508
1506
1510
1510
1509
1509
1508
1505
1505
1505
1505
1505
1502
1503
1506
1505
1505
1501
1500
1500
1496
1496
1494
1494
1495
1495
1495
1500
1499
1502
1503
1506
1507
1507
1508
1508
1506
1505
1500
1495
1490
1491
1491
1491
1493
1493
1493
1491
1497
1494
1503
1508
1513
1511
1508
1499
1499
1499
1499
1499
1493
1496
1495
1497
1493
1492
1492
1491
1492
1491
1494
1492
1490
1499
1498
1494
1495
1495
1492
1490
1491
1490
1490
1485
1485
1485
1487
1485
1489
1487
1488
1492
1492
1490
1493
1493
1488
1485
1478
1480
1482
1481
1482
1480
1470
1469
1469
1468
1470
1466
1466
1469
1470
1467
1469
1470
1470
1470
1470
1469
1468
1468
1470
1475
1476
1477
1476
1476
1475
1475
1478
1479
1477
1477
1477
1480
1477
1480
1480
1476
1473
1472
1474
1474
1471
1470
1466
1466
1464
1463
1468
1470
1470
1468
1467
1470
1467
1466
1466
1466
1469
1470
1470
1470
1472
1473
1475
1477
1472
1463
1469
1472
1472
1474
1475
1477
1476
1481
1479
1477
1475
1478
1478
1476
1476
1478
1478
1478
1478
1474
1474
1473
1473
1474
1473
1473
1473
1475
1470
1474
1470
1471
1476
1474
1470
1465
1465
1465
1465
1463
1467
1467
1467
1465
1462
1455
1454
1454
1455
1452
1455
1455
1455
1455
1454
1455
1449
1450
1450
1446
1447
1448
1449
1447
1447
1447
1450
1453
1451
1453
1453
1453
1453
1453
1450
1452
1449
1448
1448
1445
1448
1442
1448
1448
1448
1451
1451
1451
1446
1445
1444
1447
1454
1445
1448
1445
1439
1435
1437
1436
1445
1446
1452
1450
1450
1453
1452
1452
1452
1452
1450
1450
1452
1451
1451
1450
1450
1452
1453
1453
1456
1456
1455
1455
1456
1454
1457
1457
1457
1453
1453
1453
1457
1456
1457
1457
1458
1458
1458
1458
1458
1454
1455
1454
1454
1453
1452
1452
1450
1450
1452
1452
1452
1450
1456
1456
1459
1464
1464
1465
1462
1464
1464
1463
1467
1467
1467
1468
1468
1468
1469
1469
1466
1467
1467
1466
1466
1452
1450
1449
1450
1449
1449
1450
1450
1449
1448
1448
1448
1448
1448
1448
1448
1447
1447
1447
1448
1448
1446
1445
1445
1445
1446
1445
1445
1444
1446
1443
1446
1445
1444
1441
1441
1440
1437
1439
1439
1439
1439
1436
1435
1435
1435
1435
1435
1432
1432
1438
1438
1438
1437
1437
1433
1433
1428
1428
1427
1427
1428
1427
1428
1428
1428
1428
1426
1432
1426
1423
1426
1434
1430
1428
1422
1423
1422
1417
1412
1404
1404
1435
1439
1436
1435
1435
1430
1428
1423
1423
1423
1422
1426
1444
1445
1448
1450
1451
1452
1452
1452
1452
1454
1455
1454
1452
1451
1448
1449
1448
1449
1452
1450
1448
1448
1453
1453
1453
1453
1453
1453
1452
1452
1452
1450
1449
1448
1447
1447
1448
