2450
2446
2440
2443
2435
2435
2435
2433
2434
2433
2435
2431
2433
2434
2431
2434
2429
2429
2430
2431
2431
2431
2441
2442
2438
2444
2445
2443
2435
2437
2434
2434
2434
2436
2439
2444
2445
2448
2443
2446
2445
2444
2447
2459
2446
2446
2444
2441
2445
2445
2446
2446
2446
2444
2444
2444
2440
2443
2440
2440
2438
2435
2435
2427
2434
2431
2425
2425
2427
2425
2427
2425
2427
2416
2416
2417
2414
2418
2414
2410
2410
2414
2414
2412
2430
2427
2434
2431
2434
2429
2439
2440
2442
2434
2443
2434
2429
2422
2425
2424
2422
2420
2425
2414
2402
2403
2390
2394
2395
2390
2390
2385
2385
2385
2385
2385
2390
2385
2385
2394
2398
2400
2408
2408
2400
2397
2395
2390
2395
2402
2400
2395
2395
2394
2392
2390
2383
2383
2383
2385
2388
2390
2397
2400
2398
2398
2405
2406
2400
2408
2405
2378
2386
2386
2389
2399
2419
2405
2406
2415
2415
2405
2412
2419
2419
2415
2425
2425
2422
2422
2425
2416
2415
2412
2412
2420
2416
2421
2426
2413
2415
2409
2414
2416
2413
2410
2409
2406
2410
2406
2403
2399
2413
2414
2425
2419
2419
2426
2423
2408
2408
2400
2408
2419
2422
2426
2412
2419
2413
2420
2425
2418
2422
2426
2428
2427
2430
2433
2431
2439
2437
2436
2418
2421
2412
2425
2426
2432
2431
2418
2417
2430
2430
2434
2435
2426
2435
2437
2441
2441
2444
2445
2448
2450
2447
2444
2450
2445
2445
2444
2438
2443
2447
2442
2448
2442
2443
2446
2450
2459
2453
2465
2463
2457
2464
2460
2455
2453
2461
2470
2470
2466
2472
2469
2470
2470
2463
2466
2461
2461
2466
2452
2458
2454
2457
2451
2451
2458
2461
2464
2466
2466
2468
2463
2458
2460
2471
2472
2475
2477
2484
2484
2480
2489
2489
2490
2487
2490
2490
2496
2500
2497
2497
2497
2497
2498
2500
2498
2498
2496
2495
2497
2499
2495
2500
2499
2500
2500
2500
2500
2500
2503
2496
2508
2507
2506
2506
2505
2505
2500
2504
2503
2503
2502
2499
2500
2502
2503
2497
2496
2495
2498
2499
2500
2502
2502
2506
2506
2499
2499
2500
2491
2497
2497
2503
2502
2502
2505
2503
2503
2503
2503
2512
2505
2513
2513
2509
2505
2509
2509
2514
2508
2501
2499
2493
2496
2490
2490
2496
2497
2493
2483
2478
2477
2483
2469
2473
2469
2469
2472
2471
2472
2472
2469
2471
2463
2463
2466
2460
2453
2453
2450
2449
2449
2453
2449
2455
2452
2450
2450
2450
2450
2446
2445
2451
2449
2450
2456
2450
2454
2455
2452
2456
2458
2458
2456
2450
2446
2451
2444
2443
2437
2445
2458
2459
2435
2439
2441
2458
2457
2455
2451
2468
2470
2476
2475
2476
2476
2474
2478
2477
2478
2478
2471
2473
2474
2474
2474
2474
2474
2475
2467
2473
2482
2476
2475
2479
2478
2476
2477
2474
2469
2470
2468
2468
2466
2468
2465
2466
2462
2464
2460
2452
2461
2463
2490
2489
2489
2489
2482
2480
2481
2491
2490
2482
2488
2483
2485
2484
2481
2481
2482
2485
2484
2479
2476
2490
2491
2491
2490
2491
2490
2486
2483
2482
2503
2517
2518
2517
2520
2516
2514
2518
2523
2521
2514
2515
2515
2515
2515
2524
2524
2524
2515
2516
2514
2511
2509
2509
2512
2508
2511
2510
2516
2510
2516
2525
2528
2525
2530
2530
2533
2530
2532
2528
2528
2533
2533
2535
2536
2535
2535
2526
2529
2529
2534
2536
2535
2536
2536
2530
2528
2527
2527
2527
2526
2527
2526
2530
2530
2527
2527
2530
2527
2527
2527
2527
2521
2526
2526
2525
2530
2531
2542
2520
2524
2524
2524
2524
2518
2518
2516
2512
2515
2513
2512
2518
2518
2523
2520
2522
2515
2516
2514
2517
2509
2506
2510
2519
2515
2524
2532
2528
2526
2532
2532
2532
2520
2518
2518
2521
2540
2539
2539
2540
2546
2545
2545
2542
2538
2542
2543
2549
2543
2535
2559
2560
2563
2563
2559
2559
2558
2557
2548
2548
2545
2540
2537
2534
2529
2530
2531
2532
2529
2532
2530
2532
2530
2530
2529
2529
2520
2526
2534
2533
2534
2534
2534
2534
2530
2529
2524
2529
2525
2521
2521
2519
2519
2519
2521
2520
2520
2520
2520
2519
2518
2518
2522
2519
2519
2518
2518
2517
2517
2516
2512
2510
2510
2509
2509
2506
2506
2508
2512
2517
2519
2520
2520
2521
2520
2520
2524
2522
2520
2525
2525
2521
2525
2527
2525
2525
2525
2527
2526
2527
2527
2527
2520
2520
2522
2514
2520
2523
2520
2522
2522
2518
2520
2518
2523
2524
2524
2519
2530
2533
2531
2531
2537
2535
2534
2535
2530
2529
2526
2527
2529
2526
2529
2528
2523
2523
2521
2522
2535
2524
2524
2526
2526
2512
2516
2516
2514
2530
2528
2539
2523
2532
2541
2545
2550
2546
2549
2549
2549
2545
2549
2550
2553
2552
2555
2555
2550
2550
2544
2550
2555
2553
2551
2542
2543
2551
2550
2539
2546
2555
2551
2550
2542
2549
2550
2550
2546
2547
2536
2542
2534
2539
2541
2555
2559
2556
2549
2547
2547
2547
2549
2550
2548
2548
2548
2550
2547
2552
2550
2550
2556
2563
2556
2558
2555
2556
2560
2556
2550
2562
2564
2561
2560
2560
2560
2560
2558
2562
2570
2566
2563
2566
2570
2568
2566
2565
2557
2557
2557
2557
2554
2556
2566
2569
2568
2563
2574
2574
2569
2571
2568
2569
2571
2571
2574
2574
2574
2577
2578
2580
2579
2580
2580
2578
2585
2579
2588
2577
2573
2581
2587
2588
2594
2595
2593
2593
2593
2593
2593
2594
2588
2589
2587
2588
2590
2592
2589
2577
2570
2574
2580
2560
2557
2556
2556
2560
2550
2552
2550
2554
2553
2554
2558
2554
2560
2550
2560
2562
2558
2552
2557
2552
2552
2558
2557
2547
2547
2553
2547
2550
2556
2538
2543
2541
2538
2538
2539
2543
2532
2529
2538
2527
2514
2513
2516
2511
2518
2522
2519
2529
2530
2530
2538
2538
2538
2538
2542
2530
2534
2534
2547
2552
2545
2530
2533
2533
2539
2537
2537
2545
2550
2545
2543
2544
2535
2526
2533
2533
2541
2551
2547
2543
2561
2561
2565
2564
2581
2582
2581
2575
2582
2577
2579
2579
2579
2575
2581
2574
2574
2578
2579
2573
2576
2577
2570
2570
2564
2560
2570
2565
2570
2570
2567
2567
2563
2570
2570
2568
2570
2571
2574
2574
2574
2568
2575
2568
2574
2575
2570
2571
2568
2566
2554
2555
2550
2556
2550
2551
2558
2562
2562
2559
2566
2566
2559
2562
2566
2567
2563
2569
2564
2567
2568
2566
2568
2567
2567
2568
2573
2573
2573
2565
2574
2575
2570
2570
2566
2570
2566
2568
2561
2567
2559
2559
2568
2559
2560
2562
2555
2555
2558
2553
2549
2549
2550
2549
2564
2558
2558
2558
2542
2543
2557
2565
2568
2568
2557
2561
2551
2543
2545
2551
2551
2551
2549
2548
2553
2564
2564
2563
2560
2555
2553
2552
2553
2571
2570
2564
2563
2552
2559
2565
2564
2560
2552
2544
2543
2557
2565
2567
2585
2585
2593
2593
2590
2593
2593
2593
2583
2590
2582
2589
2589
2589
2582
2575
2581
2581
2581
2575
2575
2580
2587
2582
2582
2569
2586
2588
2583
2567
2564
2565
2565
2565
2564
2561
2556
2555
2559
2552
2555
2553
2553
2548
2545
2551
2551
2550
2544
2544
2544
2545
2542
2545
2545
2545
2541
2546
2545
2544
2545
2553
2548
2552
2552
2552
2552
2545
2553
2551
2551
2559
2559
2560
2560
2556
2555
2543
2543
2538
2542
2539
2534
2537
2525
2534
2530
2548
2547
2553
2552
2550
2546
2545
2545
2540
2544
2555
2555
2558
2566
2560
2558
2557
2552
2548
2548
2541
2548
2548
2546
2562
2561
2565
2566
2560
2561
2560
2563
2563
2567
2561
2561
2561
2563
2562
2562
2560
2560
2544
2540
2540
2540
2547
2546
2545
2541
2535
2527
2532
2524
2531
2532
2540
2539
2537
2540
2533
2536
2538
2536
2534
2535
2533
2531
2522
2521
2516
2527
2514
2514
2511
2510
2514
2516
2515
2517
2513
2513
2521
2522
2524
2525
2536
2533
2535
2542
2538
2542
2544
2545
2540
2538
2537
2539
2536
2536
2536
2526
2536
2535
2531
2529
2521
2516
2515
2508
2502
2505
2491
2492
2494
2511
2515
2517
2517
2527
2530
2527
2523
2523
2527
2522
2520
2518
2515
2516
2513
2514
2512
2511
2506
2505
2487
2493
2493
2494
2500
2489
2485
2480
2480
2482
2483
2492
2493
2493
2495
2488
2488
2497
2483
2483
2479
2469
2470
2474
2477
2479
2485
2485
2501
2502
2508
2505
2512
2520
2528
2524
2523
2521
2519
2526
2528
2529
2530
2520
2526
2519
2521
2510
2508
2500
2497
2498
2494
2492
2488
2488
2485
2501
2498
2498
2498
2498
2502
2490
2495
2516
2498
2502
2508
2503
2503
2501
2501
2507
2511
2516
2535
2543
2532
2531
2531
2524
2515
2512
2510
2510
2513
2516
2521
2512
2524
2527
2528
2531
2540
2550
2555
2550
2551
2550
2544
2564
2564
2530
2528
2530
2531
2527
2519
2520
2505
2499
2500
2500
2517
2526
2524
2524
2524
2519
2517
2518
2513
2513
2472
2466
2455
2453
2452
2451
2450
2455
2448
2454
2459
2435
2440
2459
2460
2460
2450
2445
2444
2466
2464
2480
2449
2450
2451
2439
2435
2452
2430
2423
2410
2410
2400
2394
2379
2379
2390
2391
2382
2393
2388
2386
2374
2374
2374
2367
2368
2369
2370
2363
2356
2349
2354
2350
2350
2342
2334
2325
2329
2336
2334
2334
2331
2320
2326
2316
2318
2330
2330
2334
2328
2299
2295
2314
2328
2334
2330
2330
2354
2354
2344
2345
2335
2343
2332
2346
2341
2353
2355
2354
2342
2335
2327
2325
2350
2347
2327
2322
2307
2323
2330
2349
2346
2349
2359
2359
2360
2357
2378
2381
2394
2396
2397
2398
2400
2405
2389
2387
2396
2396
2400
2383
2391
2405
2400
2406
2410
2407
2381
2381
2377
2408
2390
2389
2387
2385
2380
2408
2409
2409
2410
2406
2404
2410
2412
2427
2420
2413
2410
2404
2398
2395
2393
2390
2409
2404
2397
2375
2375
2374
2374
2358
2367
2374
2379
2375
2379
2377
2377
2377
2358
2376
2389
2389
2389
2398
2400
2404
2393
2392
2380
2380
2360
2370
2368
2362
2370
2381
2400
2394
2386
2387
2411
2421
2431
2435
2433
2435
2435
2435
2435
2441
2445
2449
2444
2450
2449
2447
2446
2449
2453
2453
2449
2444
2443
2440
2432
2431
2441
2424
2405
2428
2430
2432
2432
2434
2434
2441
2442
2444
2444
2442
2445
2450
2455
2454
2456
2456
2456
2456
2452
2453
2450
2448
2450
2451
2453
2449
2456
2463
2453
2452
2452
2455
2453
2445
2448
2450
2446
2445
2440
2440
2440
2440
2439
2431
2435
2438
2440
2445
2418
2417
2417
2420
2424
2422
2414
2408
2406
2414
2414
2420
2407
2403
2400
2405
2414
2414
2414
2418
2422
2425
2418
2418
2421
2445
2429
2439
2444
2443
2442
2436
2420
2418
2423
2440
2420
2425
2425
2410
2410
2400
2398
2400
2394
2396
2374
2390
2404
2396
2409
2402
2403
2415
2415
2415
2411
2408
2400
2391
2392
2392
2386
2410
2397
2370
2361
2377
2388
2365
2356
2351
2330
2324
2359
2350
2342
2331
2344
2327
2330
2350
2350
2349
2344
2347
2350
2355
2368
2368
2371
2370
2365
2357
2349
2345
2353
2346
2344
2341
2330
2320
2350
2350
2364
2371
2363
2363
2392
2393
2392
2400
2390
2384
2393
2398
2393
2375
2395
2424
2431
2432
2420
2419
2404
2404
2398
2410
2423
2429
2426
2421
2410
2405
2410
2380
2388
2390
2393
2389
2420
2432
2434
2420
2420
2450
2471
2470
2448
2444
2444
2448
2429
2430
2427
2442
2449
2460
2453
2457
2465
2472
2478
2481
2470
2486
2486
2487
2493
2493
2496
2500
2502
2502
2502
2500
2499
2492
2480
2488
2496
2496
2493
2505
2500
2510
2516
2526
2520
2523
2523
2520
2520
2519
2511
2515
2514
2515
2516
2515
2514
2516
2515
2503
2486
2487
2490
2505
2514
2515
2512
2513
2509
2506
2506
2510
2505
2508
2515
2515
2522
2524
2530
2535
2539
2530
2530
2538
2530
2534
2527
2532
2532
2526
2531
2504
2514
2515
2511
2511
2532
2520
2527
2517
2517
2515
2485
2475
2467
2466
2469
2460
2454
2452
2440
2448
2449
2448
2450
2452
2472
2474
2479
2475
2493
2482
2489
2500
2498
2497
2499
2493
2490
2490
2491
2482
2482
2474
2473
2470
2450
2452
2455
2460
2484
2480
2489
2468
2468
2468
2468
2477
2491
2495
2512
2508
2523
2520
2520
2513
2522
2535
2531
2531
2528
2528
2525
2511
2511
2511
2511
2527
2530
2531
2534
2531
2541
2540
2536
2545
2549
2550
2550
2545
2545
2536
2525
2526
2526
2526
2532
2533
2532
2532
2528
2528
2525
2530
2543
2535
2535
2543
2543
2534
2535
2540
2540
2542
2549
2542
2535
2533
2530
2523
2525
2522
2513
2508
2509
2500
2501
2515
2500
2492
2489
2493
2502
2506
2501
2505
2503
2510
2508
2504
2494
2505
2506
2495
2470
2477
2492
2483
2476
2476
2475
2484
2479
2492
2492
2476
2479
2451
2453
2457
2471
2475
2479
2472
2471
2445
2435
2469
2479
2468
2509
2519
2520
2524
2509
2510
2500
2503
2519
2517
2520
2520
2505
2492
2503
2500
2520
2525
2528
2530
2511
2508
2530
2537
2527
2532
2532
2531
2533
2533
2545
2560
2582
2581
2593
2590
2589
2588
2597
2599
2585
2581
2580
2585
2579
2584
2582
2580
2578
2576
2580
2579
2584
2587
2588
2581
2585
2587
2585
2584
2582
2583
2586
2582
2582
2582
2580
2582
2576
2579
2578
2575
2572
2568
2568
2577
2568
2561
2560
2566
2563
2565
2563
2583
2585
2588
2586
2587
2589
2598
2598
2605
2601
2615
2615
2615
2615
2615
2605
2602
2603
2614
2613
2618
2610
2606
2600
2618
2620
2628
2620
2620
2625
2620
2617
2605
2600
2595
2598
2598
2599
2600
2595
2595
2590
2590
2588
2580
2595
2597
2597
2603
2603
2610
2609
2607
2603
2593
2604
2603
2603
2604
2610
2600
2620
2623
2623
2623
2622
2620
2606
2606
2610
2606
2608
2604
2608
2604
2603
2607
2606
2607
2608
2605
2585
2578
2586
2580
2579
2579
2579
2571
2571
2574
2579
2577
2577
2571
2571
2573
2580
2576
2576
2577
2577
2575
2580
2578
2582
2580
2578
2574
2570
2567
2576
2576
2568
2583
2575
2584
2592
2586
2591
2590
2590
2590
2590
2589
2586
2585
2576
2580
2577
2577
2573
2575
2570
2575
2570
2570
2579
2570
2578
2570
2568
2566
2565
2560
2559
2560
2557
2548
2538
2538
2533
2534
2542
2521
2540
2549
2549
2548
2540
2552
2545
2543
2536
2541
2539
2539
2541
2525
2525
2540
2540
2542
2539
2530
2529
2514
2524
2512
2532
2535
2532
2540
2548
2542
2547
2540
2540
2532
2537
2537
2545
2553
2562
2557
2559
2565
2565
2564
2567
2573
2574
2573
2545
2545
2536
2539
2546
2551
2551
2552
2551
2556
2556
2555
2553
2555
2553
2552
2569
2570
2576
2573
2580
2580
2581
2582
2578
2575
2572
2576
2580
2582
2566
2566
2565
2566
2566
2553
2572
2552
2556
2551
2544
2543
2520
2531
2541
2542
2550
2570
2570
2561
2567
2557
2561
2555
2556
2566
2572
2561
2560
2556
2570
2561
2571
2575
2555
2576
2576
2554
2550
2556
2557
2545
2590
2595
2600
2602
2612
2614
2622
2636
2640
2623
2622
2628
2613
2616
2622
2626
2629
2633
2626
2620
2625
2626
2628
2631
2625
2627
2637
2643
2640
2645
2645
2630
2635
2647
2657
2659
2663
2662
2642
2644
2647
2645
2650
2660
2635
2625
2630
2625
2633
2616
2618
2638
2640
2635
2634
2651
2642
2644
2650
2648
2664
2656
2665
2663
2663
2655
2635
2670
2685
2694
2693
2689
2684
2685
2693
2705
2701
2701
2705
2712
2716
2717
2717
2717
2712
2707
2717
2709
2714
2715
2715
2717
2717
2719
2718
2717
2714
2714
2716
2717
2711
2718
2718
2715
2715
2711
2715
2715
2711
2701
2709
2711
2711
2711
2708
2711
2709
2707
2710
2712
2702
2701
2701
2707
2703
2714
2710
2709
2710
2708
2714
2719
2718
2711
2715
2715
2719
2719
2716
2715
2720
2720
2711
2712
2712
2706
2706
2706
2711
2712
2704
2711
2710
2708
2707
2707
2708
2708
2708
2702
2702
2705
2703
2703
2704
2709
2704
2704
2712
2704
2710
2709
2714
2713
2718
2724
2724
2724
2724
2723
2724
2723
2724
2721
2718
2718
2718
2721
2721
2720
2718
2704
2704
2710
2710
2710
2710
2710
2696
2700
2703
2710
2708
2708
2708
2703
2704
2703
2704
2704
2704
2695
2699
2698
2696
2699
2697
2700
2698
2698
2706
2709
2702
2708
2709
2707
2707
2710
2709
2705
2703
2705
2704
2701
2694
2691
2692
2695
2701
2701
2694
2695
2705
2689
2693
2697
2695
2694
2698
2698
2699
2704
2705
2705
2705
2707
2706
2699
2701
2699
2696
2696
2695
2699
2690
2687
2680
2681
2701
2697
2700
2704
2700
2704
2704
2703
2701
2704
2701
2708
2702
2702
2704
2705
2705
2706
2706
2706
2710
2706
2715
2713
2711
2711
2713
2705
2700
2703
2720
2720
2720
2724
2724
2721
2727
2721
2728
2724
2723
2730
2733
2734
2727
2727
2727
2727
2723
2717
2717
2717
2716
2724
2721
2721
2713
2704
2704
2706
2705
2733
2730
2726
2726
2726
2726
2726
2725
2726
2722
2725
2725
2728
2728
2731
2734
2730
2735
2744
2744
2742
2740
2741
2740
2739
2737
2735
2735
2734
2730
2730
2734
2732
2730
2726
2723
2722
2721
2727
2720
2726
2726
2728
2726
2728
2725
2725
2721
2726
2728
2730
2732
2735
2734
2737
2739
2739
2739
2737
2736
2728
2727
2720
2718
2714
2720
2716
2720
2719
2713
2717
2715
2715
2720
2720
2715
2714
2715
2709
2710
2717
2712
2713
2715
2716
2714
2724
2716
2722
2714
2716
2724
2724
2726
2726
2725
2719
2722
2722
2722
2722
2723
2721
2722
2721
2722
2716
2716
2719
2722
2722
2720
2720
2721
2715
2715
2713
2712
2707
2712
2710
2709
2709
2709
2704
2699
2702
2700
2704
2701
2693
2699
2693
2699
2698
2691
2689
2689
2694
2699
2701
2702
2704
2702
2708
2711
2709
2714
2711
2710
2714
2712
2712
2712
2714
2707
2710
2708
2712
2713
2719
2716
2715
2715
2715
2713
2713
2715
2713
2715
2714
2714
2710
2709
2712
2720
2709
2704
2710
2712
2721
2727
2722
2728
2728
2722
2722
2729
2730
2723
2730
2727
2729
2729
2729
2727
2729
2724
2717
2717
2724
2726
2729
2734
2734
2734
2733
2733
2730
2733
2733
2732
2724
2728
2723
2725
2735
2734
2731
2730
2727
2724
2721
2717
2725
2725
2728
2722
2722
2725
2730
2730
2725
2725
2732
2730
2739
2733
2732
2733
2733
2733
2731
2727
2726
2726
2718
2720
2718
2720
2716
2717
2717
2724
2718
2723
2720
2719
2710
2710
2710
2702
2713
2708
2712
2713
2705
2699
2696
2698
2697
2702
2702
2703
2702
2703
2702
2701
2701
2701
2701
2708
2709
2701
2707
2716
2707
2717
2709
2709
2717
2718
2707
2706
2697
2703
2702
2697
2686
2702
2698
2700
2699
2692
2695
2691
2699
2700
2700
2700
2706
2702
2701
2711
2705
2715
2704
2711
2711
2717
2717
2717
2714
2717
2714
2713
2711
2703
2703
2700
2699
2695
2700
2696
2707
2702
2712
2704
2700
2700
2702
2715
2718
2707
2707
2711
2718
2716
2710
2710
2710
2708
2708
2714
2716
2716
2716
2716
2708
2710
2718
2725
2724
2733
2728
2728
2730
2728
2736
2735
2735
2732
2728
2726
2734
2724
2721
2724
2719
2724
2719
2723
2735
2735
2735
2734
2730
2712
2712
2723
2717
2722
2720
2714
2715
2712
2712
2705
2697
2705
2712
2713
2713
2711
2710
2701
2705
2704
2698
2691
2694
2690
2690
2690
2696
2703
2700
2704
2700
2700
2686
2676
2681
2676
2672
2675
2671
2666
2675
2680
2670
2672
2670
2670
2665
2674
2673
2680
2678
2678
2675
2673
2675
2671
2673
2681
2682
2688
2689
2683
2685
2685
2681
2681
2678
2682
2677
2689
2682
2682
2683
2678
2686
2686
2688
2684
2680
2684
2672
2672
2680
2659
2648
2632
2632
2632
2632
2633
2628
2632
2635
2646
2641
2641
2639
2637
2639
2649
2651
2651
2650
2651
2655
2654
2654
2651
2645
2645
2642
2637
2640
2653
2656
2648
2653
2657
2654
2652
2644
2643
2634
2635
2629
2630
2644
2641
2639
2639
2632
2629
2626
2626
2623
2617
2621
2623
2623
2612
2611
2606
2637
2633
2639
2640
2640
2669
2670
2665
2665
2666
2668
2666
2667
2672
2672
2672
2673
2673
2654
2649
2655
2647
2650
2652
2658
2655
2652
2658
2658
2658
2652
2647
2648
2660
2658
2656
2658
2653
2652
2640
2640
2640
2638
2641
2641
2643
2645
2642
2649
2643
2642
2642
2649
2652
2653
2657
2670
2667
2663
2662
2669
2674
2674
2674
2678
2677
2671
2670
2677
2668
2660
2660
2666
2668
2642
2640
2627
2621
2633
2635
2635
2641
2639
2660
2662
2656
2638
2637
2632
2628
2636
2634
2613
2630
2631
2630
2617
2635
2638
2625
2621
2624
2615
2629
2635
2637
2637
2640
2652
2672
2674
2670
2670
2678
2662
2668
2682
2694
2687
2687
2690
2689
2686
2687
2679
2671
2691
2684
2689
2681
2684
2691
2692
2705
2709
2695
2700
2712
2696
2710
2709
2714
2716
2709
2700
2693
2704
2710
2709
2698
2694
2694
2686
2689
2690
2690
2690
2681
2709
2719
2717
2722
2722
2720
2720
2718
2718
2715
2711
2714
2714
2714
2713
2701
2714
2710
2707
2700
2705
2705
2708
2704
2700
2690
2689
2687
2683
2673
2686
2686
2687
2685
2686
2686
2690
2701
2708
2708
2695
2700
2699
2701
2710
2722
2722
2729
2730
2732
2728
2727
2727
2723
2718
2740
2746
2742
2742
2742
2742
2740
2741
2744
2745
2749
2745
2740
2740
2744
2741
2738
2735
2735
2730
2741
2737
2735
2730
2730
2729
2725
2722
2721
2720
2719
2720
2720
2718
2714
2716
2711
2714
2672
2679
2699
2701
2705
2701
2709
2690
2703
2718
2721
2715
2720
2720
2720
2722
2732
2730
2731
2738
2733
2738
2739
2731
2738
2731
2732
2740
2745
2745
2745
2741
2744
2720
2690
2687
2688
2689
2688
2688
2710
2702
2692
2695
2706
2713
2703
2698
2661
2657
2665
2667
2665
2706
2685
2723
2728
2751
2753
2754
2733
2755
2761
2771
2771
2771
2775
2780
2779
2783
2788
2788
2788
2786
2787
2780
2770
2764
2760
2765
2760
2761
2762
2759
2759
2759
2755
2757
2755
2744
2745
2744
2747
2759
2752
2744
2739
2742
2738
2743
2746
2743
2747
2747
2746
2753
2748
2755
2741
2737
2737
2737
2734
2744
2743
2736
2742
2750
2746
2724
2730
2729
2730
2724
2737
2737
2735
2739
2742
2744
2741
2731
2726
2730
2728
2724
2717
2718
2728
2715
2715
2725
2741
2741
2748
2738
2743
2749
2748
2739
2747
2750
2750
2750
2736
2733
2733
2732
2740
2741
2744
2727
2730
2740
2739
2752
2761
2762
2760
2754
2758
2757
2752
2757
2756
2760
2755
2745
2747
2768
2770
2766
2769
2766
2771
2771
2769
2766
2768
2761
2762
2760
2755
2763
2755
2755
2755
2750
2758
2758
2746
2741
2768
2772
2743
2730
2733
2744
2748
2749
2757
2752
2747
2748
2777
2765
2764
2745
2745
2743
2740
2736
2735
2749
2760
2755
2750
2735
2718
2716
2711
2706
2714
2709
2697
2698
2702
2699
2687
2679
2677
2674
2671
2672
2672
2669
2673
2668
2660
2662
2658
2663
2662
2662
2655
2654
2646
2650
2645
2646
2639
2655
2655
2659
2661
2665
2663
2662
2662
2662
2669
2672
2672
2672
2673
2668
2672
2672
2666
2664
2662
2666
2665
2651
2660
2657
2652
2658
2654
2651
2659
2652
2651
2651
2652
2643
2646
2643
2640
2641
2645
2645
2648
2651
2647
2651
2654
2654
2655
2647
2644
2645
2640
2640
2631
2629
2625
2623
2618
2616
2620
2620
2624
2623
2612
2619
2623
2620
2616
2612
2613
2610
2613
2614
2600
2600
2608
2607
2604
2598
2600
2600
2600
2600
2599
2604
2594
2598
2602
2602
2601
2599
2599
2596
2596
2606
2609
2611
2616
2613
2614
2614
2616
2618
2616
2608
2606
2606
2612
2610
2613
2612
2613
2614
2616
2622
2623
2624
2625
2611
2608
2606
2606
2618
2621
2621
2624
2620
2625
2626
2633
2634
2634
2634
2629
2621
2626
2630
2625
2628
2630
2629
2629
2627
2631
2625
2628
2631
2631
2623
2623
2616
2624
2624
2627
2625
2611
2617
2614
2623
2627
2625
2628
2626
2628
2629
2630
2630
2626
2626
2626
2628
2631
2626
2634
2634
2633
2633
2635
2640
2640
2647
2650
2649
2647
2645
2646
2650
2645
2645
2635
2639
2639
2637
2637
2640
2636
2628
2627
2633
2633
2635
2631
2637
2628
2636
2630
2636
2629
2633
2629
2610
2610
2600
2600
2599
2595
2593
2589
2584
2587
2588
2590
2587
2589
2589
2589
2589
2586
2587
2588
2582
2582
2583
2583
2582
2583
2584
2581
2582
2583
2572
2576
2575
2569
2570
2575
2573
2583
2564
2570
2575
2574
2576
2575
2569
2573
2573
2573
2575
2570
2575
2568
2570
2563
2560
2560
2563
2563
2563
2562
2560
2573
2566
2572
2564
2575
2569
2580
2578
2578
2578
2580
2586
2581
2592
2594
2596
2593
2592
2596
2593
2594
2590
2588
2590
2589
2586
2584
2584
2584
2586
2584
2587
2573
2572
2567
2574
2570
2564
2565
2567
2568
2570
2571
2570
2564
2558
2555
2555
2555
2546
2543
2548
2552
2551
2552
2572
2575
2571
2570
2575
2577
2565
2575
2574
2574
2577
2577
2565
2564
2578
2574
2575
2572
2575
2569
2573
2578
2555
2558
2555
2549
2547
2551
2536
2537
2549
2551
2550
2555
2559
2555
2554
2553
2537
2534
2533
2521
2521
2521
2523
2523
2528
2521
2528
2505
2496
2502
2501
2504
2496
2494
2500
2502
2499
2498
2503
2506
2510
2509
2515
2516
2520
2536
2536
2526
2530
2537
2530
2526
2509
2510
2526
2525
2543
2545
2554
2560
2570
2570
2568
2568
2568
2567
2561
2560
2563
2560
2565
2565
2565
2567
2567
2565
2567
2568
2568
2568
2565
2567
2564
2564
2568
2570
2564
2573
2573
2578
2576
2577
2576
2571
2577
2575
2577
2579
2572
2578
2578
2572
2563
2563
2570
2573
2577
2576
2576
2576
2575
2575
2570
2566
2566
2562
2564
2564
2564
2570
2565
2567
2570
2570
2566
2565
2566
2561
2560
2566
2560
2558
2551
2556
2556
2555
2557
2559
2556
2567
2564
2564
2565
2562
2560
2560
2564
2560
2561
2555
2552
2552
2550
2551
2546
2547
2545
2545
2536
2524
2525
2522
2521
2515
2514
2512
2508
2509
2508
2505
2507
2511
2535
2516
2517
2524
2524
2527
2532
2530
2528
2529
2517
2510
2503
2509
2533
2530
2536
2536
2536
2530
2529
2523
2521
2514
2513
2507
2513
2515
2514
2502
2498
2497
2498
2498
2492
2506
2506
2504
2504
2504
2504
2503
2507
2479
2468
2468
2469
2466
2466
2469
2466
2475
2475
2481
2481
2488
2489
2486
2491
2484
2489
2489
2496
2491
2479
2475
2476
2472
2468
2467
2477
2480
2485
2496
2490
2493
2493
2492
2486
2483
2483
2478
2478
2492
2497
2497
2494
2473
2470
2510
2516
2525
2523
2529
2530
2521
2517
2511
2515
2540
2537
2531
2526
2526
2529
2527
2524
2537
2536
2523
2515
2514
2515
2516
2534
2540
2555
2555
2560
2552
2557
2562
2558
2554
2551
2542
2554
2560
2560
2570
2551
2556
2563
2569
2572
2576
2577
2570
2563
2563
2561
2561
2555
2555
2553
2548
2548
2544
2538
2545
2546
2545
2543
2547
2539
2538
2538
2538
2539
2530
2526
2528
2528
2521
2526
2518
2520
2521
2525
2534
2536
2541
2542
2533
2530
2530
2542
2540
2535
2558
2545
2545
2540
2549
2549
2551
2543
2563
2573
2577
2579
2583
2583
2580
2586
2586
2584
2577
2577
2577
2577
2581
2576
2575
2562
2573
2563
2563
2564
2564
2558
2557
2585
2583
2583
2585
2594
2590
2587
2590
2590
2592
2570
2556
2556
2566
2569
2566
2566
2562
2560
2564
2557
2551
2548
2553
2555
2555
2571
2571
2575
2569
2569
2573
2570
2535
2515
2512
2533
2540
2500
2511
2518
2545
2551
2580
2572
2556
2550
2572
2568
2571
2571
2587
2594
2602
2610
2608
2605
2605
2602
2623
2610
2623
2628
2618
2629
2632
2632
2637
2638
2640
2632
2632
2629
2636
2647
2647
2651
2648
2649
2647
2645
2644
2639
2637
2630
2637
2637
2632
2631
2637
2645
2644
2650
2650
2652
2652
2650
2647
2643
2644
2648
2648
2646
2651
2652
2648
2650
2646
2642
2647
2656
2664
2650
2647
2647
2641
2641
2645
2642
2644
2642
2641
2641
2632
2632
2630
2644
2637
2641
2635
2630
2618
2612
2614
2614
2606
2596
2621
2620
2620
2616
2616
2612
2626
2642
2630
2650
2640
2640
2640
2640
2640
2640
2640
2667
2674
2674
2671
2672
2674
2670
2674
2661
2661
2661
2654
2661
2661
2663
2663
2657
2651
2652
2645
2644
2642
2642
2644
2644
2637
2640
2643
2640
2635
2632
2634
2645
2649
2643
2634
2635
2629
2644
2639
2637
2638
2641
2642
2637
2633
2653
2652
2655
2650
2653
2655
2637
2645
2654
2655
2651
2649
2645
2668
2652
2652
2655
2654
2649
2654
2660
2663
2665
2664
2666
2666
2655
2650
2630
2629
2629
2630
2630
2634
2622
2621
2620
2615
2621
2607
2600
2602
2590
2589
2602
2610
2599
2585
2589
2582
2586
2585
2600
2596
2566
2564
2561
2564
2560
2560
2551
2552
2552
2550
2545
2545
2550
2549
2537
2548
2549
2549
2550
2548
2547
2540
2534
2534
2557
2564
2560
2560
2559
2559
2559
2562
2552
2552
2557
2559
2560
2566
2566
2562
2562
2566
2567
2575
2576
2570
2570
2568
2564
2560
2567
2568
2572
2571
2577
2577
2580
2565
2564
2565
2561
2567
2570
2569
2572
2580
2570
2566
2566
2565
2562
2546
2545
2537
2539
2537
2539
2539
2539
2542
2530
2525
2525
2525
2525
2525
2520
2525
2525
2520
2522
2519
2512
2512
2511
2503
2497
2502
2505
2505
2508
2505
2510
2509
2509
2510
2511
2506
2525
2525
2525
2518
2520
2518
2506
2506
2507
2500
2506
2500
2498
2498
2495
2493
2490
2492
2504
2501
2502
2507
2509
2501
2501
2497
2496
2494
2512
2508
2506
2500
2496
2501
2502
2484
2479
2475
2485
2488
2487
2478
2467
2470
2470
2462
2456
2443
2443
2439
2439
2442
2437
2444
2445
2439
2434
2433
2429
2425
2428
2431
2431
2431
2446
2445
2453
2431
2450
2445
2442
2450
2455
2460
2455
2460
2462
2468
2470
2470
2484
2486
2479
2479
2485
2474
2465
2471
2485
2485
2483
2478
2467
2465
2467
2465
2465
2465
2452
2464
2462
2456
2459
2456
2442
2445
2440
2431
2459
2462
2478
2478
2485
2485
2482
2478
2475
2480
2481
2494
2494
2496
2494
2493
2493
2498
2496
2504
2509
2509
2499
2514
2504
2528
2519
2519
2514
2512
2506
2510
2500
2486
2486
2472
2480
2491
2493
2481
2487
2504
2499
2503
2500
2509
2503
2487
2489
2487
2490
2489
2490
2496
2486
2487
2489
2488
2502
2500
2500
2503
2504
2502
2500
2494
2494
2494
2500
2500
2509
2500
2494
2493
2485
2490
2494
2489
2486
2486
2487
2483
2480
2475
2468
2472
2458
2458
2459
2448
2448
2453
2445
2462
2462
2453
2447
2448
2453
2452
2449
2449
2439
2455
2454
2453
2453
2456
2436
2434
2432
2426
2426
2420
2416
2426
2430
2426
2422
2421
2410
2407
2422
2435
2435
2435
2469
2470
2470
2478
2471
2468
2467
2454
2458
2457
2451
2451
2454
2451
2463
2478
2479
2498
2495
2509
2509
2510
2505
2505
2505
2501
2502
2502
2500
2499
2504
2505
2505
2506
2505
2501
2500
2498
2499
2497
2499
2498
2498
2498
2499
2498
2500
2489
2483
2480
2466
2466
2465
2467
2464
2464
2462
2463
2468
2476
2469
2468
2465
2467
2460
2445
2455
2455
2450
2450
2448
2448
2444
2448
2454
2466
2462
2468
2455
2461
2460
2464
2464
2460
2448
2449
2442
2443
2443
2435
2444
2457
2422
2420
2417
2420
2420
2428
2423
2423
2426
2429
2429
2425
2424
2424
2424
2418
2411
2408
2405
2406
2422
2413
2412
2410
2410
2407
2408
2407
2403
2381
2380
2377
2382
2379
2379
2379
2375
2367
2360
2360
2359
2359
2360
2358
2358
2348
2352
2350
2350
2337
2329
2327
2329
2330
2322
2320
2325
2339
2339
2357
2360
2369
2386
2375
2359
2357
2360
2370
2370
2375
2377
2396
2396
2392
2395
2395
2399
2406
2405
2411
2406
2414
2413
2425
2420
2406
2410
2398
2408
2390
2400
2420
2405
2423
2421
2410
2407
2405
2405
2400
2389
2374
2388
2376
2381
2379
2376
2389
2355
2364
2364
2362
2379
2386
2382
2382
2398
2395
2378
2383
2400
2390
2394
2369
2359
2362
2335
2340
2353
2357
2356
2346
2348
2350
2346
2325
2325
2326
2320
2320
2307
2324
2314
2317
2326
2328
2325
2324
2309
2308
2298
2282
2276
2275
2284
2296
2295
2286
2288
2258
2280
2280
2280
2239
2239
2251
2237
2237
2248
2255
2257
2226
2228
2237
2258
2272
2275
2265
2287
2293
2308
2314
2303
2299
2287
2303
2302
2304
2322
2301
2303
2292
2300
2295
2274
2250
2224
2220
2220
2239
2218
2241
2196
2197
2200
2215
2218
2255
2235
2284
2276
2269
2240
2237
2222
2220
2224
2220
2170
2124
2120
2121
2160
2206
2205
2200
2218
2215
2219
2211
2233
2240
2269
2272
2341
2342
2340
2354
2354
2360
2360
2348
2346
2364
2340
2323
2299
2301
2324
2336
2300
2310
2315
2322
2320
2317
2310
2314
2322
2342
2350
2340
2355
2355
2357
2360
2352
2345
2352
2351
2360
2378
2400
2408
2429
2421
2423
2418
2406
2398
2393
2389
2424
2437
2437
2454
2453
2467
2465
2458
2458
2458
2458
2462
2465
2467
2467
2459
2459
2450
2440
2413
2413
2407
2436
2443
2444
2447
2431
2442
2417
2420
2406
2398
2398
2401
2405
2394
2400
2395
2385
2370
2363
2365
2365
2346
2346
2337
2337
2333
2337
2337
2287
2280
2315
2315
2290
2297
2252
2238
2252
2262
2281
2290
2298
2288
2305
2311
2323
2342
2340
2339
2379
2350
2365
2366
2300
2365
2372
2413
2420
2422
2449
2420
2425
2431
2440
2443
2444
2440
2445
2450
2454
2458
2456
2465
2473
2475
2475
2479
2473
2481
2477
2467
2460
2492
2493
2493
2498
2499
2493
2502
2499
2493
2500
2496
2503
2503
2501
2501
2508
2510
2501
2495
2491
2485
2483
2488
2490
2493
2495
2489
2482
2463
2450
2441
2423
2428
2432
2450
2444
2437
2440
2440
2430
2411
2394
2401
2405
2403
2425
2435
2430
2438
2441
2445
2465
2465
2466
2456
2450
2461
2458
2439
2437
2431
2442
2429
2427
2431
2427
2402
2408
2350
2351
2384
2377
2428
2440
2468
2461
2460
2455
2464
2449
2445
2437
2485
2504
2538
2540
2541
2544
2545
2544
2543
2545
2550
2543
2546
2541
2539
2524
2524
2528
2531
2533
2533
2535
2530
2534
2537
2526
2546
2547
2540
2543
2539
2566
2565
2570
2575
2575
2586
2578
2579
2594
2592
2588
2584
2575
2574
2570
2570
2568
2556
2568
2567
2555
2560
2570
2554
2548
2537
2537
2528
2519
2526
2524
2525
2544
2535
2542
2519
2520
2539
2542
2549
2540
2526
2521
2562
2580
2590
2590
2576
2574
2600
2605
2618
2623
2618
2613
2620
2623
2621
2625
2629
2632
2618
2610
2638
2644
2640
2623
2618
2638
2637
2613
2600
2618
2611
2617
2616
2634
2630
2595
2615
2612
2671
2676
2670
2708
2649
2660
2677
2688
2686
2694
2682
2713
2716
2722
2727
2730
2730
2730
2743
2724
2724
2734
2735
2754
2750
2748
2749
2750
2749
2750
2747
2741
2752
2747
2746
2754
2752
2752
2750
2743
2736
2739
2741
2743
2741
2742
2745
2746
2746
2750
2745
2747
2754
2750
2746
2746
2750
2754
2751
2748
2748
2734
2732
2734
2727
2727
2723
2729
2728
2722
2719
2714
2715
2724
2726
2724
2728
2726
2733
2733
2733
2740
2739
2730
2750
2758
2760
2760
2760
2761
2765
2774
2771
2777
2783
2788
2779
2770
2768
2766
2767
2765
2767
2766
2761
2765
2766
2763
2768
2758
2760
2758
2762
2761
2749
2746
2745
2746
2744
2746
2746
2750
2749
2746
2749
2749
2749
2749
2749
2749
2748
2752
2746
2741
2734
2736
2736
2747
2749
2767
2767
2764
2758
2760
2755
2759
2758
2758
2764
2761
2764
2764
2753
2760
2763
2765
2756
2755
2756
2764
2750
2749
2737
2737
2738
2732
2729
2723
2730
2734
2733
2708
2705
2704
2706
2706
2709
2707
2706
2702
2700
2700
2705
2706
2703
2703
2706
2704
2706
2700
2701
2697
2699
2699
2695
2703
2710
2707
2706
2690
2706
2705
2718
2718
2718
2718
2718
2713
2708
2719
2712
2719
2715
2715
2717
2719
2714
2711
2706
2702
2703
2702
2705
2705
2707
2708
2708
2711
2713
2709
2710
2693
2694
2695
2695
2695
2695
2694
2699
2701
2701
2705
2698
2676
2677
2683
2703
2705
2702
2710
2710
2705
2706
2714
2715
2720
2718
2716
2720
2726
2698
2706
2714
2712
2717
2728
2707
2721
2722
2732
2735
2748
2747
2748
2749
2748
2748
2746
2746
2746
2746
2743
2742
2741
2742
2739
2738
2733
2738
2738
2739
2735
2732
2735
2745
2740
2743
2730
2730
2730
2725
2726
2725
2720
2725
2725
2725
2726
2717
2723
2728
2721
2721
2730
2732
2738
2731
2738
2725
2735
2746
2750
2745
2741
2741
2743
2743
2745
2740
2740
2739
2739
2736
2740
2740
2738
2738
2737
2737
2723
2722
2723
2720
2721
2730
2746
2745
2744
2746
2749
2735
2725
2729
2720
2715
2707
2710
2712
2718
2716
2701
2699
2694
2676
2700
2699
2705
2701
2693
2693
2701
2698
2717
2727
2725
2721
2737
2750
2747
2743
2742
2742
2743
2743
2729
2735
2751
2755
2753
2753
2760
2765
2766
2766
2749
2750
2746
2746
2777
2755
2755
2748
2750
2747
2751
2750
2750
2749
2745
2742
2747
2751
2754
2753
2754
2752
2755
2758
2756
2759
2749
2746
2744
2737
2739
2743
2737
2738
2728
2723
2709
2703
2707
2711
2710
2713
2709
2702
2700
2693
2680
2687
2687
2687
2683
2679
2672
2681
2680
2680
2691
2689
2691
2682
2682
2684
2677
2680
2689
2668
2688
2684
2683
2680
2678
2675
2678
2682
2673
2666
2664
2685
2696
2699
2680
2662
2674
2676
2678
2657
2657
2639
2649
2661
2649
2665
2669
2682
2700
2705
2708
2704
2697
2694
2694
2694
2695
2694
2690
2694
2686
2700
2683
2671
2670
2662
2664
2660
2677
2685
2687
2680
2679
2666
2668
2666
2658
2638
2610
2616
2635
2642
2640
2630
2611
2630
2630
2630
2656
2653
2674
2666
2657
2668
2674
2660
2661
2665
2672
2680
2675
2669
2669
2668
2665
2640
2610
2612
2625
2635
2628
2630
2622
2621
2625
2636
2648
2600
2609
2640
2621
2620
2608
2595
2607
2598
2600
2598
2550
2552
2519
2565
2578
2588
2585
2588
2564
2582
2612
2603
2635
2640
2600
2600
2599
2620
2600
2605
2610
2583
2578
2582
2547
2534
2502
2538
2584
2653
2662
2640
2646
2683
2730
2747
2753
2742
2736
2754
2767
2770
2772
2776
2771
2756
2756
2771
2774
2770
2759
2736
2742
2739
2740
2740
2748
2763
2769
2774
2772
2763
2766
2765
2760
2767
2776
2780
2780
2779
2783
2800
2800
2792
2773
2771
2775
2777
2779
2777
2773
2773
2780
2775
2760
2760
2755
2787
2781
2776
2777
2807
2805
2795
2786
2775
2740
2750
2713
2746
2749
2750
2795
2788
2769
2801
2781
2768
2765
2728
2750
2756
2731
2744
2827
2865
2814
2864
2911
2930
2937
2938
2939
2938
2943
2943
2943
2944
2946
2948
2944
2937
2937
2938
2942
2935
2932
2927
2943
2942
2944
2943
2950
2939
2932
2938
2942
2946
2948
2948
2947
2950
2948
2948
2945
2945
2945
2947
2947
2950
2948
2941
2942
2940
2940
2941
2941
2939
2950
2949
2945
2941
2940
2930
2929
2929
2929
2930
2931
2931
2934
2929
2938
2935
2926
2951
2958
2953
2951
2948
2948
2957
2960
2961
2954
2954
2954
2955
2957
2965
2965
2965
2967
2969
2973
2980
2980
2980
2980
2979
2979
2975
2970
2970
2964
2961
2949
2943
2939
2939
2958
2958
2953
2953
2949
2954
2956
2956
2959
2959
2951
2962
2962
2962
2962
2961
2965
2966
2966
2966
2966
2961
2963
2963
2963
2963
2960
2960
2964
2959
2958
2958
2960
2967
2960
2954
2973
2971
2973
2970
2969
2968
2958
2962
2971
2968
2958
2958
2964
2962
2954
2966
2965
2967
2965
2963
2963
2963
2963
2955
2954
2953
2950
2954
2954
2954
2952
2953
2956
2952
2947
2950
2957
2960
2961
2959
2960
2952
2942
2942
2937
2936
2942
2945
2949
2950
2949
2941
2940
2940
2938
2939
2945
2940
2940
2939
2929
2932
2938
2939
2939
2940
2942
2940
2946
2944
2943
2945
2947
2944
2944
2944
2945
2942
2945
2940
2940
2939
2936
2933
2929
2928
2933
2940
2936
2937
2938
2937
2937
2935
2937
2938
2935
2937
2939
2939
2939
2940
2939
2939
2945
2940
2934
2946
2952
2951
2945
2948
2945
2945
2945
2946
2946
2947
2950
2947
2941
2946
2945
2935
2943
2948
2951
2956
2945
2944
2945
2944
2944
2941
2938
2938
2946
2943
2940
2925
2921
2892
2892
2884
2884
2880
2882
2876
2878
2880
2881
2882
2882
2883
2884
2884
2884
2891
2888
2888
2895
2895
2891
2888
2888
2890
2889
2887
2889
2896
2888
2888
2887
2880
2882
2882
2883
2883
2882
2880
2880
2881
2880
2880
2878
2881
2882
2877
2872
2875
2878
2884
2891
2892
2893
2891
2894
2893
2893
2893
2887
2886
2886
2888
2894
2889
2889
2893
2890
2890
2888
2887
2890
2890
2893
2893
2898
2894
2900
2899
2899
2896
2894
2891
2888
2885
2887
2882
2879
2878
2878
2880
2886
2887
2890
2887
2888
2887
2887
2889
2885
2886
2886
2883
2883
2881
2880
2881
2876
2884
2888
2888
2887
2887
2888
2887
2882
2874
2874
2876
2877
2877
2882
2885
2887
2885
2888
2888
2886
2876
2875
2873
2866
2870
2866
2875
2872
2870
2870
2870
2871
2865
2866
2866
2870
2873
2876
2883
2887
2892
2879
2875
2871
2870
2876
2878
2890
2884
2888
2891
2890
2890
2890
2892
2895
2893
2890
2883
2881
2890
2889
2898
2895
2891
2898
2900
2904
2903
2902
2890
2890
2890
2894
2894
2894
2890
2887
2887
2889
2890
2896
2899
2896
2890
2887
2876
2868
2880
2884
2896
2894
2898
2899
2905
2903
2905
2898
2894
2899
2903
2899
2899
2896
2895
2890
2886
2888
2888
2895
2885
2891
2888
2887
2885
2885
2881
2882
2880
2878
2878
2876
2875
2869
2867
2862
2866
2862
2861
2859
2859
2858
2854
2833
2833
2837
2842
2859
2854
2858
2858
2858
2852
2842
2837
2835
2821
2807
2818
2825
2804
2830
2845
2855
2858
2866
2860
2873
2875
2884
2883
2882
2870
2871
2890
2888
2885
2884
2881
2880
2879
2879
2877
2877
2874
2876
2871
2863
2863
2871
2874
2871
2871
2870
2870
2872
2862
2867
2868
2863
2862
2874
2894
2892
2890
2884
2882
2881
2883
2876
2874
2868
2875
2877
2882
2880
2885
2881
2876
2878
2878
2881
2877
2885
2884
2881
2879
2875
2873
2869
2869
2869
2869
2879
2864
2856
2858
2867
2876
2874
2890
2883
2883
2893
2891
2890
2882
2880
2889
2890
2895
2893
2895
2897
2897
2897
2897
2896
2889
2888
2888
2886
2881
2910
2906
2905
2910
2906
2902
2905
2900
2896
2894
2888
2876
2880
2888
2890
2875
2895
2885
2884
2880
2873
2873
2874
2869
2869
2868
2860
2885
2884
2880
2878
2875
2870
2866
2850
2850
2845
2845
2838
2835
2837
2835
2828
2825
2825
2825
2824
2824
2823
2824
2822
2824
2823
2825
2824
2824
2824
2823
2816
2818
2815
2812
2810
2810
2810
2818
2819
2825
2825
2825
2825
2824
2825
2822
2821
2819
2826
2823
2823
2822
2818
2820
2822
2820
2820
2816
2812
2815
2814
2811
2810
2814
2816
2816
2819
2824
2824
2817
2816
2821
2819
2815
2814
2817
2821
2821
2821
2823
2821
2823
2835
2817
2821
2823
2822
2829
2832
2830
2831
2831
2837
2839
2838
2837
2830
2836
2839
2835
2831
2836
2834
2836
2842
2841
2840
2841
2841
2838
2835
2836
2832
2841
2844
2836
2835
2830
2830
2830
2828
2825
2823
2824
2825
2830
2826
2831
2830
2825
2826
2830
2830
2824
2826
2828
2830
2834
2833
2832
2825
2822
2818
2816
2810
2816
2818
2817
2813
2810
2805
2800
2802
2805
2805
2813
2826
2828
2822
2827
2822
2825
2823
2820
2820
2813
2814
2814
2814
2813
2826
2820
2828
2827
2825
2829
2830
2830
2830
2830
2833
2830
2830
2834
2829
2827
2827
2827
2827
2835
2835
2831
2826
2824
2823
2826
2825
2840
2839
2826
2826
2818
2826
2818
2811
2818
2818
2818
2823
2813
2834
2834
2834
2838
2836
2843
2843
2845
2838
2839
2840
2843
2852
2851
2850
2846
2849
2848
2842
2842
2842
2836
2840
2840
2840
2832
2841
2842
2843
2840
2846
2856
2853
2850
2851
2853
2850
2850
2850
2855
2852
2852
2847
2852
2858
2851
2852
2861
2861
2858
2854
2851
2849
2850
2846
2849
2849
2848
2848
2848
2844
2842
2847
2847
2836
2829
2829
2826
2826
2825
2836
2833
2830
2828
2825
2825
2823
2820
2814
2814
2813
2811
2812
2812
2811
2814
2814
2808
2810
2815
2815
2816
2817
2817
2817
2817
2817
2817
2819
2820
2823
2823
2823
2814
2814
2815
2814
2813
2810
2809
2797
2801
2798
2800
2805
2806
2812
2810
2810
2812
2810
2810
2814
2810
2825
2824
2826
2807
2808
2806
2805
2810
2807
2811
2807
2809
2806
2803
2803
2803
2802
2804
2803
2801
2800
2803
2807
2807
2800
2793
2799
2805
2801
2808
2810
2809
2810
2811
2806
2810
2808
2810
2811
2808
2818
2818
2814
2814
2813
2815
2815
2815
2815
2812
2815
2815
2812
2819
2816
2816
2809
2815
2812
2822
2823
2819
2822
2819
2825
2820
2818
2817
2820
2820
2816
2816
2816
2810
2810
2818
2820
2819
2818
2816
2809
2814
2814
2811
2818
2817
2830
2823
2824
2823
2824
2826
2834
2828
2835
2831
2828
2836
2843
2843
2838
2838
2835
2835
2838
2834
2833
2838
2824
2819
2820
2820
2816
2812
2809
2813
2810
2812
2807
2801
2799
2800
2809
2807
2806
2810
2811
2811
2811
2810
2809
2805
2815
2808
2810
2810
2810
2807
2805
2807
2803
2806
2806
2811
2794
2812
2793
2798
2795
2796
2796
2779
2781
2790
2792
2789
2793
2785
2784
2778
2777
2775
2777
2780
2770
2764
2763
2766
2748
2748
2742
2740
2744
2757
2756
2762
2762
2765
2762
2758
2757
2758
2757
2747
2740
2734
2739
2743
2740
2732
2731
2730
2729
2736
2734
2734
2735
2729
2729
2728
2740
2734
2738
2745
2748
2747
2743
2743
2741
2739
2740
2740
2740
2722
2715
2723
2720
2727
2733
2735
2736
2746
2746
2748
2746
2739
2747
2750
2749
2738
2742
2753
2754
2759
2759
2750
2739
2728
2739
2741
2726
2721
2721
2718
2725
2725
2725
2727
2727
2717
2716
2715
2731
2732
2744
2752
2758
2758
2760
2758
2754
2752
2746
2745
2754
2752
2757
2747
2731
2729
2728
2729
2731
2728
2734
2733
2730
2733
2744
2736
2738
2736
2740
2754
2762
2764
2775
2764
2756
2751
2751
2768
2769
2766
2761
2765
2758
2758
2744
2754
2772
2777
2786
2785
2784
2782
2780
2780
2783
2785
2781
2785
2778
2787
2787
2790
2794
2790
2797
2796
2800
2800
2800
2795
2792
2793
2796
2797
2790
2796
2790
2787
2787
2780
2779
2779
2780
2783
2782
2783
2782
2782
2780
2778
2775
2777
2780
2777
2788
2788
2777
2780
2780
2776
2773
2783
2783
2779
2782
2777
2777
2775
2772
2769
2779
2780
2784
2783
2783
2778
2778
2775
2784
2782
2792
2800
2805
2803
2802
2802
2802
2801
2792
2798
2799
2803
2801
2799
2792
2789
2795
2802
2806
2810
2810
2803
2800
2799
2799
2800
2799
2795
2780
2780
2774
2765
2766
2764
2760
2760
2759
2763
2759
2758
2758
2760
2780
2779
2780
2780
2777
2775
2762
2763
2758
2760
2766
2759
2755
2754
2749
2745
2742
2729
2729
2729
2722
2719
2715
2713
2713
2718
2719
2720
2719
2715
2711
2711
2711
2712
2732
2737
2721
2719
2717
2718
2718
2701
2725
2722
2719
2711
2707
2690
2687
2684
2686
2690
2674
2667
2672
2660
2673
2673
2668
2674
2661
2651
2634
2638
2645
2644
2660
2660
2674
2682
2683
2680
2683
2690
2689
2709
2709
2707
2708
2700
2710
2708
2708
2708
2705
2691
2700
2706
2708
2713
2710
2702
2651
2656
2670
2676
2681
2665
2669
2655
2678
2670
2692
2711
2686
2703
2737
2741
2750
2743
2753
2760
2778
2775
2772
2764
2757
2750
2739
2765
2770
2780
2789
2789
2778
2778
2794
2796
2807
2808
2799
2799
2790
2807
2805
2808
2804
2810
2803
2795
2790
2787
2783
2800
2804
2808
2809
2809
2810
2807
2810
2816
2817
2817
2820
2821
2830
2830
2830
2825
2811
2813
2821
2817
2816
2816
2805
2803
2802
2803
2790
2790
2797
2790
2779
2773
2798
2777
2774
2770
2794
2804
2814
2811
2800
2796
2819
2823
2823
2814
2823
2840
2838
2840
2841
2840
2837
2836
2836
2836
2840
2839
2840
2847
2851
2849
2850
2842
2842
2836
2851
2841
2841
2854
2858
2860
2859
2857
2862
2862
2867
2868
2863
2863
2860
2860
2862
2860
2862
2862
2861
2860
2854
2847
2843
2847
2841
2850
2847
2846
2846
2838
2850
2858
2858
2856
2850
2850
2857
2861
2863
2864
2861
2864
2864
2854
2854
2853
2846
2842
2856
2854
2857
2853
2848
2835
2836
2836
2836
2833
2829
2826
2824
2821
2825
2825
2828
2828
2823
2822
2823
2821
2813
2814
2814
2811
2825
2825
2823
2829
2834
2825
2824
2825
2827
2835
2842
2844
2838
2837
2836
2823
2823
2823
2821
2826
2830
2837
2800
2803
2801
2813
2813
2818
2788
2835
2835
2843
2844
2851
2853
2852
2852
2851
2854
2857
2858
2856
2865
2865
2863
2859
2860
2860
2859
2866
2868
2868
2859
2856
2857
2857
2860
2869
2874
2875
2875
2871
2871
2871
2870
2865
2869
2864
2871
2853
2857
2863
2874
2875
2875
2875
2875
2875
2875
2875
2877
2875
2875
2870
2874
2872
2874
2868
2867
2868
2868
2876
2877
2877
2862
2856
2859
2853
2855
2850
2847
2858
2858
2854
2849
2860
2861
2857
2850
2845
2845
2836
2831
2827
2821
2810
2821
2856
2861
2862
2871
2881
2874
2874
2872
2869
2878
2875
2879
2876
2877
2877
2881
2879
2887
2875
2875
2877
2874
2866
2868
2868
2862
2862
2862
2860
2859
2856
2855
2854
2859
2860
2871
2873
2876
2871
2872
2881
2889
2879
2872
2863
2865
2854
2870
2861
2859
2859
2850
2850
2873
2874
2874
2875
2875
2855
2852
2853
2836
2835
2835
2842
2847
2851
2846
2856
2859
2859
2855
2862
2863
2863
2849
2845
2844
2819
2815
2815
2820
2824
2824
2821
2821
2818
2820
2804
2804
2805
2805
2819
2816
2824
2822
2806
2804
2793
2790
2774
2780
2791
2760
2733
2722
2720
2725
2748
2735
2691
2765
2755
2765
2779
2772
2776
2780
2768
2799
2840
2840
2833
2842
2850
2847
2834
2841
2837
2848
2837
2830
2875
2835
2869
2874
2885
2883
2897
2923
2921
2930
2921
2916
2905
2921
2921
2922
2923
2915
2910
2921
2921
2907
2900
2904
2904
2896
2891
2888
2885
2882
2868
2875
2866
2867
2867
2865
2871
2871
2873
2873
2876
2874
2873
2869
2869
2869
2869
2864
2867
2859
2855
2856
2857
2864
2861
2861
2857
2857
2855
2862
2862
2865
2875
2877
2871
2869
2877
2877
2880
2883
2880
2878
2876
2878
2877
2880
2872
2857
2857
2857
2857
2857
2859
2861
2859
2867
2867
2856
2856
2855
2862
2856
2859
2857
2859
2857
2859
2839
2836
2835
2837
2851
2843
2846
2841
2840
2841
2835
2835
2838
2839
2838
2836
2838
2838
2838
2839
2843
2852
2859
2859
2860
2847
2841
2844
2843
2837
2835
2835
2841
2841
2834
2834
2828
2828
2829
2825
2821
2820
2824
2825
2829
2834
2841
2850
2850
2849
2832
2840
2840
2812
2816
2825
2825
2819
2819
2813
2811
2849
2847
2850
2852
2852
2849
2860
2868
2848
2830
2835
2815
2793
2793
2788
2809
2815
2760
2771
2773
2767
2736
2736
2727
2728
2710
2725
2721
2735
2749
2748
2730
2730
2728
2732
2732
2718
2703
2703
2700
2700
2695
2699
2691
2688
2689
2679
2679
2679
2677
2677
2677
2673
2672
2673
2675
2675
2680
2678
2679
2683
2683
2684
2682
2674
2671
2659
2670
2677
2672
2665
2666
2666
2666
2666
2657
2661
2654
2665
2658
2674
2671
2675
2670
2655
2655
2653
2653
2654
2649
2649
2654
2654
2654
2648
2653
2658
2646
2639
2649
2646
2648
2650
2649
2634
2646
2644
2644
2640
2639
2636
2638
2628
2619
2622
2621
2618
2618
2621
2614
2616
2622
2624
2624
2624
2622
2622
2624
2627
2626
2628
2624
2623
2627
2618
2620
2618
2619
2618
2618
2619
2611
2614
2611
2614
2615
2619
2614
2614
2615
2615
2623
2625
2622
2622
2622
2622
2623
2621
2619
2615
2613
2616
2618
2605
2606
2594
2594
2594
2590
2594
2592
2594
2591
2592
2589
2589
2592
2594
2589
2590
2588
2589
2587
2590
2588
2587
2590
2596
2594
2592
2587
2588
2584
2581
2581
2581
2576
2581
2575
2589
2589
2582
2590
2593
2591
2592
2585
2581
2581
2581
2581
2581
2585
2581
2584
2592
2590
2592
2590
2592
2586
2584
2591
2589
2590
2595
2583
2580
2580
2578
2577
2570
2574
2576
2570
2570
2566
2570
2570
2575
2577
2577
2580
2582
2576
2581
2584
2581
2576
2573
2589
2588
2590
2587
2590
2585
2584
2572
2571
2574
2576
2575
2569
2571
2574
2566
2564
2563
2563
2563
2575
2577
2576
2572
2571
2582
2580
2580
2581
2589
2589
2589
2587
2578
2576
2578
2578
2578
2580
2583
2587
2585
2582
2584
2577
2582
2576
2586
2572
2571
2571
2571
2563
2561
2558
2559
2557
2558
2558
2558
2558
2557
2558
2555
2549
2553
2556
2556
2556
2555
2555
2555
2556
2556
2553
2558
2555
2555
2556
2552
2557
2558
2554
2555
2551
2557
2551
2565
2560
2557
2568
2561
2546
2534
2533
2533
2535
2535
2533
2537
2533
2531
2529
2528
2530
2530
2524
2524
2523
2523
2520
2530
2536
2530
2525
2527
2525
2527
2522
2525
2514
2512
2518
2510
2505
2510
2507
2507
2509
2509
2509
2512
2514
2507
2507
2510
2506
2511
2506
2502
2505
2484
2484
2484
2487
2488
2498
2491
2491
2484
2486
2505
2522
2521
2519
2521
2519
2524
2524
2523
2523
2523
2520
2523
2526
2528
2524
2524
2524
2532
2526
2527
2527
2526
2524
2522
2527
2526
2525
2528
2523
2522
2523
2532
2530
2529
2530
2529
2529
2527
2525
2526
2530
2530
2529
2523
2529
2531
2528
2526
2526
2526
2526
2528
2524
2526
2528
2529
2529
2529
2532
2532
2532
2532
2525
2532
2531
2528
2512
2519
2520
2527
2527
2528
2523
2524
2522
2523
2534
2535
2536
2542
2542
2540
2540
2544
2536
2540
2540
2539
2536
2537
2544
2554
2554
2540
2539
2543
2539
2543
2537
2545
2541
2545
2545
2548
2545
2525
2531
2534
2530
2533
2538
2533
2538
2540
2547
2543
2543
2545
2545
2550
2549
2549
2549
2554
2554
2555
2562
2562
2564
2564
2567
2559
2554
2555
2558
2566
2560
2547
2545
2537
2535
2530
2521
2521
2529
2531
2525
2520
2520
2514
2515
2507
2509
2505
2510
2514
2515
2532
2517
2517
2517
2515
2523
2525
2514
2519
2519
2527
2525
2539
2545
2542
2541
2538
2539
2530
2533
2528
2533
2540
2540
2533
2528
2523
2523
2518
2519
2521
2510
2507
2504
2504
2505
2507
2511
2510
2510
2510
2518
2516
2517
2522
2522
2522
2521
2516
2515
2509
2511
2511
2511
2515
2515
2512
2507
2500
2490
2487
2488
2488
2488
2492
2493
2491
2491
2503
2519
2516
2518
2519
2525
2514
2516
2516
2519
2520
2523
2524
2529
2526
2527
2522
2534
2533
2528
2514
2531
2520
2517
2525
2527
2533
2536
2540
2546
2551
2551
2553
2557
2557
2551
2541
2551
2557
2565
2569
2562
2553
2565
2566
2567
2565
2559
2559
2559
2560
2560
2560
2560
2559
2546
2544
2546
2545
2545
2547
2549
2548
2543
2555
2546
2546
2543
2544
2556
2557
2560
2559
2553
2551
2554
2556
2552
2546
2555
2548
2551
2567
2566
2567
2567
2568
2572
2564
2570
2575
2576
2574
2574
2574
2577
2573
2574
2572
2573
2562
2565
2566
2563
2556
2557
2568
2566
2562
2572
2573
2577
2580
2582
2583
2580
2579
2573
2566
2578
2575
2570
2570
2567
2566
2567
2567
2563
2565
2561
2561
2561
2558
2566
2559
2556
2565
2569
2569
2567
2552
2544
2541
2538
2537
2534
2534
2529
2531
2541
2541
2538
2539
2534
2540
2539
2537
2534
2519
2533
2529
2514
2511
2511
2519
2514
2519
2520
2520
2520
2517
2521
2519
2519
2518
2519
2522
2516
2517
2521
2522
2521
2521
2510
2518
2525
2520
2525
2525
2525
2522
2522
2522
2523
2523
2522
2524
2525
2528
2528
2524
2522
2522
2522
2523
2521
2522
2514
2520
2521
2516
2519
2518
2520
2521
2529
2530
2529
2529
2525
2529
2520
2521
2519
2524
2518
2516
2506
2506
2506
2508
2500
2492
2495
2495
2495
2495
2488
2490
2494
2492
2489
2488
2486
2482
2480
2481
2481
2482
2482
2482
2482
2487
2491
2491
2488
2490
2490
2490
2483
2484
2484
2487
2484
2486
2481
2480
2477
2475
2475
2476
2474
2472
2473
2464
2466
2471
2471
2473
2470
2470
2467
2467
2467
2466
2465
2465
2466
2464
2449
2454
2468
2469
2468
2473
2476
2473
2465
2461
2466
2464
2465
2475
2475
2486
2487
2490
2490
2486
2486
2488
2488
2490
2486
2484
2488
2486
2480
2484
2478
2478
2479
2475
2476
2477
2477
2484
2485
2481
2481
2482
2489
2493
2490
2490
2486
2486
2484
2480
2487
2486
2481
2482
2480
2480
2480
2477
2471
2488
2488
2488
2474
2470
2471
2474
2475
2480
2481
2480
2475
2468
2465
2461
2453
2454
2453
2453
2455
2453
2454
2451
2455
2452
2452
2452
2448
2435
2441
2447
2455
2453
2449
2441
2442
2443
2444
2442
2437
2444
2435
2434
2437
2427
2425
2420
2420
2419
2422
2408
2419
2426
2426
2423
2426
2426
2429
2435
2435
2435
2433
2433
2429
2428
2429
2427
2425
2421
2421
2435
2429
2435
2435
2437
2438
2426
2420
2407
2415
2424
2423
2425
2431
2432
2432
2428
2438
2441
2441
2430
2425
2424
2424
2424
2421
2422
2422
2415
2416
2417
2421
2421
2421
2418
2418
2413
2413
2412
2409
2412
2410
2406
2405
2416
2412
2407
2400
2376
2395
2396
2395
2403
2414
2420
2419
2422
2410
2410
2408
2408
2408
2408
2402
2400
2419
2425
2435
2435
2432
2429
2438
2436
2436
2433
2439
2438
2441
2436
2439
2439
2440
2436
2430
2430
2430
2430
2430
2430
2428
2419
2419
2416
2419
2414
2418
2421
2422
2420
2419
2416
2420
2423
2423
2435
2434
2427
2427
2424
2423
2435
2437
2437
2437
2439
2439
2437
2437
2437
2429
2433
2436
2434
2436
2432
2432
2428
2428
2421
2425
2428
2428
2432
2420
2423
2423
2424
2423
2416
2416
2424
2428
2431
2420
2433
2434
2439
2438
2435
2433
2430
2437
2442
2443
2443
2444
2447
2447
2445
2447
2445
2450
2449
2447
2442
2444
2448
2444
2445
2449
2448
2443
2440
2441
2436
2439
2435
2430
2430
2431
2431
2433
2433
2434
2433
2435
2435
2435
2442
2439
2441
2437
2435
2425
2426
2430
2430
2437
2442
2437
2440
2445
2444
2437
2445
2445
2445
2444
2441
2444
2441
2438
2441
2442
2441
2441
2440
2437
2430
2422
2423
2425
2425
2421
2425
2425
2422
2421
2425
2425
2423
2421
2411
2417
2420
2420
2418
2417
2419
2417
2419
2409
2410
