9146
9142
9137
9127
9133
9129
9140
9133
9123
9111
9096
9099
9080
9073
9071
9079
9101
9095
9099
9100
9110
9092
9085
9079
9077
9096
9084
9079
9062
9056
9065
9078
9078
9069
9052
9050
9053
9066
9075
9070
9107
9142
9140
9150
9149
9136
9136
9130
9127
9130
9137
9134
9156
9152
9157
9146
9158
9161
9162
9167
9152
9149
9141
9141
9146
9150
9170
9157
9156
9170
9170
9179
9170
9160
9156
9154
9129
9125
9121
9129
9139
9134
9126
9128
9128
9130
9118
9109
9113
9115
9122
9122
9139
9138
9145
9145
9153
9151
9140
9149
9150
9155
9143
9145
9144
9145
9143
9148
9139
9134
9147
9147
9138
9134
9130
9108
9093
9075
9081
9079
9078
9068
9066
9070
9065
9063
9064
9063
9055
9058
9062
9064
9075
9087
9087
9081
9077
9088
9079
9079
9092
9061
9062
9073
9079
9062
9057
9061
9053
9039
9041
9045
9053
9063
9051
9053
9055
9048
9020
9019
9019
9034
9029
9028
9021
9005
9015
9025
9022
9021
9036
9041
9037
9027
9017
9016
9019
9014
9029
9028
9032
9036
9044
9045
9032
9027
9021
9029
9029
9025
8993
8998
9007
9009
9027
9015
9018
9022
9016
9015
9027
9070
9062
9076
9081
9072
9082
9093
9091
9080
9094
9088
9088
9088
9053
9053
9053
9073
9057
9038
9035
9059
9053
9053
9059
9074
9066
9071
9089
9082
9083
9075
9075
9078
9078
9078
9080
9076
9067
9072
9080
9090
9092
9040
9035
9027
9029
9022
8990
9006
9003
9039
9017
8987
8996
8998
9001
8992
8974
8958
8965
8979
8984
8990
8994
8994
8985
8971
8974
8978
8974
8977
8979
8982
8984
8949
8945
8988
8987
8984
8973
8977
8975
8999
8997
8990
8977
8988
8967
8953
8957
8957
8961
8980
8984
8963
8984
8979
8974
8974
8975
8966
8962
8954
8950
8940
8957
8926
8930
8942
8926
8926
8936
8929
8914
8909
8926
8910
8940
8928
8929
8921
8919
8904
8903
8920
8912
8910
8928
8908
8886
8880
8902
8917
8909
8923
8920
8915
8920
8915
8926
8920
8928
8931
8919
8907
8912
8903
8896
8892
8895
8860
8868
8896
8896
8888
8880
8871
8883
8875
8859
8827
8929
8950
8944
8947
8962
8987
8983
8970
8991
8995
9013
9012
9006
9023
9037
9033
9037
9038
9039
9017
9009
9015
9015
9019
9015
9021
9024
9018
8999
9010
9006
9000
9000
8996
9022
9038
9053
9042
9042
9039
9044
9050
9035
9042
9039
9044
9045
9041
9038
9051
9040
9036
9024
8985
8982
8973
8982
8981
8986
8978
8985
8989
8970
8979
8979
8974
8965
8963
8971
8975
8983
8977
8965
8945
8959
8956
8962
8960
8967
8974
8965
8959
8957
8950
8958
8965
8972
8949
8934
8936
8923
8947
8947
8978
8990
8988
8985
8984
8978
8964
8999
8967
8973
8980
8974
8966
8944
8930
8954
8974
8980
8981
8977
8962
8964
8993
9016
8996
8996
9004
9022
9025
9017
8995
8992
8985
8943
8984
8983
8980
8988
8972
8978
8966
8960
8969
8973
8927
8931
8970
8970
9002
9016
8997
8976
9035
9037
9063
9104
9116
9145
9159
9180
9199
9207
9205
9237
9218
9228
9249
9239
9229
9235
9205
9220
9212
9175
9217
9254
9245
9255
9256
9262
9262
9263
9266
9259
9256
9275
9281
9249
9222
9220
9225
9228
9230
9238
9239
9248
9248
9248
9241
9231
9239
9232
9248
9260
9228
9250
9252
9254
9272
9294
9302
9292
9303
9302
9315
9324
9329
9330
9318
9326
9302
9301
9290
9294
9298
9291
9275
9346
9315
9338
9340
9340
9344
9345
9350
9332
9322
9322
9312
9315
9326
9319
9331
9326
9329
9298
9298
9296
9297
9296
9300
9292
9272
9283
9296
9297
9301
9299
9300
9300
9313
9328
9329
9312
9305
9293
9298
9288
9297
9270
9266
9276
9270
9286
9282
9258
9256
9270
9274
9250
9258
9256
9261
9262
9277
9269
9277
9279
9278
9280
9285
9279
9281
9282
9266
9281
9285
9287
9298
9294
9287
9301
9298
9300
9296
9279
9281
9285
9293
9312
9297
9292
9296
9286
9290
9296
9290
9287
9288
9281
9268
9274
9273
9266
9267
9248
9253
9243
9250
9264
9255
9263
9264
9265
9269
9269
9258
9254
9276
9257
9180
9186
9185
9186
9192
9210
9192
9208
9214
9216
9202
9216
9216
9220
9231
9227
9187
9181
9188
9181
9174
9142
9152
9150
9156
9237
9236
9249
9242
9234
9231
9197
9209
9196
9205
9215
9223
9219
9232
9225
9226
9240
9243
9307
9306
9291
9320
9292
9300
9310
9295
9289
9283
9304
9316
9310
9314
9314
9299
9335
9339
9343
9336
9344
9338
9342
9328
9340
9338
9335
9318
9303
9304
9286
9285
9281
9284
9282
9282
9295
9308
9297
9281
9277
9278
9313
9319
9307
9311
9292
9284
9295
9305
9343
9376
9365
9383
9377
9404
9408
9389
9384
9402
9412
9432
9431
9427
9419
9419
9414
9412
9407
9409
9410
9415
9425
9425
9410
9406
9402
9400
9380
9373
9408
9414
9407
9373
9360
9340
9355
9375
9408
9420
9418
9417
9393
9407
9397
9397
9392
9403
9391
9386
9405
9413
9378
9381
9401
9389
9419
9410
9412
9410
9405
9390
9400
9388
9384
9380
9366
9377
9386
9351
9345
9345
9323
9319
9330
9329
9333
9335
9342
9324
9332
9342
9327
9331
9328
9323
9311
9304
9298
9295
9307
9307
9308
9292
9285
9291
9289
9280
9311
9308
9304
9300
9299
9314
9322
9321
9321
9321
9323
9347
9351
9340
9329
9322
9320
9323
9304
9304
9317
9304
9297
9295
9319
9315
9315
9315
9306
9323
9272
9271
9264
9242
9262
9311
9302
9293
9301
9306
9305
9318
9311
9320
9319
9321
9330
9328
9334
9348
9334
9322
9313
9308
9309
9300
9286
9287
9297
9304
9300
9312
9306
9306
9298
9307
9300
9276
9290
9299
9340
9330
9328
9320
9327
9323
9325
9313
9320
9319
9309
9309
9309
9307
9325
9305
9294
9303
9300
9295
9280
9260
9260
9265
9260
9264
9278
9276
9279
9274
9243
9239
9227
9256
9262
9258
9266
9262
9299
9267
9265
9262
9243
9233
9219
9238
9217
9238
9246
9248
9192
9198
9200
9214
9237
9229
9273
9268
9234
9304
9301
9288
9284
9322
9299
9308
9300
9279
9279
9278
9299
9300
9318
9325
9320
9286
9239
9235
9295
9290
9299
9327
9352
9361
9392
9388
9405
9411
9427
9425
9432
9448
9447
9447
9446
9435
9450
9449
9455
9453
9443
9462
9457
9454
9474
9468
9475
9473
9462
9469
9447
9443
9435
9444
9405
9389
9418
9394
9443
9434
9442
9439
9454
9462
9467
9461
9461
9451
9450
9461
9464
9469
9471
9459
9472
9472
9479
9469
9478
9482
9481
9477
9481
9478
9446
9461
9446
9453
9463
9480
9490
9470
9465
9490
9464
9485
9490
9489
9508
9500
9477
9474
9470
9474
9470
9465
9469
9527
9520
9538
9532
9504
9486
9480
9473
9428
9456
9462
9492
9479
9482
9491
9491
9480
9483
9445
9427
9426
9385
9387
9388
9380
9387
9393
9398
9406
9399
9396
9415
9409
9403
9420
9425
9385
9360
9353
9342
9362
9345
9354
9351
9348
9355
9363
9363
9363
9359
9364
9351
9351
9346
9343
9336
9347
9346
9340
9348
9343
9331
9341
9330
9317
9338
9333
9312
9314
9305
9276
9268
9258
9260
9314
9322
9335
9323
9338
9323
9314
9310
9325
9341
9346
9350
9335
9405
9407
9397
9399
9410
9411
9424
9429
9381
9398
9388
9371
9390
9405
9395
9386
9384
9378
9383
9389
9390
9390
9393
9401
9410
9410
9388
9368
9363
9375
9389
9390
9354
9352
9314
9297
9302
9296
9288
9318
9339
9338
9333
9332
9331
9330
9311
9309
9309
9291
9294
9286
9296
9312
9329
9353
9348
9324
9360
9371
9338
9325
9310
9306
9301
9311
9306
9273
9274
9275
9265
9300
9305
9301
9280
9312
9320
9320
9333
9400
9410
9418
9403
9389
9389
9399
9396
9377
9368
9353
9363
9364
9401
9384
9359
9352
9343
9366
9361
9354
9368
9362
9355
9344
9289
9236
9246
9230
9220
9230
9185
9188
9182
9191
9200
9194
9198
9223
9223
9220
9235
9237
9241
9266
9242
9255
9236
9226
9241
9262
9296
9288
9280
9283
9299
9287
9281
9248
9251
9251
9257
9217
9188
9206
9222
9282
9316
9299
9314
9298
9329
9316
9287
9282
9241
9200
9146
9096
9092
9096
9094
9089
9106
9113
9124
9122
9122
9120
9123
9137
9152
9150
9139
9143
9151
9143
9119
9170
9177
9168
9164
9164
9158
9176
9166
9170
9152
9151
9154
9141
9147
9147
9144
9143
9139
9124
9132
9130
9144
9132
9135
9131
9145
9125
9107
9132
9144
9136
9132
9130
9127
9142
9137
9138
9126
9121
9109
9138
9143
9134
9130
9148
9116
9110
9110
9093
9093
9100
9100
9099
9078
9080
9077
9081
9070
9060
9066
9057
9045
9064
9064
9072
9073
9090
9094
9062
9063
9094
9106
9094
9086
9073
9073
9079
9063
9081
9055
9042
9024
9030
9013
9012
9017
9022
9005
8991
9015
9008
8999
9028
9013
8998
8981
8982
8977
8964
8959
8961
8930
8926
8915
8920
8910
8899
8902
8874
8875
8959
8985
8994
8988
8983
8992
9053
9036
9031
9023
9031
9056
9060
9059
9063
9062
9075
9073
9075
9060
9063
9055
9068
9065
9040
9038
9039
9031
9025
9012
9000
9028
9028
9004
8994
8991
9003
8990
8990
8989
8991
9010
9029
9013
9027
8945
8988
9007
8977
8965
9014
9076
9068
9125
9141
9098
9116
9097
9190
9193
9195
9179
9185
9195
9165
9169
9187
9186
9191
9217
9220
9237
9248
9243
9257
9249
9239
9243
9243
9232
9261
9277
9272
9272
9275
9280
9269
9286
9286
9295
9294
9293
9299
9289
9280
9269
9276
9271
9277
9284
9273
9280
9279
9283
9271
9276
9279
9299
9290
9273
9269
9270
9268
9237
9229
9245
9239
9247
9249
9245
9231
9232
9243
9222
9244
9243
9255
9254
9249
9249
9249
9244
9241
9244
9240
9240
9250
9242
9229
9223
9225
9200
9205
9221
9224
9227
9227
9190
9190
9179
9169
9234
9256
9255
9259
9262
9280
9302
9330
9330
9342
9334
9329
9340
9339
9337
9325
9311
9320
9342
9313
9346
9352
9345
9373
9362
9371
9379
9355
9353
9348
9355
9363
9359
9325
9333
9370
9360
9345
9358
9344
9297
9270
9255
9255
9258
9269
9275
9260
9260
9250
9260
9257
9257
9251
9250
9277
9267
9252
9249
9259
9259
9267
9256
9255
9260
9265
9268
9280
9270
9245
9235
9219
9228
9207
9208
9208
9201
9208
9227
9227
9245
9242
9236
9232
9233
9246
9240
9242
9238
9228
9222
9218
9235
9211
9183
9186
9185
9185
9193
9180
9200
9211
9207
9205
9220
9195
9188
9198
9210
9211
9211
9219
9217
9209
9201
9213
9237
9226
9234
9221
9208
9205
9211
9208
9212
9213
9187
9186
9205
9137
9141
9184
9186
9196
9166
9216
9210
9227
9242
9235
9234
9233
9233
9242
9245
9262
9268
9270
9258
9265
9261
9275
9262
9248
9239
9250
9248
9252
9252
9258
9260
9277
9255
9248
9253
9270
9249
9222
9253
9251
9234
9262
9260
9292
9283
9290
9290
9301
9295
9296
9259
9247
9254
9221
9214
9235
9248
9253
9233
9259
9227
9182
9177
9166
9177
9148
9140
9145
9158
9147
9171
9152
9144
9129
9125
9091
9114
9121
9121
9124
9100
9168
9140
9120
9098
9111
9122
9104
9120
9081
9072
9068
9083
9081
9088
9067
9046
9046
9050
8879
8869
8863
8868
8868
8854
8836
8858
8842
8843
8837
8839
8843
8848
8845
8867
8861
8859
8856
8859
8863
8882
8848
8835
8839
8836
8855
8842
8850
8845
8843
8842
8849
8850
8860
8883
8862
8884
8879
8881
8872
8863
8874
8869
8866
8837
8852
8836
8809
8801
8791
8775
8788
8782
8806
8809
8787
8778
8791
8809
8818
8792
8778
8785
8795
8802
8812
8812
8812
8807
8811
8805
8786
8786
8772
8782
8780
8842
8836
8840
8836
8842
8820
8839
8831
8824
8839
8830
8810
8854
8859
8862
8855
8850
8879
8892
8890
8890
8900
8913
8912
8906
8906
8899
8874
8868
8876
8875
8876
8880
8888
8891
8912
8922
8917
8897
8881
8884
8856
8855
8850
8854
8842
8837
8839
8856
8853
8859
8867
8870
8882
8895
8857
8834
8840
8830
8835
8826
8835
8833
8840
8851
8770
8752
8775
8774
8777
8747
8756
8725
8684
8704
8739
8748
8740
8743
8743
8747
8732
8740
8724
8702
8729
8715
8704
8770
8738
8725
8762
8871
8866
8867
8848
8858
8858
8852
8820
8820
8822
8832
8817
8815
8815
8808
8824
8809
8823
8800
8797
8796
8782
8813
8870
8909
8924
8895
8893
8907
8885
8885
8885
8887
8893
8882
8896
8940
8915
8917
8911
8904
8904
8907
8903
8893
8873
8869
8866
8864
8861
8864
8849
8846
8835
8805
8803
8807
8793
8806
8843
8877
8877
8875
8870
8854
8844
8851
8862
8877
8855
8835
8836
8826
8826
8833
8815
8809
8803
8759
8769
8770
8810
8819
8837
8802
8787
8790
8800
8809
8799
8788
8807
8753
8747
8753
8795
8783
8759
8722
8795
8774
8665
8684
8773
8791
8797
8779
8792
8801
8821
8785
8850
8863
8923
8898
8913
8909
8905
8931
8994
8978
8969
8957
9010
9071
9090
9101
9110
9107
9100
9103
9098
9129
9175
9168
9173
9174
9169
9165
9157
9139
9136
9126
9131
9139
9126
9122
9140
9120
9099
9091
9080
9068
9068
9070
9068
9087
9062
9045
9050
9045
9051
9050
9046
9045
9039
9045
9035
9046
9025
8958
8969
8977
8992
8991
8984
8950
8989
9015
9007
9009
8999
8992
8979
8990
9045
9047
9014
9010
9025
9000
8984
9016
9029
9041
9050
9085
9067
9054
9040
8983
8975
8959
8968
8964
8937
8914
8930
8918
8922
8912
8899
8854
8913
8888
8888
8873
8917
8931
8932
8936
8965
8945
8930
8926
8910
8942
8902
8921
8903
8908
8845
8766
8792
8813
8853
8882
8835
8894
8963
8920
8994
9023
9043
9013
9060
9048
9035
9061
9046
9154
9159
9157
9152
9167
9151
9135
9143
9171
9159
9179
9162
9134
9120
9125
9130
9124
9126
9110
9131
9138
9136
9168
9142
9144
9218
9198
9164
9162
9150
9162
9131
9097
9052
9084
9072
9068
9103
9088
9085
9078
9075
9082
9120
9165
9128
9059
9191
9200
9180
9211
9257
9275
9296
9294
9308
9276
9291
9286
9293
9275
9276
9277
9276
9328
9348
9338
9354
9336
9335
9313
9351
9339
9326
9341
9316
9329
9347
9350
9337
9396
9414
9373
9398
9441
9452
9440
9431
9431
9421
9395
9417
9432
9441
9440
9427
9443
9446
9453
9450
9445
9442
9430
9439
9443
9449
9422
9424
9460
9464
9485
9463
9408
9394
9351
9389
9391
9388
9393
9413
9402
9392
9361
9350
9319
9361
9340
9296
9343
9350
9328
9307
9315
9280
9420
9446
9456
9456
9515
9490
9433
9540
9595
9639
9643
9620
9624
9643
9611
9666
9667
9682
9687
9702
9692
9716
9730
9710
9726
9744
9729
9713
9684
9653
9660
9679
9668
9640
9645
9641
9610
9600
9577
9544
9515
9586
9564
9501
9523
9523
9563
9627
9636
9665
9675
9631
9643
9672
9718
9716
9686
9663
9690
9665
9657
9643
9626
9587
9575
9575
9566
9567
9555
9550
9545
9575
9569
9551
9580
9557
9520
9495
9478
9471
9467
9466
9484
9479
9490
9489
9468
9474
9482
9484
9481
9464
9448
9448
9448
9443
9437
9421
9428
9426
9423
9440
9443
9445
9454
9457
9442
9452
9417
9388
9376
9345
9404
9386
9386
9386
9381
9372
9380
9380
9380
9386
9388
9370
9384
9385
9365
9386
9400
9406
9403
9393
9387
9392
9385
9376
9384
9380
9359
9346
9344
9358
9350
9338
9327
9335
9339
9337
9336
9333
9333
9350
9340
9350
9366
9358
9353
9350
9348
9350
9352
9344
9352
9343
9347
9340
9327
9338
9344
9340
9400
9340
9344
9313
9297
9303
9317
9311
9316
9294
9296
9283
9286
9281
9291
9329
9358
9368
9381
9409
9406
9387
9366
9365
9341
9346
9341
9360
9357
9350
9347
9335
9331
9333
9332
9330
9337
9327
9331
9327
9321
9330
9331
9325
9332
9321
9321
9317
9296
9299
9298
9290
9306
9307
9293
9327
9330
9328
9335
9320
9322
9296
9302
9294
9294
9301
9299
9290
9330
9300
9296
9291
9298
9293
9275
9288
9278
9271
9270
9260
9255
9257
9267
9275
9263
9258
9257
9257
9263
9265
9249
9248
9240
9240
9236
9220
9224
9225
9226
9222
9239
9242
9242
9235
9239
9222
9218
9215
9200
9210
9231
9234
9240
9250
9249
9245
9245
9249
9242
9225
9235
9245
9247
9248
9238
9256
9257
9261
9265
9266
9261
9270
9277
9292
9250
9256
9261
9232
9221
9229
9237
9218
9220
9247
9245
9239
9224
9231
9222
9219
9212
9216
9220
9220
9220
9196
9195
9192
9196
9192
9199
9200
9194
9191
9190
9198
9207
9200
9199
9195
9193
9187
9187
9178
9194
9190
9185
9184
9190
9190
9175
9191
9195
9217
9229
9197
9190
9193
9188
9184
9195
9183
9170
9168
9190
9174
9165
9167
9165
9161
9160
9150
9125
9143
9150
9147
9150
9165
9169
9175
9183
9177
9161
9154
9158
9192
9015
8995
8952
8961
8943
8940
8945
8941
8938
8931
8940
8937
8929
8930
8923
8922
8940
8943
8943
8925
8936
8930
8928
8922
8932
8934
8938
8939
8935
8935
8935
8915
8921
8927
8920
8926
8927
8927
8934
8921
8928
8928
8918
8930
8939
8919
8932
8930
8905
8876
8875
8875
8875
8882
8882
8873
8870
8861
8853
8852
8842
8873
8882
8879
8894
8901
8907
8904
8903
8902
8897
8902
8906
8910
8913
8910
8907
8904
8904
8897
8904
8896
8889
8893
8895
8892
8886
8894
8882
8877
8876
8882
8875
8875
8883
8892
8898
8897
8883
8903
8896
8912
8917
8914
8914
8909
8909
8932
8933
8910
8905
8907
8916
8898
8900
8910
8905
8905
8926
8927
8928
8938
8917
8911
8912
8914
8907
8878
8874
8908
8908
8912
8907
8912
8896
8914
8914
8924
8941
8943
8947
8939
8927
8920
8930
8935
8933
8932
8942
8944
8945
8943
8949
8920
8969
8965
8953
8935
8933
8931
8924
8931
8917
8923
8916
8906
8915
8915
8912
8906
8906
8905
8908
8899
8904
8893
8892
8907
8899
8904
8904
8913
8916
8920
8905
8899
8894
8885
8894
8885
8903
8906
8892
8890
8882
8888
8890
8860
8865
8894
8900
8906
8909
8915
8919
8905
8923
8935
8924
8915
8903
8945
8945
8960
8933
8942
8941
8935
8929
8927
8934
8927
8927
8941
8957
8914
8907
8918
8911
8896
8861
8862
8856
8862
8866
8860
8860
8860
8862
8852
8865
8883
8870
8850
8855
8852
8851
8848
8847
8851
8846
8852
8850
8858
8862
8865
8859
8854
8852
8840
8843
8856
8856
8865
8870
8882
8886
8880
8887
8889
8888
8875
8863
8851
8852
8865
8858
8869
8861
8849
8853
8883
8881
8884
8863
8849
8861
8841
8829
8834
8839
8838
8832
8800
8818
8821
8836
8830
8830
8828
8819
8836
8829
8826
8815
8839
8842
8839
8828
8823
8816
8822
8813
8792
8794
8796
8790
8813
8801
8808
8799
8802
8791
8810
8817
8768
8776
8832
8829
8841
8848
8850
8846
8854
8876
8857
8846
8859
8904
8900
8909
8901
8903
8917
8900
8905
8911
8903
8894
8901
8909
8909
8895
8896
8880
8876
8883
8892
8904
8883
8881
8859
8870
8876
8884
8888
8910
8913
8917
8917
8920
8915
8897
8875
8925
8942
8952
8950
8953
8953
8940
8935
8929
8955
8929
8924
8922
8928
8937
8941
8941
8938
8935
8920
8933
8941
8934
8930
8923
8932
8927
8939
8932
8935
8918
8916
8916
8909
8908
8899
8884
8882
8889
8953
8954
8968
8972
9010
8941
8933
8950
8930
8949
8958
8961
8961
8980
8974
8961
8954
8959
8992
8972
8961
8952
8952
8950
8944
8944
8947
8949
8931
8925
8924
8927
8889
8880
8873
8877
8891
8897
8882
8880
8876
8886
8889
8890
8896
8877
8879
8877
8870
8866
8881
8877
8857
8883
8879
8872
8854
8858
8829
8819
8852
8810
8800
8954
8960
8976
8979
8965
8963
8968
8970
8970
8954
8955
8953
8956
8933
8923
8940
8950
8930
8950
8939
8922
8923
8921
8914
8923
8921
8914
8927
8922
8908
8907
8904
8903
8892
8911
8918
8913
8938
8943
8961
8927
8914
8911
8914
8888
8883
8876
8869
8849
8869
8868
8867
8861
8866
8866
8865
8860
8857
8858
8901
8873
8882
8878
8878
8876
8866
8855
8873
8871
8866
8866
8868
8868
8863
8860
8857
8857
8857
8857
8849
8846
8846
8843
8840
8847
8850
8852
8854
8858
8851
8853
8869
8868
8882
8862
8849
8841
8846
8835
8835
8836
8826
8825
8815
8812
8816
8825
8820
8820
8825
8821
8812
8821
8817
8814
8821
8829
8830
8819
8843
8860
8868
8861
8873
8864
8870
8873
8866
8872
8867
8874
8867
8866
8861
8865
8869
8862
8857
8858
8838
8842
8838
8836
8829
8837
8830
8834
8839
8831
8823
8840
8846
8822
8823
8817
8810
8818
8810
8811
8809
8815
8832
8833
8830
8819
8825
8850
8848
8866
8885
8873
8873
8886
8891
8912
8849
8842
8846
8842
8836
8838
8835
8799
8797
8796
8818
8818
8818
8816
8809
8797
8783
8802
8805
8805
8791
8790
8788
8789
8790
8794
8780
8773
8780
8778
8779
8811
8810
8787
8781
8750
8753
8768
8780
8778
8770
8748
8724
8724
8746
8747
8761
8745
8763
8756
8789
8783
8786
8786
8770
8783
8793
8796
8813
8805
8795
8793
8805
8796
8793
8787
8802
8802
8794
8797
8779
8772
8749
8741
8755
8765
8741
8749
8781
8782
8781
8787
8785
8778
8773
8778
8765
8820
8827
8820
8826
8800
8833
8840
8847
8827
8819
8812
8838
8799
8780
8790
8790
8784
8778
8768
8747
8751
8776
8759
8759
8759
8763
8766
8779
8770
8770
8768
8752
8767
8774
8752
8747
8752
8751
8707
8729
8716
8724
8735
8725
8739
8767
8770
8769
8761
8732
8733
8749
8731
8724
8725
8710
8689
8696
8686
8692
8697
8694
8676
8627
8610
8611
8630
8641
8680
8690
8720
8742
8744
8715
8680
8684
8685
8711
8707
8737
8745
8746
8743
8748
8741
8730
8745
8749
8747
8700
8682
8665
8713
8766
8763
8766
8773
8775
8780
8780
8805
8792
8796
8787
8794
8801
8813
8782
8748
8780
8787
8792
8778
8779
8869
8841
8879
8901
8926
8933
8929
8896
8964
8962
8973
8978
9017
8964
8960
8936
8924
8919
8925
8930
8914
8910
8906
8908
8910
8897
8898
8894
8900
8893
8883
8876
8857
8850
8850
8855
8865
8854
8857
8855
8850
8845
8852
8853
8853
8858
8858
8856
8837
8828
8847
8843
8860
8852
8869
8856
8857
8858
8858
8854
8855
8847
8844
8860
8864
8843
8849
8855
8858
8845
8830
8830
8822
8847
8851
8855
8865
8861
8847
8847
8859
8846
8844
8838
8833
8805
8821
8822
8822
8800
8798
8803
8786
8790
8786
8778
8786
8802
8807
8815
8820
8838
8803
8837
8837
8839
8843
8844
8841
8845
8846
8847
8842
8848
8848
8866
8866
8854
8845
8831
8806
8800
8827
8827
8825
8846
8860
8851
8912
8887
8710
8712
8697
8619
8551
8540
8520
8529
8530
8544
8544
8544
8543
8544
8538
8516
8521
8522
8528
8527
8516
8514
8516
8520
8518
8515
8515
8513
8510
8494
8496
8499
8504
8500
8515
8536
8525
8530
8523
8524
8520
8520
8516
8511
8510
8503
8503
8504
8504
8509
8507
8517
8511
8520
8504
8500
8495
8487
8484
8494
8494
8493
8499
8490
8487
8491
8487
8502
8502
8506
8509
8513
8503
8506
8513
8516
8518
8514
8513
8515
8497
8502
8462
8465
8464
8480
8476
8474
8471
8479
8470
8453
8471
8478
8487
8486
8487
8483
8495
8493
8496
8500
8495
8489
8481
8487
8487
8491
8497
8493
8505
8506
8499
8498
8505
8503
8485
8507
8501
8507
8524
8528
8526
8515
8524
8516
8534
8533
8548
8540
8550
8546
8551
8531
8524
8526
8519
8506
8506
8511
8512
8501
8508
8512
8512
8521
8520
8516
8500
8482
8484
8489
8500
8375
8325
8329
8329
8322
8320
8311
8304
8303
8313
8317
8314
8319
8316
8318
8329
8318
8321
8323
8302
8302
8312
8306
8298
8293
8294
8305
8309
8313
8312
8316
8315
8312
8296
8332
8332
8334
8334
8330
8332
8325
8335
8334
8340
8340
8334
8332
8344
8348
8346
8350
8344
8332
8338
8337
8330
8328
8322
8323
8323
8304
8305
8306
8302
8301
8299
8283
8293
8288
8290
8269
8267
8273
8284
8284
8285
8268
8270
8285
8296
8288
8275
8284
8267
8274
8257
8223
8262
8276
8271
8287
8273
8279
8289
8274
8280
8292
8280
8284
8275
8275
8286
8298
8321
8326
8324
8336
8333
8338
8337
8337
8337
8349
8348
8345
8348
8344
8344
8340
8331
8338
8333
8335
8338
8339
8341
8334
8315
8375
8360
8380
8355
8355
8350
8352
8349
8342
8342
8333
8318
8327
8328
8332
8336
8327
8342
8334
8341
8347
8350
8344
8335
8350
8273
8277
8281
8284
8285
8283
8276
8276
8273
8271
8270
8263
8264
8266
8272
8253
8244
8246
8252
8262
8274
8271
8290
8290
8280
8280
8280
8265
8261
8263
8267
8269
8274
8272
8267
8266
8267
8280
8269
8270
8259
8264
8270
8259
8260
8265
8265
8243
8244
8248
8228
8233
8232
8227
8239
8236
8239
8236
8249
8245
8248
8217
8252
8243
8257
8263
8259
8263
8262
8262
8256
8259
8253
8248
8240
8260
8276
8260
8260
8261
8251
8246
8270
8276
8270
8264
8264
8263
8273
8273
8263
8242
8239
8250
8245
8242
8239
8243
8233
8233
8242
8234
8239
8242
8250
8248
8253
8237
8233
8236
8291
8258
8257
8245
8231
8221
8230
8229
8232
8219
8217
8228
8228
8230
8229
8225
8227
8222
8237
8233
8229
8225
8236
8231
8181
8213
8229
8223
8221
8224
8223
8215
8217
8245
8241
8239
8229
8227
8222
8229
8223
8225
8223
8211
8206
8192
8182
8195
8200
8202
8199
8210
8210
8213
8207
8199
8204
8214
8212
8210
8211
8218
8216
8223
8212
8222
8222
8231
8230
8225
8215
8225
8221
8213
8219
8216
8217
8215
8210
8209
8221
8223
8217
8210
8215
8211
8212
8227
8220
8234
8242
8221
8235
8209
8201
8210
8197
8188
8169
8189
8187
8178
8177
8185
8180
8185
8182
8178
8168
8220
8191
8190
8182
8172
8163
8161
8169
8167
8164
8168
8154
8159
8137
8162
8169
8163
8205
8187
8187
8190
8183
8180
8171
8176
8176
8175
8166
8177
8168
8172
8183
8197
8189
8188
8185
8185
8180
8178
8177
8175
8170
8171
8175
8176
8164
8170
8176
8172
8180
8181
8169
8179
8175
8171
8178
8178
8161
8166
8167
8165
8147
8167
8174
8175
8171
8186
8187
8188
8192
8193
8185
8186
8182
8180
8181
8185
8191
8218
8215
8234
8247
8257
8173
8170
8184
8184
8174
8166
8169
8151
8176
8173
8188
8184
8188
8192
8190
8186
8190
8187
8190
8152
8146
8148
8144
8142
8137
8148
8145
8141
8143
8151
8160
8154
8154
8151
8144
8156
8150
8150
8136
8145
8145
8139
8142
8136
8155
8152
8155
8163
8173
8172
8162
8155
8168
8177
8175
8173
8158
8158
8168
8169
8165
8165
8157
8160
8167
8165
8183
8200
8197
8198
8200
8200
8200
8199
8197
8187
8194
8195
8180
8188
8180
8181
8189
8186
8182
8195
8190
8190
8192
8205
8210
8213
8223
8116
8123
8113
8117
8118
8111
8114
8116
8125
8115
8118
8102
8103
8095
8098
8104
8096
8104
8104
8104
8092
8114
8111
8113
8111
8108
8113
8123
8115
8122
8114
8111
8107
8096
8117
8122
8121
8125
8124
8130
8126
8116
8129
8129
8121
8116
8117
8111
8130
8121
8121
8131
8134
8093
8020
8019
8017
8017
8017
8018
8018
8024
8025
8027
8020
8020
8006
8005
8005
8013
8005
8009
8003
8002
7992
7995
7965
7942
8086
8094
8086
8094
8088
8091
8099
8101
8092
8090
8100
8096
8097
8104
8094
8086
8092
8093
8095
8095
8092
8096
8105
8100
8098
8098
8099
8084
8087
8098
8099
8098
8098
8103
8109
8103
8103
8110
8116
8110
8104
8107
8102
8107
8105
8097
8097
8092
8093
8088
8083
8099
8091
8089
8090
8087
8097
8093
8095
8104
8111
8106
8095
8101
8111
8107
8102
8100
8100
8100
8102
8088
8090
8086
8093
8099
8100
8110
8098
8082
8097
8102
8106
8102
8088
8093
8090
8090
8084
8086
8095
8092
8106
8104
8107
8112
8114
8116
8120
8114
8116
8108
8106
8108
8107
8116
8113
8122
8121
8123
8110
8110
8118
8117
8125
8127
8130
7932
7925
7891
7891
7923
7938
7918
7925
7914
7925
7921
7925
7918
7916
7917
7933
7928
7936
7930
7934
7927
7927
7930
7929
7932
7929
7923
7919
7914
7913
7914
7920
7917
7914
7906
7924
7917
7924
7925
7950
7926
7926
7926
7920
7927
7924
7920
7918
7918
7923
7913
7920
7912
7917
7917
7917
7911
7913
7914
7916
7919
7921
7928
7930
7924
7933
7934
7940
7944
7943
7944
7939
7936
7939
7934
7940
7937
7932
7925
7938
7937
7940
7928
7936
7927
7931
7937
7940
7921
7925
7919
7927
7918
7909
7909
7913
7919
7911
7910
7919
7912
7902
7899
7883
7878
7887
7892
7897
7899
7898
7883
7893
7891
7880
7874
7882
7895
7889
7892
7890
7886
7895
7895
7884
7891
7885
7895
7895
7894
7896
7889
7889
7903
7898
7890
7892
7880
7883
7892
7900
7917
7914
7916
7921
7922
7923
7915
7900
7899
7890
7897
7901
7916
7900
7922
7926
7911
7911
7893
7905
7889
7880
7883
7885
7858
7861
7877
7881
7879
7892
7896
7893
7897
7880
7875
7880
7890
7888
7870
7859
7926
7956
8086
8086
8087
8086
8094
8077
8077
8081
8077
8077
8086
8078
8088
8085
8085
8089
8095
8099
8097
8099
8099
8110
8093
8099
8099
8098
8104
8102
8117
8112
8112
8097
8105
8099
8098
8103
8095
8089
8080
8099
8099
8084
8086
8089
8082
8095
8110
8118
8121
8102
8108
8102
8095
8096
8090
8093
8074
8088
8101
8096
8106
8106
8101
8093
8097
8110
8102
8096
8089
8087
8077
8090
8102
8119
8123
8129
8130
8130
8120
8126
8120
8112
8110
8108
8110
8102
8109
8113
8124
8106
8101
8103
8100
8098
8098
8098
8097
8103
8103
8097
8084
8107
8151
8142
8142
8141
8142
8150
8135
8139
8143
8130
8137
8136
8129
8133
8133
8130
8130
8131
8125
8124
8131
8136
8136
8127
8130
8127
8127
8135
8135
8125
8126
8117
8108
8112
8114
8116
8113
8138
8136
8122
8119
8121
8136
8128
8142
8010
8017
8021
8017
8030
8030
8024
8024
8018
8028
8007
7996
7995
7999
7985
7979
7991
7983
7986
7987
7987
7990
7998
7993
7988
7994
8011
8012
8016
8013
8001
8010
8000
8019
8010
8003
8001
8005
8007
7995
7990
8006
7997
8007
8022
8030
8012
8010
8017
8009
8018
8019
8027
8028
8034
8034
8005
8014
8014
8003
7994
7988
8002
7995
8019
8015
8014
8018
8024
8029
8034
8029
8035
8027
8037
8040
8049
8056
8062
8060
8054
8041
8044
8044
8045
8033
8021
8013
8025
8030
8053
8053
8055
8052
8054
8051
8053
8048
8047
8048
8052
8046
8039
8031
8041
8049
8052
8067
8011
8013
8019
8027
8024
8013
8014
8016
8006
8009
7992
7995
7995
7978
7977
7979
8008
8013
8028
8028
8030
8020
8017
8028
7998
8019
8014
8020
8028
8021
8035
8010
8007
8007
8025
8025
8008
8012
8013
8010
8003
8000
7995
7989
7995
7995
7988
7982
7977
7960
7977
8008
8015
8011
8029
8025
8039
8034
8039
8040
8040
8030
8018
8017
8029
8029
8022
8035
8028
8027
8030
8025
8020
8020
8020
8035
8029
8020
8023
8031
8036
8030
8040
8040
8052
8048
8020
8038
7982
7980
7974
7960
7971
7957
7963
7947
7951
7955
7954
7959
7985
7977
7985
7981
7975
7980
7970
7976
7975
7974
7972
7990
7994
7980
7982
7985
7982
7972
7949
7957
7952
7956
7934
7966
7963
7964
7957
7946
7970
7924
7909
7910
7938
7952
7957
7949
7959
7953
7960
7924
7943
7988
7981
8066
8059
8046
8070
8087
8086
8080
8077
8094
8079
8077
8083
8088
8080
8091
8095
8082
8086
8094
8080
8086
8081
8077
8075
8082
8072
8113
8110
8102
8113
8122
8110
8112
8118
8106
8107
8100
8094
8098
8105
8087
8084
8095
8095
8071
8087
8075
8054
8124
8117
8131
8138
8123
8137
8143
8125
8118
8125
8129
8115
8109
8096
8097
8099
8100
8101
8111
8112
8128
8113
8119
8105
8109
8120
8073
8081
8081
8077
8070
8085
8090
8086
8101
8091
8064
8055
8060
8045
8055
8058
8051
8052
8053
8056
8074
8033
8031
8062
8069
8048
8045
8118
8119
8143
8146
8144
8145
8146
8154
8158
8159
8155
8151
8164
8168
8161
8182
8162
8162
8169
8160
8180
8172
8169
8168
8167
8170
8177
8171
8175
8193
8191
8169
8181
8169
8158
8178
8175
8183
8178
8156
8158
8144
8113
8150
8150
8344
8339
8348
8350
8361
8360
8342
8362
8364
8368
8376
8362
8361
8397
8383
8374
8384
8403
8385
8397
8380
8372
8353
8345
8348
8362
8362
8359
8351
8340
8344
8341
8328
8328
8332
8321
8329
8335
8328
8333
8353
8347
8344
8343
8351
8352
8335
8324
8333
8298
8302
8302
8303
8325
8307
8301
8299
8296
8296
8292
8291
8284
8282
8292
8291
8286
8282
8280
8276
8280
8277
8285
8284
8279
8282
8275
8290
8294
8292
8294
8314
8300
8315
8313
8307
8306
8312
8313
8314
8310
8307
8306
8306
8303
8304
8302
8294
8294
8295
8294
8288
8288
8291
8290
8309
8314
8329
8322
8322
8325
8300
8294
8309
8309
8306
8304
8304
8295
8287
8304
8295
8295
8277
8285
8281
8284
8279
8296
8274
8266
8282
8278
8282
8293
8283
8284
8282
8277
8288
8287
8274
8277
8278
8295
8296
8300
8305
8285
8287
8276
8287
8284
8293
8294
8286
8310
8316
8330
8334
8327
8332
8336
8333
8337
8335
8328
8330
8343
8350
8365
8366
8367
8367
8368
8362
8375
8355
8353
8345
8350
8345
8347
8347
8348
8350
8354
8346
8343
8343
8340
8351
8349
8346
8349
8350
8336
8331
8343
8315
8339
8332
8323
8324
8329
8334
8340
8331
8360
8354
8341
8328
8333
8343
8363
8365
8391
8320
8320
8148
8125
8129
8116
8116
8130
8130
8125
8120
8128
8128
8132
8130
8117
8117
8113
8104
8101
8118
8118
8123
8106
8108
8103
8101
8086
8126
8119
8126
8169
8093
8090
8090
8077
8071
8081
8086
8080
8080
8084
8084
8086
8087
8081
8088
8090
8092
8090
8082
8082
8090
8095
8090
8097
8109
8113
8123
8106
8105
8113
8109
8106
8114
8112
8099
8116
8120
8128
8110
8113
8114
8116
8111
8107
8105
8112
8120
8092
8090
8082
8084
8092
8104
8105
8095
8104
8102
8090
8104
8102
8097
8108
8115
8101
8105
8105
8091
8078
8076
8071
8082
8085
8076
8078
8080
8085
8094
8084
8070
8090
8086
8079
8078
8077
8096
8097
8096
8102
8095
8110
8086
8077
8101
8100
8100
8087
8101
8110
8080
8083
8082
8093
8095
8083
8080
8075
8071
8075
8079
8083
8063
8069
8067
8059
8055
8049
8105
8071
8074
8076
8074
8075
8095
8104
8068
8068
8078
8049
7994
7984
7995
7993
8007
7994
7979
7994
8027
8027
8022
8025
8018
8027
8050
8049
8052
8062
8064
8056
8071
8067
8059
8057
8057
8060
8050
8047
8071
8067
8058
8052
8048
8056
8050
8060
8046
8049
8040
8046
8040
8037
8054
8052
8065
8059
8050
8064
8069
8070
8088
8086
8077
8077
8061
8069
8065
8046
8012
8013
8026
8017
8024
8012
8008
8008
8011
8002
8010
7999
8027
8025
8038
8039
8038
8045
8021
8038
7992
7977
7988
7989
7984
7970
7970
7980
7980
7984
7964
7965
7968
7970
7973
7960
7957
7961
7957
7949
7972
7982
7968
7985
7989
7990
7981
7992
7991
7993
7984
7985
7977
7995
7990
8000
7986
7977
7976
7973
7968
7965
7958
7969
7970
7989
7992
7990
7991
7992
7987
7991
7989
7988
7997
7980
7986
7983
7980
7989
7954
7948
7964
7957
7957
7964
7960
7959
7963
7971
7965
7970
7976
7982
7951
7949
7952
7976
7956
7950
7934
7934
7925
7945
7941
7921
7929
7899
7885
7894
7900
7900
7885
7899
7922
7950
7960
7973
7964
7964
7975
7988
7988
7997
7975
7986
7991
8001
8014
8013
7985
7993
7993
7990
7989
7981
7972
7976
8008
7994
8012
8016
8031
8034
8030
8030
8049
8053
8035
8042
8051
8016
8021
8033
8106
8110
8113
8111
8111
8108
8101
8093
8096
8130
8121
8122
8132
8108
8122
8130
8125
8112
8122
8126
8100
8130
8141
8144
8151
8141
8153
8159
8156
8200
8150
8016
7991
8011
7997
8006
7998
8006
7995
7995
7993
8010
7988
7979
7988
7979
7976
7972
7970
8000
7991
7991
8015
8007
8022
8026
8002
7992
8017
7993
8001
8000
8050
8004
8004
7969
8025
8034
8041
8036
8028
8018
8018
8022
8034
8045
8035
8031
8043
8056
8037
8019
8034
8030
8036
8036
8017
8015
8022
8027
8021
8016
8010
8018
8021
8034
8045
8057
8060
8050
8049
8030
8034
8033
8035
8029
8037
8044
8058
8062
8050
8015
8015
8002
7988
7989
7949
7930
7920
7920
7920
7927
7930
7918
7907
7911
7899
7862
7874
7873
7870
7890
7882
7878
7863
7852
7870
7870
7872
7888
7880
7890
7924
7926
7946
7973
7976
7964
7954
7930
7890
7896
7911
7840
7842
7814
7812
7822
7820
7837
7827
7831
7831
7812
7826
7827
7847
7860
7860
7868
7867
7879
7856
7872
7898
7898
7880
7875
7883
7845
7845
7862
7904
7903
7892
7894
7954
7986
8061
8077
8072
8062
8069
8109
8095
8100
8107
8090
8087
8050
8060
8082
8083
8083
8096
8109
8115
8108
8112
8112
8114
8096
8105
8100
8098
8111
8114
8111
8108
8106
8116
8117
8116
8110
8120
8124
8115
8141
8135
8130
8126
8131
8140
8115
8100
8100
8082
8058
8089
8072
8088
8093
8084
8118
8132
8133
8138
8128
8127
8100
8106
8110
8166
8176
8129
8128
8127
8132
8121
8121
8121
8119
8099
8105
8116
8124
8125
8129
8109
8116
8115
8112
8100
8096
8105
8128
8120
8123
8114
8111
8125
8105
8095
8086
8076
8092
8079
8086
8104
8105
8092
8092
8097
8100
8116
8105
8107
8090
8077
8075
8100
8191
8181
8191
8193
8192
8180
8172
8187
8180
8160
8160
8194
8204
8208
8177
8184
8164
8110
8132
8150
8138
8101
8101
8103
8097
8100
8119
8126
8125
8125
8120
8115
8122
8124
8141
8106
8103
8104
8070
8068
8064
8084
8082
8073
8066
8069
8070
8055
8052
8058
8051
8042
8029
8019
8057
8069
8072
8083
8095
8102
8105
8124
8123
8125
8120
8094
8092
8092
8101
8099
8085
8079
8084
8071
8081
8129
8144
8095
8132
8171
8015
8001
8010
7966
7959
7904
7910
7917
7936
7914
7909
7857
7845
7860
7861
7870
7817
7818
7835
7837
7850
7864
7825
7804
7793
7810
7811
7806
7810
7806
7795
7768
7791
7780
7811
7804
7800
7818
7829
7831
7829
7835
7826
7832
7819
7822
7810
7818
7808
7809
7811
7810
7830
7818
7840
7840
7858
7853
7856
7849
7849
7842
7834
7853
7867
7875
7877
7877
7872
7871
7859
7866
7844
7836
7830
7831
7832
7855
7850
7826
7818
7810
7815
7803
7781
7777
7761
7796
7788
7774
7843
7850
7848
7850
7859
7843
7843
7865
7873
7891
7889
7898
7885
7889
7890
7882
7949
7949
7955
7975
7973
7997
7935
7919
7910
7922
7942
7900
7888
7873
7845
7850
7857
7867
7847
7826
7815
7813
7809
7778
7780
7785
7792
7800
7835
7820
7871
7860
7865
7880
7767
7764
7713
7716
7729
7719
7734
7729
7720
7710
7703
7710
7707
7711
7711
7698
7684
7683
7689
7688
7698
7719
7734
7690
7700
7698
7689
7687
7697
7685
7700
7690
7676
7677
7656
7667
7669
7690
7679
7691
7691
7692
7695
7690
7688
7690
7689
7692
7692
7703
7705
7707
7699
7695
7699
7699
7700
7694
7608
7618
7618
7630
7613
7629
7627
7623
7620
7629
7633
7640
7629
7630
7628
7616
7645
7650
7643
7655
7649
7647
7626
7630
7684
7675
7701
7701
7708
7704
7701
7708
7711
7720
7707
7710
7707
7694
7693
7710
7710
7724
7695
7705
7709
7691
7691
7690
7676
7704
7696
7712
7709
7710
7731
7751
7695
7670
7765
7739
7781
7750
7743
7778
7930
7620
7595
7650
7521
7357
7266
7257
7227
7200
6958
6951
6936
6942
6937
6949
6953
6921
6926
6908
6878
6860
6853
6847
6853
6855
6848
6846
6840
6841
6842
6840
6830
6832
6833
6832
6825
6823
6830
6834
6837
6835
6836
6848
6831
6836
6834
6850
6831
6830
6824
6831
6832
6829
6842
6837
6843
6809
6814
6812
6814
6794
6898
6917
6929
6927
6932
6942
6944
6936
6934
6939
6936
6947
6947
6949
6938
6947
6949
6944
6945
6947
6940
6940
6939
6940
6940
6942
6932
6940
6935
6964
6968
6964
6957
6955
6954
6954
6950
6954
6958
6951
6960
6950
6945
6945
6945
6945
6938
6942
6945
6945
6937
6938
6936
6938
6938
6947
6950
6945
6943
6948
6947
6938
6944
6937
6937
6935
6931
6933
6936
6942
6940
6938
6936
6933
6933
6932
6920
6922
6927
6927
6920
6909
6911
6903
6926
6923
6917
6910
6910
6913
6918
6921
6921
6931
6923
6948
6948
6948
6948
6948
6944
6941
6943
6932
6939
6929
6945
6936
6940
6943
6959
6940
6940
6944
6934
6932
6939
6935
6930
6930
6930
6930
6925
6929
6921
6922
6916
6909
6915
6913
6911
6917
6918
6911
6919
6915
6905
6905
6905
6895
6895
6892
6895
6900
6900
6900
6886
6893
6902
6902
6910
6911
6915
6905
6916
6920
6918
6920
6912
6917
6917
6915
6919
6914
6917
6915
6914
6915
6919
6910
6910
6915
6909
6920
6914
6903
6905
6910
6907
6905
6900
6907
6905
6910
6906
6905
6900
6898
6898
6894
6913
6917
6913
6913
6915
6925
6925
6920
6920
6923
6922
6922
6914
6930
6935
6933
6937
6932
6931
6940
6939
6939
6930
6938
6938
6918
6926
6926
6930
6925
6931
6935
6947
6941
6947
6956
6945
6943
6938
6935
6935
6940
6939
6934
6945
6943
6931
6935
6940
6956
6923
6925
6931
6926
6909
6920
6895
6850
6865
6851
6865
6862
6860
6860
6850
6853
6856
6857
6854
6853
6853
6866
6866
6866
6866
6865
6870
6866
6860
6865
6862
6853
6848
6825
6825
6822
6837
6843
6849
6842
6857
6857
6853
6850
6855
6853
6853
6850
6865
6855
6859
6856
6856
6859
6861
6864
6867
6867
6873
6869
6866
6870
6871
6871
6866
6862
6873
6864
6875
6855
6860
6848
6844
6843
6850
6850
6849
6846
6845
6844
6853
6841
6845
6845
6845
6842
6843
6839
6837
6840
6850
6848
6839
6848
6850
6850
6850
6854
6840
6848
6849
6842
6847
6840
6847
6834
6834
6840
6847
6844
6832
6819
6829
6828
6828
6823
6831
6825
6823
6843
6841
6851
6859
6859
6856
6860
6866
6856
6858
6856
6861
6877
6871
6850
6840
6832
6838
6833
6834
6836
6839
6832
6831
6833
6827
6828
6831
6830
6829
6827
6827
6827
6827
6833
6827
6837
6831
6841
6836
6836
6841
6832
6844
6844
6848
6842
6847
6840
6849
6849
6849
6845
6840
6833
6842
6834
6837
6836
6848
6825
6829
6829
6825
6832
6827
6831
6831
6839
6836
6854
6849
6845
6850
6850
6843
6845
6839
6825
6834
6836
6836
6836
6827
6825
6826
6835
6830
6837
6832
6832
6808
6802
6805
6808
6801
6803
6798
6809
6809
6800
6794
6787
6795
6808
6800
6796
6804
6800
6839
6853
6851
6866
6859
6870
6867
6858
6850
6850
6850
6846
6851
6864
6860
6850
6855
6855
6855
6850
6850
6856
6846
6842
6836
6836
6841
6854
6849
6845
6845
6830
6833
6847
6831
6829
6831
6831
6834
6835
6834
6835
6828
6825
6823
6840
6833
6834
6849
6852
6843
6843
6844
6856
6838
6845
6841
6831
6834
6837
6846
6845
6842
6835
6835
6836
6844
6845
6846
6842
6844
6845
6855
6840
6846
6850
6853
6849
6844
6856
6862
6859
6855
6853
6853
6856
6857
6850
6850
6854
6852
6839
6847
6850
6855
6838
6837
6833
6828
6816
6831
6829
6829
6824
6823
6826
6826
6825
6834
6825
6824
6824
6822
6825
6825
6825
6828
6822
6829
6855
6842
6841
6830
6829
6850
6828
6844
6761
6757
6753
6749
6745
6758
6756
6754
6760
6760
6753
6752
6760
6757
6760
6760
6760
6758
6757
6756
6758
6758
6762
6748
6743
6744
6754
6734
6734
6741
6739
6738
6744
6744
6731
6739
6740
6737
6745
6742
6745
6742
6738
6737
6724
6728
6724
6710
6728
6726
6730
6731
6729
6733
6732
6732
6723
6734
6733
6730
6735
6754
6780
6743
6736
6739
6734
6739
6731
6741
6743
6745
6736
6741
6739
6735
6729
6720
6694
6703
6699
6710
6713
6711
6716
6718
6721
6724
6720
6728
6725
6719
6713
6714
6708
6721
6726
6730
6729
6736
6738
6735
6732
6732
6721
6732
6739
6743
6744
6745
6754
6765
6753
6754
6753
6749
6750
6756
6752
6729
6731
6747
6738
6743
6753
6759
6751
6751
6757
6773
6756
6752
6777
6773
6793
6792
6776
6781
6790
6769
6768
6776
6772
6768
6758
6761
6779
6749
6752
6747
6741
6742
6743
6744
6739
6741
6738
6750
6750
6750
6743
6737
6736
6733
6733
6737
6724
6721
6731
6718
6741
6774
6763
6772
6769
6774
6778
6776
6780
6780
6772
6737
6730
6720
6722
6731
6727
6720
6700
6722
6714
6700
6710
6697
6698
6701
6701
6708
6694
6687
6685
6700
6710
6705
6704
6707
6707
6699
6690
6687
6687
6681
6682
6679
6677
6677
6678
6675
6665
6662
6659
6665
6660
6636
6636
6614
6634
6633
6636
6636
6638
6635
6667
6685
6674
6671
6739
6735
6733
6738
6746
6746
6741
6743
6743
6733
6738
6746
6746
6741
6751
6742
6733
6736
6752
6748
6733
6728
6735
6736
6731
6738
6727
6726
6716
6740
6742
6742
6742
6740
6730
6733
6730
6732
6731
6741
6734
6735
6745
6736
6721
6718
6718
6715
6722
6713
6717
6719
6755
6749
6749
6749
6749
6749
6769
6734
6732
6728
6726
6739
6742
6732
6725
6716
6712
6700
6688
6664
6712
6740
6727
6731
6742
6744
6745
6736
6742
6732
6754
6753
6753
6750
6742
6739
6753
6757
6753
6749
6727
6730
6729
6754
6738
6760
6786
6764
6750
6746
6742
6742
6765
6760
6757
6733
6771
6736
6759
6806
6814
6794
6826
6792
6808
6770
6820
7049
7059
7062
7071
7091
7087
7094
7088
7091
7120
7132
7147
7152
7144
7168
7169
7165
7163
7157
7158
7149
7141
7146
7139
7140
7132
7133
7143
7144
7150
7146
7138
7158
7134
7123
7121
7127
7125
7130
7128
7126
7133
7135
7140
7125
7120
7122
7119
7125
7130
7117
7113
7107
7117
7117
7117
7103
7100
7103
7103
7095
7092
7116
7105
7110
7117
7120
7123
7117
7116
7136
7142
7130
7132
7127
7132
7128
7134
7130
7125
7115
7115
7128
7125
7113
7110
7109
7098
7095
7096
7067
7067
7080
7111
7114
7109
7123
7133
7124
7139
7147
7136
7109
7100
7110
7121
7116
7116
7116
7118
7116
7094
7093
7093
7079
7089
7083
7085
7075
7076
7050
7074
7077
7072
7065
7047
7039
7061
7055
7048
7049
7030
7030
7030
7030
7015
7006
7014
7002
7021
7022
7012
7014
7033
7041
7034
7029
7031
7033
7028
7024
7023
7023
7025
7032
7033
7026
7016
7005
6995
6985
6977
6983
6979
6976
6971
6971
6972
6970
6970
6966
6975
6974
6975
6976
6974
6973
6955
6968
6964
6975
6975
6973
6975
6976
6981
6966
6975
6988
6997
6995
7000
6994
6988
6994
6995
6995
6992
6988
6985
6990
6998
6998
7008
7016
6995
6994
6970
6990
6989
7001
6994
6984
6992
6975
6983
6969
6962
6947
6962
6984
6990
7002
7004
7005
7006
7000
7001
6997
6997
6997
7010
6993
7016
7034
7046
7063
7062
7052
7061
7039
7035
7039
7033
7040
7032
7032
7030
7032
7025
7030
7044
7045
7042
7045
7050
7058
7065
7065
7068
7069
7070
7068
7059
7061
7063
7060
7060
7061
7061
7063
7063
7060
7056
7056
7066
7068
7075
7081
7090
7089
7075
7078
7082
7089
7091
7099
7090
7088
7080
7041
7028
7016
7014
7013
7015
6999
6998
6999
7000
6999
6991
6995
6982
6985
6982
6992
6988
6992
7001
7001
6995
6998
6999
6999
6996
6997
6989
6990
7013
6984
6972
6980
6980
6982
6981
6978
6969
6968
6970
6968
6937
6951
6951
6945
6949
6945
6944
6954
6938
6937
6948
6949
6947
6942
6935
6948
6943
6929
6948
6948
6952
6956
6950
6951
6943
6928
6937
6944
6917
6921
6907
6912
6904
6919
6924
6925
6923
6939
6937
6939
6930
6939
6926
6935
6932
6928
6940
6931
6931
6923
6915
6946
6940
6942
6948
6940
6940
6946
6962
6965
6976
6977
6995
6988
7001
6984
6973
6973
6971
6994
6992
6985
6987
6981
6960
6960
6960
6957
6968
6945
6950
6950
6949
6948
6956
6954
6955
6938
6934
6930
6930
6945
6949
6946
6962
6960
6960
6973
6955
6955
6957
6959
6946
6936
6931
6928
6931
6948
6940
6939
6935
6932
6940
6923
6926
6926
6951
6960
6968
6974
6979
6968
6972
6970
6971
6964
6979
6962
6947
6947
6963
6963
6960
6961
6971
6942
6926
6928
6920
6912
6913
6887
6877
6885
6877
6876
6886
6927
6954
6964
6968
6978
6983
6972
6978
6983
6983
6986
6986
6984
6984
6981
6976
6978
6982
6987
6993
6989
6997
6998
7007
7009
7004
7009
7007
7008
7005
7002
7003
7006
7007
6992
6987
6992
6990
6992
6986
6990
6989
6983
6995
6999
6990
6995
6994
6995
6996
6992
6992
6992
6986
6987
6988
6978
6980
6972
6984
6990
6994
6995
7002
7010
7007
7007
7000
7005
7006
7006
7006
7007
7010
7011
7007
7005
7015
7016
7016
7022
7020
7030
7029
7033
7035
7045
7033
7049
7040
7045
7040
7044
7034
6996
7004
6993
6986
6975
6980
7029
6910
6865
6865
6864
6868
6870
6864
6864
6864
6864
6867
6855
6860
6852
6853
6855
6852
6850
6787
6803
6849
6845
6848
6842
6846
6861
6865
6862
6860
6859
6865
6872
6875
6864
6868
6866
6867
6869
6870
6870
6878
6874
6874
6875
6864
6855
6855
6864
6860
6872
6870
6871
6865
6867
6866
6866
6865
6866
6866
6877
6877
6877
6872
6875
6865
6859
6866
6858
6848
6857
6858
6858
6858
6852
6858
6852
6855
6858
6859
6840
6848
6832
6860
6873
6870
6866
6876
6878
6878
6889
6890
6901
6905
6900
6888
6881
6883
6873
6882
6867
6859
6870
6870
6861
6858
6855
6849
6857
6850
6849
6847
6849
6854
6863
6863
6862
6877
6879
6872
6869
6863
6864
6864
6863
6858
6861
6848
6852
6846
6854
6848
6861
6838
6841
6839
6847
6849
6855
6850
6852
6851
6856
6850
6842
6840
6845
6848
6850
6844
6865
6858
6868
6874
6842
6844
6838
6845
6830
6828
6839
6839
6842
6830
6828
6830
6842
6839
6841
6850
6845
6831
6841
6840
6844
6850
6835
6845
6844
6833
6827
6825
6834
6850
6864
6860
6877
6894
6885
6811
6824
6787
6780
6782
6790
6790
6790
6793
6803
6789
6637
6620
6620
6618
6618
6619
6619
6622
6618
6611
6621
6624
6618
6612
6616
6616
6619
6619
6617
6621
6616
6620
6614
6615
6612
6610
6617
6620
6618
6619
6610
6621
6621
6564
6540
6609
6609
6604
6609
6614
6609
6614
6611
6609
6636
6637
6637
6637
6617
6609
6618
6618
6608
6618
6612
6617
6635
6635
6619
6618
6624
6608
6609
6610
6612
6611
6612
6605
6605
6607
6613
6621
6624
6621
6615
6605
6617
6619
6614
6609
6609
6610
6603
6605
6606
6596
6596
6596
6605
6604
6603
6599
6600
6599
6600
6599
6620
6622
6615
6614
6615
6615
6625
6607
6611
6612
6603
6611
6614
6620
6619
6607
6601
6600
6632
6610
6610
6610
6603
6600
6604
6604
6591
6604
6607
6603
6607
6584
6604
6600
6597
6595
6597
6603
6596
6600
6602
6619
6612
6622
6623
6617
6633
6629
6622
6614
6615
6617
6615
6619
6624
6619
6635
6646
6615
6616
6612
6589
6595
6595
6589
6591
6594
6594
6600
6595
6598
6600
6600
6599
6599
6589
6599
6568
6585
6580
6578
6575
6575
6613
6620
6617
6615
6623
6616
6615
6612
6621
6623
6658
6538
6518
6573
6574
6578
6579
6590
6587
6574
6573
6585
6583
6585
6587
6570
6565
6568
6568
6562
6564
6575
6580
6591
6589
6603
6589
6580
6600
6597
6597
6622
6619
6619
6602
6622
6636
6642
6642
6649
6586
6572
6598
6569
6569
6570
6574
6590
6598
6559
6577
6573
6579
6578
6558
6544
6562
6561
6605
6657
6647
6768
6794
6789
6790
6788
6782
6780
6818
6820
6826
6819
6823
6797
6801
6790
6803
6787
6792
6796
6793
6787
6798
6799
6799
6791
6773
6754
6775
6764
6765
6780
6784
6783
6760
6757
6758
6749
6759
6762
6769
6769
6759
6747
6749
6747
6750
6766
6765
6765
6764
6763
6763
6753
6748
6739
6765
6780
6794
6795
6821
6817
6812
6782
6793
6783
6782
6771
6795
6808
6826
6822
6817
6808
6828
6844
6809
6795
6815
6812
6815
6804
6809
6795
6794
6796
6785
6777
6778
6766
6814
6810
6802
6800
6798
6801
6797
6811
6818
6813
6838
6826
6789
6797
6795
6774
6770
6775
6777
6772
6768
6769
6754
6757
6727
6727
6744
6735
6733
6731
6728
6731
6723
6713
6700
6726
6733
6744
6761
6749
6745
6749
6756
6750
6763
6785
6772
6771
6780
6763
6763
6776
6771
6774
6783
6777
6778
6768
6795
6739
6737
6733
6726
6720
6720
6716
6701
6733
6740
6737
6739
6719
6719
6709
6706
6740
6732
6766
6753
6727
6717
6723
6732
6721
6746
6738
6746
6757
6691
6693
6689
6690
6678
6702
6700
6736
6758
6755
6745
6746
6756
6762
6750
6745
6748
6730
6725
6726
6756
6833
6833
6817
6816
6840
6845
6865
6884
6886
6889
6895
6840
6840
6829
6680
6677
6668
6680
6669
6650
6690
6684
6689
6689
6691
6670
6698
6690
6715
6745
6791
6798
6816
6801
6820
6794
6791
6779
6784
6809
6821
6818
6807
6801
6792
6785
6796
6829
6801
6799
6791
6791
6873
6871
6887
6850
6870
6867
6851
6865
6880
6880
6880
6906
6867
6841
6835
6832
6822
6821
6813
6822
6800
6791
6791
6793
6794
6781
6816
6817
6805
6810
6794
6782
6787
6779
6757
6757
6761
6756
6730
6734
6747
6759
6749
6736
6794
6807
6804
6809
6806
6801
6798
6827
6827
6825
6839
6852
6853
6853
6799
6802
6816
6812
6807
6807
6805
6790
6780
6786
6818
6773
6785
6794
6814
6819
6822
6833
6808
6802
6799
6839
6790
6759
6756
6764
6666
6649
6650
6650
6631
6618
6600
6623
6620
6636
6641
6623
6610
6610
6610
6616
6619
6610
6633
6639
6635
6650
6650
6648
6640
6624
6597
6605
6598
6600
6611
6640
6682
6698
6701
6694
6701
6674
6741
6755
6761
6757
6765
6820
6815
6797
6790
6792
6798
6802
6788
6783
6779
6800
6804
6778
6782
6780
6779
6779
6772
6789
6740
6746
6748
6728
6728
6757
6762
6771
6772
6779
6741
6742
6748
6728
6721
6754
6786
6802
6801
6800
6806
6828
6828
6820
6830
6806
6789
6784
6780
6774
6799
6846
6852
6845
6849
6879
6870
6888
6890
6893
6876
6891
6889
6900
6902
6894
6880
6883
6871
6860
6819
6792
6789
6809
6771
6793
6812
6811
6820
6825
6834
6825
6819
6819
6808
6800
6786
6785
6767
6779
6752
6804
6793
6857
6845
6825
6838
6837
6844
6842
6845
6840
6841
6880
6888
6877
6879
6888
6888
6908
6886
6868
6868
6864
6843
6850
6856
6830
6834
6790
6874
6864
6880
6883
6900
6900
6860
6880
6891
6880
6879
6887
6870
6858
6859
6860
6886
6874
6878
6882
6917
6910
6964
6990
7020
7077
7083
7086
7090
7104
7106
7117
7083
7079
7075
7073
7095
7075
7066
7063
7072
7060
7059
7068
7039
7039
7042
7038
7029
7047
7059
7059
7064
7068
7070
7064
7058
7057
7045
7056
7077
7067
7067
7036
7030
7024
7062
7057
7034
7035
7049
7063
7045
7058
7100
7092
7087
7115
7089
7091
7120
7079
7066
7066
7051
7083
7060
7081
7082
7069
7087
7138
7119
7161
7170
7162
7275
7286
7293
7303
7296
7321
7326
7331
7331
7339
7330
7335
7339
7331
7339
7326
7317
7310
7324
7319
7318
7342
7365
7370
7370
7361
7354
7348
7364
7367
7367
7363
7354
7354
7346
7352
7346
7346
7353
7361
7366
7367
7371
7375
7371
7361
7363
7359
7359
7345
7343
7341
7358
7358
7359
7360
7357
7359
7355
7355
7355
7368
7371
7385
7381
7384
7366
7368
7374
7364
7367
7323
7330
7296
7294
7292
7292
7294
7294
7297
7299
7311
7294
7302
7296
7309
7318
7318
7327
7331
7315
7285
7285
7269
7288
7288
7282
7280
7275
7258
7287
7312
7324
7313
7325
7324
7315
7324
7334
7329
7330
7313
7306
7334
7318
7316
7314
7337
7341
7326
7360
7379
7388
7392
7411
7407
7400
7419
7413
7398
7398
7395
7400
7400
7417
7419
7405
7396
7400
7402
7382
7408
7420
7419
7413
7422
7418
7432
7433
7424
7434
7401
7381
7391
7399
7404
7396
7397
7404
7403
7411
7403
7370
7429
7433
7426
7426
7423
7439
7438
7420
7400
7400
7400
7402
7390
7378
7401
7403
7399
7406
7405
7410
7412
7413
7399
7404
7436
7436
7479
7476
7483
7491
7473
7473
7459
7475
7469
7488
7479
7474
7471
7474
7471
7483
7479
7470
7474
7476
7468
7489
7487
7451
7422
7435
7435
7430
7429
7430
7419
7420
7417
7414
7399
7398
7389
7386
7377
7380
7375
7390
7383
7386
7380
7380
7399
7399
7415
7417
7437
7375
7393
7368
7395
7385
7385
7391
7391
7385
7380
7395
7398
7371
7368
7367
7352
7353
7344
7339
7348
7355
7348
7341
7349
7331
7330
7330
7320
7317
7301
7276
7343
7344
7338
7353
7391
7391
7391
7391
7392
7358
7353
7358
7344
7330
7352
7350
7334
7334
7343
7294
7324
7326
7319
7310
7300
7310
7320
7320
7330
7344
7335
7329
7335
7320
7314
7280
7291
7275
7312
7366
7380
7394
7377
7383
7375
7364
7362
7362
7368
7369
7378
7372
7368
7362
7367
7362
7349
7353
7345
7350
7369
7374
7372
7369
7374
7402
7410
7409
7404
7404
7403
7399
7386
7377
7395
7396
7399
7353
7353
7364
7342
7323
7334
7334
7332
7327
7331
7337
7340
7343
7337
7341
7330
7334
7354
7354
7366
7348
7349
7347
7356
7327
7304
7302
7287
7312
7312
7327
7324
7337
7323
7319
7316
7315
7325
7359
7358
7354
7350
7339
7357
7342
7274
7260
7278
7269
7271
7254
7266
7265
7284
7249
7215
7185
7176
7163
7164
7159
7152
7157
7160
7161
7151
7168
7094
7073
7062
7062
7062
7063
7052
7063
7077
7056
7061
7050
7035
7035
7028
7029
7034
7031
7045
7040
7027
7035
7045
7030
7036
7038
7039
7032
7031
7033
7031
7035
7042
7028
7035
7035
7070
7072
7065
7075
7070
7077
7079
7053
7049
7051
7037
7025
7031
7023
7015
7024
7010
7016
7041
7020
7030
7052
7043
7031
7024
7012
7028
7024
7013
6990
6990
6995
6990
6978
6989
6989
6990
6979
6980
6974
6974
6971
6992
6990
6959
6970
6965
6960
6950
6950
6928
6930
6937
6925
6918
6923
6919
6899
6907
6913
6928
6936
6921
6914
6912
6918
6975
6980
6976
6980
6964
6963
6987
6995
6985
6988
6988
6984
6976
6980
6965
6967
6977
6988
6971
6972
6970
6970
6966
6957
6972
6966
6963
6955
6957
6953
6946
6954
6966
6988
6983
6975
6972
6967
6966
6996
6995
7000
6998
7001
6995
6999
7000
7000
7006
7031
7018
7019
7018
7016
7014
7011
7024
7028
7016
7028
7043
7043
7026
7025
6998
6929
6931
6933
6930
6936
6918
6918
6906
6920
6922
6917
6921
6929
6925
6916
6950
6950
6995
6993
6995
7010
7014
7015
6985
7003
7023
7027
7007
7012
7000
7001
7012
7003
7006
7015
7018
7022
7021
7006
7011
7009
7041
7047
7030
7048
7051
7056
7056
7074
7074
7084
7094
7101
7105
7106
7096
7091
7073
7054
7039
7055
7071
7064
7057
7058
7062
7035
7041
7038
7034
7013
7019
7040
7047
7055
7054
7056
7050
7041
7059
7050
7047
7047
7055
7050
7053
7057
7055
7048
7050
7049
7070
7059
7053
7053
7044
7043
7050
7041
7051
7052
7048
7048
7052
7034
7048
7040
7047
7069
7084
7105
7078
6998
6970
6951
6936
6942
6949
6956
6932
6931
6937
6918
6894
6887
6902
6902
6900
6920
6919
6942
6947
6947
6903
6885
