7048
7053
7058
7054
7053
7045
7047
7047
7057
7057
7056
7053
7050
7046
7050
7035
7035
7032
7025
7025
7025
7029
7031
7036
7029
7042
7041
7040
7038
7038
7041
7032
7036
7028
7031
7039
7053
7052
7048
7045
7046
7054
7049
7052
7053
7070
7061
7050
7044
7041
7040
7040
7040
7043
7041
7045
7043
7043
7051
7051
7049
7047
7041
7046
7044
7046
7043
7043
7040
7040
7034
7034
7034
7044
7043
7038
7038
7038
7038
7035
7049
7044
7048
7045
7046
7043
7036
7040
7040
7039
7039
7044
7034
7039
7032
7030
7027
7031
7031
7019
7000
7038
7028
7033
7033
7026
7021
7026
7030
7027
7022
7022
7028
7012
7010
7020
7027
7028
7027
7035
7034
7029
7029
7022
7026
7025
7034
7029
7024
7034
7032
7042
7043
7043
7048
7044
7046
7045
7047
7042
7035
7041
7042
7036
7045
7050
7038
7030
7029
7033
7034
7038
7052
7049
7042
7034
7037
7030
7054
7077
7070
7061
7068
7045
7037
7047
7029
7025
7025
7021
7030
7015
6986
6985
6981
6979
6981
6975
6982
6980
6964
6961
6974
6960
6951
6947
6950
6975
6972
6966
6964
6964
6969
6964
6969
6970
6984
6979
6968
6961
6958
6899
6905
6922
6926
6924
6924
6927
6923
6931
6918
6925
6925
6935
6930
6927
6924
6916
6917
6916
6914
6914
6903
6903
6905
6909
6906
6909
6910
6913
6910
6900
6900
6897
6902
6905
6914
6914
6904
6916
6916
6927
6946
6951
6961
6961
6961
6964
6958
6971
6978
6965
6970
6965
6967
6962
6964
6960
6953
6949
6941
6945
6934
6931
6933
6940
6946
6940
6948
6949
6952
6957
6959
6958
6958
6955
6955
6952
6952
6951
6957
6960
6955
6948
6949
6952
6957
6950
6950
6955
6939
6932
6964
6966
6969
6974
6976
6976
6970
6952
6954
6958
6968
6961
6968
6958
6964
6981
6974
6975
6984
6991
6987
6981
6978
6978
6982
6986
6989
6990
6984
6994
6994
6993
6993
6996
7002
7000
7004
6993
6994
6986
6993
6988
6985
6992
6998
7001
7011
7007
7005
7005
7000
7002
6992
6983
6989
6966
6968
6963
6960
6972
6976
6975
6978
6965
6970
6970
6962
6947
6948
6946
6946
6946
6945
6949
6950
6953
6954
6954
6950
6952
6966
6962
6963
6942
6942
6943
6942
6939
6933
6941
6946
6937
6939
6944
6956
6956
6957
6957
6958
6960
6958
6960
6962
6959
6960
6950
6949
6948
6952
6956
6956
6967
6973
6972
6970
6969
6968
6972
6978
6976
6973
6976
6975
6984
6993
6985
6983
6978
6977
6972
6970
6931
6927
6930
6930
6939
6933
6935
6919
6924
6923
6924
6927
6942
6939
6939
6932
6924
6930
6927
6930
6930
6944
6949
6947
6944
6949
6949
6949
6946
6920
6919
6922
6918
6915
6908
6936
6905
6908
6904
6854
6839
6809
6808
6814
6821
6829
6824
6824
6824
6825
6813
6809
6815
6808
6812
6820
6821
6830
6833
6832
6822
6819
6826
6818
6821
6856
6858
6850
6851
6852
6864
6858
6859
6854
6856
6861
6876
6873
6871
6870
6867
6865
6865
6868
6870
6865
6856
6851
6851
6855
6851
6857
6861
6847
6843
6843
6846
6841
6847
6859
6863
6867
6873
6870
6885
6876
6880
6875
6865
6862
6855
6862
6858
6859
6868
6871
6876
6880
6875
6878
6860
6860
6849
6851
6851
6836
6839
6842
6843
6853
6850
6852
6835
6832
6834
6832
6851
6841
6831
6822
6831
6822
6849
6849
6851
6856
6870
6868
6869
6869
6878
6885
6889
6892
6896
6891
6895
6886
6874
6875
6868
6864
6878
6861
6880
6915
6915
6913
6919
6920
6917
6926
6912
6910
6905
6903
6901
6901
6901
6902
6899
6899
6896
6922
6912
6917
6916
6902
6888
6935
6932
6933
6930
6941
6931
6924
6938
6938
6933
6948
6957
6960
6963
6966
6970
6972
6974
6968
6976
6981
6979
6964
6975
6966
6976
6989
6989
6988
6989
6990
6992
6994
6992
6986
6990
7001
6996
6988
6986
6984
6975
6978
6978
6979
6983
6984
6982
6983
6985
6977
6979
6966
6960
6958
6950
6934
6968
6976
6970
6980
6977
6987
6982
6982
6986
7003
7002
7009
7005
7010
7008
7015
7001
7000
6997
7008
7009
7009
7015
7016
7017
7011
7017
7021
7018
7018
7013
7013
7011
7015
7007
7016
7010
7009
7006
6993
7005
7007
7014
7001
7007
6964
7010
7026
7022
7028
7031
7037
7037
7037
7037
7038
7038
7041
7041
7034
7034
7034
7034
7034
7030
7028
7039
7038
7043
7042
7043
7047
7047
7045
7047
7047
7051
7051
7051
7055
7036
7032
7034
7034
7035
7027
7038
7038
7042
7036
7032
7030
7033
7033
7043
7043
7052
7046
7052
7052
7055
7054
7052
7055
7050
7040
7041
7042
7049
7055
7054
7048
7058
7057
7054
7051
7050
7050
7043
7039
7039
7043
7039
7037
7036
7036
7038
7030
7036
7036
7032
7032
7041
7015
7008
7010
7015
7012
7017
7018
7019
7014
7008
7006
7006
7011
7011
7010
7013
7013
7012
7013
7013
7009
7013
7011
7016
7017
7006
6993
6994
6986
6999
6998
6995
6997
7022
7010
7007
7002
7011
7008
7003
7007
7004
7008
7016
6999
6987
6984
6988
6990
6958
6957
6951
6955
6960
6964
6954
7002
7011
7035
7031
7011
7040
7060
7068
7058
7074
7075
7086
7084
7085
7087
7087
7094
7097
7098
7095
7095
7092
7096
7087
7092
7092
7094
7096
7104
7104
7100
7109
7098
7101
7100
7095
7095
7087
7086
7088
7087
7090
7086
7088
7088
7104
7105
7102
7086
7100
7092
7095
7089
7076
7079
7073
7070
7070
7071
7072
7073
7072
7066
7064
7058
7058
7063
7066
7065
7067
7071
7085
7084
7080
7074
7088
7078
7087
7088
7088
7108
7108
7104
7103
7102
7108
7105
7096
7089
7090
7073
7074
7073
7072
7073
7062
7061
7064
7066
7062
7043
7042
7045
7046
7053
7050
7054
7059
7056
7057
7057
7070
7067
7063
7062
7059
7056
7056
7055
7055
7055
7051
7051
7058
7058
7049
7047
7046
7049
7052
7055
7052
7058
7060
7064
7068
7062
7061
7057
7058
7058
7056
7050
7049
7047
7041
7048
7048
7048
7041
7041
7040
7038
7041
7046
7047
7045
7056
7056
7056
7056
7055
7051
7058
7059
7045
7044
7044
7040
7034
7040
7038
7040
7033
7030
7032
7022
7026
7025
7025
7031
7045
7040
7035
7043
7048
7036
7045
7050
7055
7053
7056
7058
7068
7068
7071
7058
7063
7063
7056
7054
7054
7054
7066
7078
7075
7076
7077
7077
7080
7085
7085
7080
7083
7081
7077
7074
7072
7062
7062
7062
7055
7061
7062
7065
7073
7074
7074
7077
7076
7075
7083
7086
7079
7073
7107
7107
7104
7104
7108
7112
7107
7096
7092
7086
7089
7084
7082
7077
7082
7082
7078
7073
7065
7065
7061
7060
7056
7056
7066
7066
7057
7049
7048
7057
7060
7060
7066
7069
7088
7093
7086
7086
7087
7093
7082
7095
7098
7088
7080
7082
7073
7085
7086
7102
7101
7098
7098
7110
7113
7114
7121
7124
7125
7116
7112
7100
7091
7096
7100
7095
7095
7099
7102
7094
7099
7098
7060
7061
7055
7051
7055
7050
7053
7047
7044
7040
7039
7014
7014
7020
7024
7026
7026
7023
7018
7014
7019
7017
7017
7020
7018
7027
7021
7025
7024
7024
7012
7008
7011
7033
7044
7042
7045
7044
7048
7051
7048
7048
7042
7044
7049
7051
7051
7045
7038
7038
7038
7043
7050
7058
7056
7060
7060
7059
7057
7056
7069
7069
7066
7076
7075
7074
7070
7063
7061
7056
7052
7066
7055
7062
7048
7041
7033
7024
7030
7022
7027
7013
7015
7022
7020
7017
7003
7026
7025
7026
7046
7038
7041
7021
7020
6995
7000
6999
7002
7001
6995
6940
6934
6937
6939
6924
6918
6913
6922
6925
6922
6919
6916
6914
6914
6914
6910
6910
6913
6917
6922
6924
6924
6922
6918
6919
6916
6919
6919
6919
6918
6916
6921
6913
6919
6919
6914
6919
6911
6914
6913
6911
6909
6910
6917
6913
6920
6929
6926
6928
6925
6925
6925
6930
6935
6929
6929
6936
6930
6928
6919
6922
6922
6913
6916
6915
6910
6914
6915
6915
6915
6919
6924
6917
6915
6919
6904
6905
6903
6902
6902
6899
6899
6894
6899
6900
6899
6899
6898
6896
6901
6898
6900
6897
6898
6902
6893
6892
6888
6890
6892
6887
6892
6892
6889
6890
6883
6884
6880
6878
6876
6881
6884
6884
6885
6891
6891
6891
6891
6889
6888
6887
6884
6889
6890
6889
6892
6886
6883
6878
6870
6872
6865
6874
6885
6884
6884
6885
6888
6888
6891
6886
6897
6891
6897
6907
6913
6916
6913
6914
6913
6916
6908
6918
6911
6913
6898
6894
6897
6889
6883
6884
6883
6882
6880
6877
6902
6889
6901
6744
6742
6741
6740
6751
6739
6739
6726
6729
6729
6724
6724
6724
6727
6724
6727
6721
6721
6725
6720
6727
6711
6720
6717
6720
6721
6721
6720
6727
6729
6732
6731
6734
6730
6729
6725
6729
6729
6732
6727
6738
6742
6743
6737
6738
6735
6731
6733
6733
6733
6738
6736
6731
6733
6731
6723
6728
6728
6723
6732
6731
6731
6733
6730
6726
6725
6723
6727
6726
6726
6722
6726
6737
6738
6738
6734
6734
6734
6741
6736
6728
6732
6742
6741
6740
6733
6735
6738
6734
6733
6728
6725
6736
6736
6736
6746
6749
6732
6725
6728
6721
6726
6726
6726
6730
6730
6730
6731
6730
6720
6717
6721
6717
6719
6725
6722
6726
6725
6724
6719
6719
6714
6710
6710
6715
6715
6714
6707
6697
6700
6686
6690
6688
6692
6692
6685
6693
6697
6692
6693
6681
6680
6692
6704
6696
6711
6718
6734
6737
6747
6724
6720
6716
6716
6712
6708
6708
6706
6709
6706
6702
6705
6696
6690
6708
6708
6709
6706
6707
6708
6708
6708
6706
6708
6705
6700
6704
6701
6702
6700
6702
6705
6702
6700
6699
6695
6687
6687
6692
6698
6694
6694
6688
6692
6699
6698
6702
6698
6694
6703
6695
6697
6691
6689
6694
6700
6693
6693
6699
6706
6703
6703
6703
6703
6702
6702
6702
6703
6703
6710
6711
6704
6707
6715
6715
6711
6712
6717
6717
6715
6711
6710
6710
6709
6705
6704
6698
6705
6705
6702
6709
6712
6701
6709
6713
6716
6719
6722
6724
6720
6720
6710
6699
6696
6691
6702
6699
6701
6703
6710
6705
6708
6704
6702
6692
6669
6667
6675
6675
6674
6670
6677
6674
6675
6675
6677
6676
6662
6661
6658
6675
6678
6674
6670
6673
6679
6676
6675
6672
6666
6669
6679
6678
6669
6673
6685
6683
6679
6681
6683
6698
6703
6687
6686
6686
6684
6694
6692
6697
6696
6690
6689
6703
6689
6686
6683
6683
6680
6684
6681
6678
6690
6684
6677
6685
6678
6685
6679
6679
6675
6684
6678
6667
6670
6669
6660
6672
6675
6679
6674
6679
6672
6680
6678
6687
6684
6686
6678
6688
6689
6689
6684
6671
6681
6681
6677
6684
6681
6674
6672
6664
6664
6664
6666
6671
6684
6681
6680
6684
6697
6697
6696
6690
6698
6681
6679
6684
6693
6690
6689
6687
6685
6684
6683
6689
6696
6697
6691
6688
6680
6683
6685
6679
6670
6654
6647
6647
6646
6646
6649
6649
6651
6645
6634
6635
6640
6643
6645
6645
6652
6647
6651
6662
6662
6671
6669
6667
6656
6652
6641
6658
6650
6663
6670
6681
6685
6691
6687
6692
6680
6686
6686
6681
6678
6690
6688
6682
6691
6692
6692
6682
6679
6683
6685
6694
6696
6695
6692
6690
6689
6697
6699
6694
6700
6704
6706
6700
6698
6706
6717
6721
6720
6715
6692
6701
6701
6688
6682
6686
6692
6692
6703
6698
6698
6699
6691
6686
6685
6685
6685
6682
6678
6671
6662
6671
6675
6680
6690
6686
6686
6685
6683
6680
6686
6689
6692
6693
6695
6693
6689
6700
6692
6692
6690
6697
6701
6704
6684
6671
6680
6675
6682
6675
6666
6664
6655
6655
6655
6655
6658
6659
6658
6664
6640
6640
6640
6648
6661
6658
6660
6660
6650
6650
6654
6662
6661
6659
6661
6660
6640
6640
6640
6640
6640
6640
6640
6622
6624
6628
6630
6630
6630
6633
6636
6631
6638
6643
6647
6645
6640
6641
6637
6634
6624
6636
6631
6627
6627
6632
6628
6627
6621
6616
6603
6606
6606
6600
6604
6611
6606
6609
6606
6602
6608
6604
6585
6582
6585
6590
6589
6600
6610
6614
6617
6617
6617
6617
6617
6619
6619
6613
6610
6610
6613
6627
6629
6631
6636
6635
6634
6619
6618
6625
6633
6637
6635
6633
6632
6640
6638
6636
6640
6637
6612
6612
6614
6618
6619
6626
6644
6665
6668
6675
6662
6666
6667
6658
6659
6696
6708
6699
6731
6732
6734
6734
6735
6743
6740
6742
6739
6733
6733
6733
6738
6735
6740
6745
6747
6747
6747
6747
6747
6745
6745
6756
6755
6745
6750
6749
6767
6758
6757
6758
6720
6720
6732
6747
6735
6743
6756
6750
6734
6728
6723
6718
6722
6719
6717
6720
6724
6724
6725
6713
6713
6701
6702
6702
6699
6701
6701
6700
6700
6688
6695
6701
6706
6700
6711
6704
6706
6700
6703
6716
6716
6716
6717
6719
6720
6721
6717
6711
6717
6718
6711
6710
6714
6700
6707
6709
6712
6705
6701
6706
6710
6707
6707
6705
6699
6695
6717
6720
6720
6715
6720
6721
6729
6731
6727
6723
6716
6727
6712
6703
6708
6700
6712
6713
6717
6715
6709
6696
6712
6705
6698
6720
6722
6735
6729
6730
6734
6734
6732
6725
6724
6727
6727
6722
6738
6739
6741
6734
6727
6725
6722
6732
6730
6726
6718
6719
6712
6703
6687
6690
6684
6684
6694
6692
6694
6687
6692
6692
6700
6683
6686
6686
6690
6690
6685
6685
6690
6691
6688
6698
6689
6683
6685
6683
6691
6692
6699
6699
6704
6711
6710
6696
6701
6702
6693
6705
6711
6706
6712
6718
6719
6706
6710
6711
6709
6709
6709
6712
6711
6708
6695
6698
6691
6684
6698
6703
6706
6710
6714
6720
6721
6716
6709
6695
6691
6691
6691
6692
6692
6688
6687
6690
6693
6693
6693
6695
6695
6695
6695
6684
6684
6679
6685
6674
6668
6683
6684
6683
6692
6685
6686
6693
6694
6698
6708
6702
6706
6708
6714
6718
6721
6725
6730
6723
6727
6727
6727
6722
6726
6731
6733
6722
6727
6723
6731
6734
6741
6743
6729
6729
6733
6707
6715
6714
6714
6724
6723
6727
6734
6717
6733
6738
6744
6729
6743
6761
6768
6764
6774
6766
6782
6780
6764
6758
6756
6762
6764
6768
6774
6774
6763
6780
6780
6779
6775
6746
6753
6758
6728
6730
6725
6729
6729
6716
6735
6713
6720
6711
6711
6715
6717
6713
6706
6705
6710
6714
6718
6722
6718
6727
6725
6729
6731
6708
6708
6699
6706
6703
6695
6693
6689
6696
6704
6698
6686
6671
6684
6679
6699
6700
6684
6692
6708
6711
6719
6700
6695
6680
6683
6688
6684
6680
6678
6697
6653
6617
6613
6618
6614
6610
6613
6614
6605
6600
6620
6622
6626
6614
6619
6631
6630
6630
6628
6610
6616
6616
6627
6634
6629
6620
6606
6601
6608
6594
6591
6589
6589
6592
6589
6598
6592
6579
6580
6590
6586
6589
6589
6583
6567
6580
6579
6604
6558
6556
6547
6542
6542
6539
6524
6522
6521
6521
6521
6517
6519
6523
6523
6514
6518
6506
6500
6507
6506
6507
6488
6503
6507
6497
6511
6514
6517
6510
6507
6516
6516
6516
6517
6512
6507
6485
6492
6479
6530
6526
6537
6536
6542
6539
6548
6545
6543
6542
6542
6544
6535
6534
6532
6535
6533
6529
6530
6540
6536
6533
6541
6523
6522
6521
6518
6526
6526
6526
6524
6529
6531
6550
6550
6550
6550
6545
6540
6539
6540
6539
6537
6542
6540
6533
6532
6532
6532
6533
6534
6524
6537
6532
6531
6538
6538
6517
6517
6516
6520
6526
6525
6524
6528
6526
6531
6535
6520
6516
6515
6523
6517
6515
6519
6521
6530
6527
6530
6526
6518
6528
6546
6543
6550
6540
6545
6535
6536
6530
6531
6527
6528
6524
6520
6522
6519
6519
6519
6518
6514
6507
6517
6517
6514
6510
6517
6515
6514
6511
6511
6508
6506
6505
6503
6508
6505
6505
6504
6504
6505
6501
6497
6491
6487
6486
6494
6492
6492
6490
6489
6489
6491
6492
6495
6500
6499
6496
6492
6493
6495
6500
6496
6500
6494
6508
6503
6508
6505
6518
6511
6512
6507
6507
6507
6507
6505
6498
6502
6506
6501
6493
6496
6492
6494
6494
6492
6494
6497
6494
6486
6489
6490
6491
6489
6481
6493
6500
6503
6507
6503
6494
6510
6512
6513
6510
6515
6515
6529
6532
6523
6526
6522
6521
6519
6517
6520
6515
6515
6510
6510
6498
6507
6498
6501
6500
6506
6507
6502
6507
6499
6514
6519
6514
6515
6532
6530
6530
6540
6491
6475
6475
6470
6475
6475
6475
6469
6474
6475
6474
6476
6473
6462
6456
6440
6413
6411
6411
6416
6416
6420
6425
6423
6427
6428
6424
6421
6423
6417
6402
6395
6407
6365
6444
6443
6442
6441
6446
6442
6444
6440
6433
6445
6437
6440
6450
6456
6457
6463
6456
6454
6454
6453
6458
6455
6451
6456
6461
6464
6467
6468
6467
6473
6477
6478
6460
6460
6460
6459
6457
6456
6454
6461
6461
6464
6461
6470
6473
6475
6469
6458
6464
6452
6459
6451
6449
6439
6447
6446
6449
6451
6434
6438
6440
6440
6438
6433
6434
6435
6447
6445
6448
6442
6438
6449
6446
6447
6437
6462
6458
6453
6430
6420
6418
6423
6411
6412
6426
6428
6425
6425
6434
6431
6434
6431
6415
6417
6415
6413
6414
6414
6416
6417
6413
6414
6409
6404
6401
6399
6403
6406
6408
6403
6408
6406
6398
6409
6405
6409
6413
6414
6417
6414
6422
6423
6424
6418
6418
6424
6426
6426
6419
6419
6422
6420
6419
6417
6422
6413
6414
6415
6414
6417
6413
6414
6412
6417
6417
6412
6411
6417
6415
6418
6418
6418
6419
6412
6405
6398
6424
6432
6435
6433
6431
6433
6433
6434
6433
6429
6426
6427
6433
6433
6434
6432
6430
6436
6432
6436
6435
6440
6440
6435
6433
6430
6432
6433
6425
6425
6425
6426
6433
6432
6433
6427
6427
6436
6437
6429
6429
6421
6430
6423
6431
6433
6431
6419
6424
6424
6427
6429
6428
6443
6441
6429
6429
6428
6430
6439
6421
6402
6388
6388
6394
6400
6399
6390
6388
6389
6389
6407
6408
6402
6400
6402
6401
6396
6399
6401
6396
6390
6377
6389
6391
6387
6384
6389
6394
6409
6414
6409
6413
6419
6420
6414
6414
6417
6426
6426
6430
6426
6425
6426
6422
6415
6416
6416
6421
6415
6417
6416
6420
6413
6411
6410
6412
6417
6421
6424
6421
6416
6424
6410
6402
6394
6377
6380
6375
6375
6380
6365
6355
6340
6348
6334
6384
6382
6385
6383
6381
6395
6393
6379
6373
6369
6361
6376
6379
6380
6388
6300
6305
6321
6344
6370
6370
6368
6374
6374
6368
6370
6371
6371
6373
6348
6341
6359
6344
6338
6329
6328
6322
6317
6319
6326
6339
6336
6324
6323
6349
6344
6329
6349
6340
6331
6334
6334
6328
6334
6316
6433
6435
6433
6420
6425
6418
6424
6420
6418
6418
6421
6422
6414
6421
6409
6429
6430
6432
6440
6439
6433
6436
6440
6438
6438
6437
6436
6433
6433
6428
6448
6445
6442
6445
6446
6449
6440
6435
6433
6438
6437
6436
6422
6432
6438
6433
6439
6434
6427
6425
6421
6403
6423
6423
6413
6450
6397
6543
6639
6647
6650
6651
6660
6660
6656
6654
6654
6652
6653
6647
6658
6654
6653
6669
6669
6668
6658
6663
6663
6660
6657
6672
6677
6675
6672
6682
6672
6673
6666
6661
6662
6656
6650
6650
6649
6639
6640
6655
6663
6660
6670
6662
6669
6670
6662
6674
6671
6671
6669
6672
6666
6665
6674
6675
6677
6679
6683
6687
6683
6674
6675
6685
6688
6682
6668
6674
6669
6671
6665
6664
6667
6674
6673
6660
6660
6680
6681
6682
6685
6677
6669
6668
6677
6679
6682
6690
6688
6687
6686
6682
6684
6683
6682
6688
6698
6693
6693
6681
6690
6690
6694
6689
6680
6689
6687
6701
6686
6679
6683
6683
6678
6693
6718
6725
6717
6715
6718
6732
6730
6733
6730
6727
6720
6731
6744
6728
6740
6740
6743
6744
6747
6742
6733
6720
6712
6722
6704
6704
6704
6716
6710
6727
6723
6718
6711
6703
6690
6694
6707
6698
6711
6709
6694
6710
6742
6720
6805
6841
6818
6793
6781
6788
6783
6812
6805
6778
6812
6750
6790
6769
6625
6575
6500
6472
6464
6478
6455
6454
6448
6454
6446
6448
6469
6479
6479
6475
6471
6473
6474
6477
6475
6480
6483
6480
6488
6472
6468
6468
6474
6489
6488
6478
6474
6473
6475
6473
6469
6462
6458
6458
6454
6455
6471
6470
6461
6450
6450
6450
6467
6468
6480
6480
6481
6489
6498
6471
6457
6454
6454
6446
6436
6426
6432
6430
6435
6436
6438
6421
6415
6419
6419
6421
6421
6421
6427
6428
6435
6430
6429
6422
6438
6442
6435
6446
6448
6449
6457
6460
6454
6448
6449
6440
6446
6452
6455
6439
6437
6434
6425
6426
6424
6427
6422
6414
6419
6424
6435
6423
6418
6415
6420
6408
6421
6423
6425
6425
6428
6408
6399
6408
6409
6408
6401
6401
6418
6419
6419
6418
6410
6403
6404
6409
6404
6406
6425
6427
6423
6417
6412
6414
6413
6407
6402
6410
6412
6419
6415
6419
6430
6434
6429
6432
6425
6410
6401
6402
6402
6403
6408
6390
6400
6396
6402
6397
6405
6409
6407
6402
6403
6410
6412
6410
6416
6419
6417
6422
6416
6425
6420
6425
6427
6427
6427
6440
6441
6445
6448
6445
6442
6441
6438
6432
6432
6436
6443
6440
6435
6425
6424
6434
6434
6426
6429
6439
6436
6440
6441
6433
6435
6434
6440
6443
6446
6448
6447
6437
6440
6452
6448
6440
6440
6436
6445
6430
6416
6432
6434
6443
6439
6430
6440
6446
6459
6457
6452
6457
6460
6468
6454
6458
6458
6466
6457
6457
6459
6458
6478
6461
6438
6396
6400
6393
6396
6399
6395
6398
6398
6406
6409
6406
6400
6387
6387
6389
6387
6385
6381
6382
6382
6370
6373
6362
6348
6347
6320
6320
6317
6313
6312
6313
6317
6306
6306
6306
6305
6306
6305
6305
6316
6295
6296
6298
6296
6296
6296
6299
6292
6290
6292
6292
6292
6292
6296
6300
6296
6300
6303
6305
6302
6304
6307
6304
6310
6306
6306
6310
6310
6313
6311
6306
6303
6302
6301
6297
6300
6311
6310
6308
6301
6300
6302
6293
6301
6307
6306
6310
6311
6312
6309
6324
6322
6329
6330
6339
6338
6333
6325
6327
6315
6314
6307
6300
6298
6298
6304
6310
6314
6316
6310
6314
6312
6306
6295
6300
6303
6291
6290
6285
6288
6283
6283
6283
6283
6282
6276
6259
6247
6261
6275
6271
6273
6279
6285
6281
6288
6280
6295
6294
6277
6270
6272
6279
6267
6230
6275
6318
6315
6308
6304
6300
6311
6306
6316
6328
6349
6296
6418
6420
6422
6429
6431
6441
6439
6439
6439
6439
6442
6446
6442
6442
6442
6436
6436
6436
6444
6456
6456
6452
6439
6438
6434
6440
6451
6452
6459
6462
6461
6457
6454
6460
6452
6450
6453
6457
6451
6467
6472
6469
6477
6476
6477
6473
6465
6462
6469
6470
6470
6470
6465
6463
6468
6472
6479
6473
6476
6463
6460
6461
6466
6466
6477
6472
6464
6463
6459
6449
6449
6484
6470
6476
6483
6467
6440
6425
6429
6429
6437
6436
6435
6435
6433
6440
6438
6439
6442
6428
6433
6442
6440
6442
6446
6448
6461
6452
6450
6450
6459
6457
6455
6450
6447
6447
6447
6450
6430
6430
6436
6437
6438
6433
6436
6449
6449
6437
6430
6430
6433
6429
6423
6414
6400
6418
6415
6422
6417
6440
6442
6449
6455
6455
6452
6447
6447
6438
6442
6435
6444
6452
6450
6455
6446
6451
6446
6443
6433
6433
6435
6434
6427
6429
6416
6415
6419
6415
6414
6410
6399
6398
6400
6400
6395
6400
6395
6408
6406
6417
6416
6406
6405
6393
6402
6415
6418
6409
6441
6443
6443
6449
6452
6436
6436
6437
6445
6460
6450
6447
6457
6456
6459
6459
6459
6460
6452
6454
6450
6451
6449
6452
6451
6442
6445
6440
6440
6455
6453
6467
6464
6462
6467
6471
6472
6470
6472
6475
6479
6476
6476
6468
6469
6466
6464
6463
6459
6474
6474
6472
6472
6471
6471
6462
6468
6465
6476
6471
6476
6486
6482
6478
6486
6489
6488
6489
6490
6489
6494
6496
6498
6494
6490
6490
6491
6491
6496
6495
6500
6494
6494
6498
6501
6511
6504
6508
6517
6514
6513
6503
6504
6497
6498
6498
6508
6506
6504
6507
6509
6516
6509
6504
6492
6504
6502
6504
6502
6505
6499
6488
6495
6491
6485
6484
6482
6478
6486
6488
6497
6491
6502
6499
6495
6496
6500
6502
6508
6508
6510
6519
6510
6514
6504
6504
6502
6503
6507
6508
6510
6497
6495
6490
6495
6502
6500
6506
6506
6500
6503
6514
6531
6530
6511
6520
6514
6515
6525
6524
6525
6499
6506
6436
6427
6401
6401
6389
6384
6384
6376
6364
6365
6384
6379
6385
6379
6385
6370
6370
6370
6365
6367
6360
6361
6368
6366
6364
6360
6366
6364
6374
6357
6353
6357
6360
6361
6345
6344
6352
6376
6389
6390
6391
6391
6388
6391
6396
6387
6389
6386
6386
6391
6380
6370
6370
6373
6375
6382
6369
6370
6369
6375
6382
6388
6401
6407
6397
6400
6396
6395
6392
6386
6388
6409
6427
6429
6436
6429
6430
6447
6459
6453
6455
6440
6438
6442
6455
6461
6453
6448
6458
6456
6445
6442
6445
6445
6438
6427
6421
6432
6432
6431
6432
6423
6431
6431
6420
6420
6417
6424
6425
6413
6411
6414
6411
6405
6413
6424
6424
6426
6440
6421
6421
6416
6410
6399
6406
6405
6418
6385
6380
6386
6386
6384
6383
6380
6377
6377
6377
6377
6377
6370
6363
6370
6370
6380
6386
6385
6384
6370
6370
6367
6358
6358
6354
6357
6355
6350
6352
6359
6356
6365
6373
6371
6369
6369
6367
6363
6369
6355
6368
6378
6375
6373
6382
6381
6378
6381
6393
6390
6388
6390
6387
6385
6377
6370
6370
6374
6374
6382
6392
6392
6381
6377
6377
6376
6371
6371
6373
6367
6368
6368
6357
6349
6348
6346
6355
6356
6351
6343
6343
6343
6342
6343
6340
6336
6332
6342
6347
6345
6345
6334
6317
6356
6356
6364
6358
6358
6370
6362
6371
6371
6371
6367
6359
6355
6351
6357
6350
6350
6355
6373
6365
6369
6356
6368
6378
6383
6384
6381
6375
6365
6366
6371
6364
6369
6368
6378
6385
6378
6375
6374
6369
6367
6368
6361
6364
6379
6385
6400
6402
6393
6396
6387
6388
6389
6397
6400
6400
6392
6387
6397
6405
6404
6403
6404
6416
6417
6408
6409
6403
6399
6401
6418
6426
6428
6425
6420
6412
6403
6397
6380
6388
6398
6372
6371
6369
6366
6366
6365
6365
6357
6357
6360
6360
6351
6349
6339
6345
6353
6353
6347
6351
6350
6363
6363
6356
6361
6358
6352
6352
6355
6355
6360
6366
6371
6375
6374
6372
6362
6360
6366
6362
6361
6361
6357
6370
6364
6370
6370
6351
6359
6345
6344
6330
6324
6327
6338
6338
6335
6334
6319
6349
6345
6340
6338
6329
6323
6316
6324
6324
6337
6340
6338
6333
6347
6350
6345
6344
6358
6351
6341
6344
6358
6361
6333
6341
6339
6325
6346
6333
6313
6373
6375
6363
6364
6360
6375
6367
6367
6363
6373
6363
6349
6355
6358
6343
6343
6330
6360
6365
6361
6370
6362
6363
6366
6364
6371
6357
6354
6364
6374
6348
6355
6357
6390
6471
6476
6481
6484
6489
6490
6491
6518
6519
6513
6517
6517
6517
6509
6517
6517
6515
6515
6513
6506
6513
6508
6509
6504
6518
6519
6510
6522
6517
6526
6515
6513
6515
6515
6501
6507
6507
6518
6518
6513
6503
6503
6505
6508
6516
6505
6494
6499
6491
6496
6501
6501
6496
6499
6500
6496
6510
6504
6503
6502
6498
6498
6488
6493
6490
6487
6487
6478
6480
6475
6477
6477
6482
6474
6474
6474
6467
6461
6482
6471
6466
6494
6486
6480
6481
6489
6477
6472
6486
6490
6481
6497
6495
6508
6505
6517
6517
6509
6503
6494
6499
6506
6511
6507
6517
6518
6520
6526
6521
6526
6533
6523
6528
6523
6517
6522
6524
6524
6538
6534
6537
6531
6525
6522
6518
6517
6514
6499
6505
6508
6497
6498
6507
6490
6492
6491
6491
6478
6497
6512
6531
6531
6537
6535
6535
6529
6534
6541
6557
6546
6550
6550
6549
6549
6543
6526
6526
6546
6539
6537
6561
6567
6550
6555
6562
6564
6585
6591
6605
6608
6600
6595
6598
6599
6574
6571
6571
6569
6572
6561
6563
6555
6563
6568
6567
6573
6563
6564
6553
6545
6539
6539
6552
6552
6533
6538
6558
6563
6564
6553
6560
6547
6533
6531
6525
6524
6528
6523
6509
6549
6550
6513
6518
6515
6511
6512
6493
6493
6503
6503
6496
6496
6489
6481
6480
6461
6464
6495
6492
6489
6488
6485
6499
6500
6502
6503
6505
6508
6515
6513
6507
6508
6492
6500
6497
6491
6479
6498
6511
6522
6517
6507
6518
6534
6530
6520
6504
6525
6515
6522
6514
6506
6470
6505
6508
6499
6499
6491
6487
6492
6498
6491
6479
6490
6493
6492
6500
6484
6488
6483
6472
6475
6475
6470
6472
6473
6471
6465
6469
6470
6465
6447
6478
6473
6467
6466
6479
6485
6491
6497
6500
6499
6500
6499
6490
6485
6488
6484
6493
6493
6487
6475
6477
6478
6478
6479
6482
6484
6484
6482
6484
6480
6476
6476
6476
6484
6486
6479
6475
6462
6452
6456
6451
6458
6449
6446
6446
6475
6466
6466
6464
6477
6477
6480
6453
6446
6444
6446
6444
6424
6431
6436
6432
6440
6426
6456
6505
6537
6525
6508
6503
6508
6486
6493
6489
6478
6491
6491
6478
6474
6479
6481
6501
6494
6458
6468
6464
6458
6466
6472
6475
6478
6481
6465
6471
6484
6483
6489
6476
6464
6499
6518
6501
6451
6460
6467
6463
6464
6475
6475
6482
6472
6468
6465
6462
6452
6431
6429
6424
6429
6442
6446
6438
6428
6432
6437
6447
6473
6472
6483
6489
6475
6466
6468
6483
6483
6489
6517
6511
6504
6509
6491
6465
6465
6452
6434
6415
6419
6420
6422
6410
6405
6413
6411
6409
6422
6420
6429
6418
6415
6414
6403
6416
6418
6412
6440
6407
6367
6351
6362
6360
6364
6354
6353
6348
6340
6334
6340
6347
6342
6352
6353
6360
6351
6355
6349
6343
6348
6347
6322
6322
6330
6323
6330
6326
6317
6317
6313
6302
6294
6279
6286
6279
6273
6275
6273
6270
6278
6275
6267
6276
6276
6286
6288
6292
6296
6279
6287
6279
6270
6274
6274
6269
6271
6279
6286
6291
6276
6262
6269
6262
6255
6271
6249
6253
6227
6250
6343
6347
6349
6350
6348
6348
6397
6405
6403
6397
6406
6415
6412
6414
6413
6411
6419
6395
6405
6403
6405
6410
6416
6414
6409
6406
6402
6411
6435
6429
6423
6415
6416
6412
6400
6401
6398
6402
6395
6393
6392
6396
6398
6404
6392
6400
6400
6409
6405
6404
6404
6406
6406
6403
6412
6407
6433
6408
6397
6395
6386
6409
6403
6393
6390
6401
6398
6412
6407
6397
6386
6400
6416
6415
6418
6418
6403
6410
6389
6393
6407
6400
6397
6405
6409
6396
6391
6389
6395
6389
6412
6359
6358
6357
6340
6342
6347
6339
6348
6339
6336
6330
6325
6336
6336
6341
6354
6342
6343
6340
6338
6349
6332
6330
6330
6326
6329
6334
6325
6304
6302
6308
6319
6333
6346
6316
6340
6329
6334
6416
6434
6458
6444
6451
6436
6430
6426
6429
6436
6438
6425
6437
6434
6418
6424
6417
6418
6432
6435
6446
6451
6452
6474
6461
6443
6456
6443
6428
6399
6400
6384
6395
6396
6400
6400
6408
6407
6395
6398
6392
6386
6410
6410
6410
6400
6406
6404
6412
6412
6399
6410
6391
6405
6394
6386
6380
6383
6384
6386
6385
6392
6392
6381
6391
6388
6404
6414
6408
6407
6379
6374
6393
6391
6400
6394
6394
6388
6392
6398
6379
6381
6314
6314
6310
6296
6299
6298
6300
6300
6294
6292
6288
6300
6279
6271
6285
6296
6271
6293
6302
6295
6291
6305
6304
6308
6310
6301
6293
6304
6300
6317
6318
6318
6292
6297
6302
6297
6289
6275
6267
6280
6307
6308
6321
6313
6317
6325
6315
6300
6297
6289
6283
6289
6286
6292
6288
6283
6284
6269
6266
6264
6252
6257
6257
6254
6274
6253
6254
6267
6289
6290
6291
6308
6314
6297
6280
6263
6261
6265
6256
6261
6269
6264
6244
6244
6258
6262
6269
6265
6275
6272
6263
6271
6258
6251
6260
6249
6267
6264
6305
6344
6349
6348
6346
6347
6355
6394
6369
6369
6380
6429
6429
6442
6438
6450
6440
6420
6432
6429
6425
6417
6423
6391
6393
6390
6427
6378
6374
6369
6369
6357
6357
6354
6350
6378
6367
6367
6371
6372
6378
6371
6356
6343
6343
6342
6366
6321
6356
6356
6433
6434
6425
6476
6491
6520
6515
6516
6497
6498
6503
6504
6525
6530
6536
6538
6539
6536
6530
6544
6556
6554
6557
6567
6577
6590
6578
6568
6570
6544
6542
6543
6550
6544
6560
6559
6567
6567
6570
6574
6598
6575
6563
6555
6542
6560
6555
6573
6577
6566
6572
6584
6559
6611
6569
6478
6460
6450
6449
6446
6441
6458
6459
6445
6434
6419
6435
6427
6450
6460
6443
6416
6417
6419
6380
6370
6382
6382
6367
6373
6377
6370
6347
6355
6350
6344
6350
6355
6350
6373
6372
6374
6385
6385
6384
6388
6370
6397
6394
6390
6380
6392
6383
6374
6379
6354
6344
6328
6330
6326
6329
6339
6344
6338
6338
6352
6353
6345
6343
6349
6342
6337
6337
6327
6327
6310
6322
6322
6324
6324
6307
6323
6318
6337
6340
6351
6354
6359
6351
6342
6350
6359
6354
6362
6368
6377
6380
6385
6323
6338
6328
6348
6354
6352
6347
6333
6337
6368
6372
6376
6382
6392
6397
6398
6394
6399
6408
6405
6401
6429
6443
6464
6441
6440
6433
6428
6469
6445
6446
6426
6407
6406
6409
6419
6418
6410
6410
6373
6369
6358
6357
6347
6346
6365
6348
6350
6340
6327
6327
6330
6326
6310
6306
6302
6319
6303
6305
6300
6301
6300
6302
6302
6315
6306
6305
6307
6307
6316
6309
6314
6305
6310
6337
6341
6342
6331
6344
6330
6336
6336
6343
6319
6340
6336
6362
6293
6287
6285
6290
6289
6271
6241
6252
6252
6246
6225
6236
6243
6255
6267
6270
6270
6261
6248
6258
6275
6260
6265
6254
6258
6239
6231
6233
6228
6216
6217
6214
6212
6213
6201
6201
6222
6218
6208
6199
6201
6205
6215
6214
6217
6200
6189
6200
6200
6206
6240
6255
6221
6210
6194
6170
6193
6181
6157
6156
6144
6118
6133
6139
6133
6114
6105
6105
6105
6101
6099
6092
6120
6127
6122
6117
6127
6115
6123
6105
6090
6103
6113
6121
6107
6084
6084
6089
6080
6071
6071
6075
6079
6074
6083
6092
6090
6076
6078
6075
6101
6104
6106
6097
6087
6101
6068
6060
6059
6048
6051
6047
6038
6045
6039
6036
6037
6034
6044
6028
6028
6028
6046
6057
6065
6057
6088
6082
6037
6037
6029
6033
6031
6039
6029
6024
6015
6014
6013
6010
6030
6027
6006
6010
6025
6032
6033
6034
6049
6049
6049
6046
6043
6014
6037
6034
6029
6038
6029
6025
6007
6005
6005
6052
6030
6037
6045
6054
6070
6057
6088
6110
6125
6125
6128
6126
6128
6128
6124
6128
6140
6160
6150
6136
6133
6121
6120
6129
6128
6108
6115
6102
6138
6118
6124
6041
6044
6040
6035
6040
6039
6034
6017
6015
6012
6011
6012
6023
6018
6023
6003
6004
6012
6003
6029
6032
6023
6019
6019
6026
6036
6040
6040
6035
6035
6031
6036
6052
6053
6065
6049
6041
6039
6044
6031
6044
6040
6034
6025
6027
6024
6029
6032
6038
6035
6029
6032
6037
6031
6022
6026
6029
6030
6035
6046
6039
6033
6017
6008
6027
6035
6039
6034
6030
6057
6049
6040
5978
5979
5967
5970
5968
5965
5981
5989
5976
5972
5969
5966
5957
5955
5971
5971
5978
5984
5982
5989
5986
5979
5974
5970
5978
5960
5952
5984
5992
5997
5991
5992
5997
5990
6000
6005
6001
6000
5994
5985
5997
6000
5998
6000
6015
6007
6016
6006
6000
5993
5991
6001
5984
5985
5972
5970
5961
5951
5946
5963
5978
5945
5926
5919
5939
5941
5935
5947
5958
5954
5956
5995
5972
5948
5953
5930
6030
6032
6083
6079
6196
6204
6207
6207
6217
6192
6208
6225
6219
6240
6240
6240
6228
6200
6206
6214
6234
6240
6242
6253
6253
6255
6252
6253
6263
6259
6272
6268
6270
6270
6279
6279
6274
6264
6269
6254
6257
6255
6262
6262
6247
6247
6249
6249
6256
6236
6244
6244
6240
6250
6248
6242
6256
6262
6261
6261
6272
6263
6262
6259
6257
6272
6263
6281
6289
6292
6281
6278
6279
6286
6281
6268
6230
6234
6237
6240
6235
6236
6238
6236
6229
6233
6224
6217
6215
6226
6226
6226
6245
6252
6252
6241
6241
6240
6234
6249
6249
6250
6233
6237
6234
6220
6220
6217
6229
6228
6211
6213
6227
6234
6226
6230
6234
6230
6227
6207
6176
6199
6190
6205
6215
6208
6190
6216
6218
6222
6233
6219
6292
6295
6291
6288
6319
6327
6328
6327
6317
6314
6300
6302
6295
6296
6294
6278
6320
6330
6351
6350
6353
6351
6345
6347
6370
6372
6369
6371
6370
6367
6381
6383
6383
6372
6364
6371
6382
6393
6397
6410
6416
6413
6405
6400
6393
6393
6390
6416
6416
6419
6409
6400
6404
6413
6409
6443
6448
6451
6451
6461
6455
6461
6450
6451
6446
6452
6452
6443
6446
6441
6448
6442
6451
6452
6453
6455
6459
6457
6467
6455
6452
6453
6462
6465
6464
6464
6465
6468
6466
6463
6470
6469
6463
6463
6465
6460
6462
6461
6456
6457
6462
6463
6466
6477
6475
6479
6494
6482
6482
6484
6477
6475
6471
6483
6471
6469
6462
6500
6489
6474
6462
6481
6465
6448
6441
6427
6429
6429
6426
6425
6434
6431
6416
6414
6415
6401
6401
6408
6410
6418
6419
6420
6420
6413
6409
6405
6403
6348
6347
6332
6329
6314
6320
6333
6334
6337
6349
6353
6345
6343
6346
6345
6345
6343
6337
6331
6351
6352
6349
6347
6348
6347
6342
6346
6354
6351
6346
6346
6348
6346
6348
6339
6337
6339
6345
6355
6346
6340
6335
6327
6327
6328
6321
6322
6320
6316
6320
6321
6322
6321
6320
6318
6313
6320
6320
6320
6320
6321
6326
6321
6323
6327
6332
6332
6332
6336
6334
6332
6329
6325
6335
6339
6338
6334
6326
6330
6330
6329
6326
6325
6324
6332
6327
6313
6311
6310
6310
6310
6309
6306
6316
6312
6315
6319
6315
6313
6318
6335
6339
6340
6340
6340
6347
6337
6336
6336
6344
6334
6339
6349
6363
6353
6354
6363
6354
6354
6339
6339
6339
6334
6331
6330
6343
6330
6331
6330
6330
6338
6334
6331
6327
6331
6333
6314
6314
6312
6311
6317
6309
6314
6314
6311
6308
6322
6327
6330
6315
6347
6441
6487
6333
6330
6294
6296
6289
6300
6286
6294
6294
6297
6297
6305
6317
6314
6311
6305
6296
6290
6289
6290
6287
6287
6301
6303
6316
6317
6320
6315
6320
6326
6314
6308
6308
6314
6312
6313
6312
6316
6321
6333
6326
6327
6331
6338
6324
6306
6291
6300
6320
6310
6297
6311
6317
6325
6333
6347
6340
6330
6326
6314
6314
6317
6316
6296
6305
6307
6305
6310
6305
6306
6315
6320
6314
6317
6317
6312
6308
6298
6308
6297
6305
6314
6265
6263
6246
6246
6248
6261
6257
6266
6265
6249
6250
6241
6242
6249
6245
6239
6224
6316
6326
6319
6314
6317
6317
6316
6327
6327
6345
6330
6333
6320
6316
6303
6312
6328
6330
6327
6323
6323
6340
6337
6325
6340
6333
6338
6338
6309
6310
6313
6321
6329
6323
6313
6316
6335
6336
6320
6321
6308
6304
6300
6297
6300
6303
6309
6306
6317
6306
6310
6303
6301
6298
6310
6302
6303
6320
6314
6319
6320
6330
6330
6326
6327
6316
6317
6314
6330
6340
6331
6342
6322
6322
6322
6320
6320
6321
6324
6327
6329
6325
6315
6316
6329
6335
6328
6329
6337
6331
6325
6324
6335
6347
6365
6306
6300
6288
6270
6277
6273
6277
6272
6266
6263
6268
6258
6272
6267
6272
6275
6266
6265
6251
6258
6267
6273
6276
6266
6282
6281
6281
6278
6275
6272
6277
6273
6270
6280
6294
6292
6290
6290
6285
6283
6290
6280
6277
6287
6280
6280
6288
6295
6294
6292
6286
6286
6282
6286
6279
6273
6273
6273
6273
6272
6271
6267
6256
6260
6264
6267
6266
6271
6273
6263
6265
6266
6258
6243
6269
6278
6284
6282
6294
6299
6221
6220
6210
6209
6192
6205
6233
6264
6341
6333
6341
6349
6370
6372
6385
6400
6407
6401
6406
6396
6395
6397
6407
6407
6404
6399
6399
6395
6391
6395
6390
6390
6395
6388
6384
6385
6395
6385
6393
6390
6390
6390
6390
6386
6386
6386
6392
6401
6394
6389
6400
6385
6385
6393
6385
6391
6380
6390
6394
6396
6397
6399
6400
6400
6404
6384
6385
6382
6390
6393
6381
6384
6376
6376
6378
6374
6370
6373
6384
6381
6383
6410
6417
6402
6392
6396
6405
6405
6409
6420
6405
6409
6412
6429
6429
6430
6441
6424
6430
6387
6409
6336
6118
6119
6122
6116
6109
6108
6118
6121
6110
6098
6105
6107
6107
6113
6127
6127
6120
6118
6111
6115
6125
6123
6126
6119
6134
6123
6130
6140
6130
6119
6124
6109
6115
6115
6112
6107
6110
6112
6119
6121
6116
6115
6118
6116
6124
6124
6102
6093
6105
6108
6104
6118
6118
6127
6095
6083
6085
6088
6081
6091
6094
6094
6084
6092
6095
6103
6106
6108
6107
6111
6107
6104
6100
6099
6112
6091
6088
6107
6108
6117
6122
6120
6121
6125
6131
6121
6121
6121
6127
6112
6116
6115
6113
6113
6113
6111
6111
6112
6103
6100
6104
6107
6108
6101
6102
6107
6108
6100
6104
6115
6131
6128
6124
6127
6123
6134
6130
6130
6123
6126
6124
6106
6112
6117
6097
6101
6096
6095
6095
6114
6072
6072
6077
6071
6077
6075
6075
6081
6081
6083
6077
6089
6090
6100
6092
6100
6110
6094
6090
6086
6091
6102
6092
6089
6090
6097
6000
6058
6087
6092
6098
6101
6110
6106
6110
6105
6106
6115
6129
6115
6114
6115
6108
6113
6115
6115
6100
6099
6099
6104
6101
6102
6092
6090
6104
6104
6124
6122
6121
6130
6131
6138
6139
6130
6131
6130
6130
6134
6134
6110
6089
6106
6105
6104
6109
6109
6104
6091
6104
6105
6113
6107
6096
6098
6097
6097
6092
6090
6122
6090
6106
6109
6112
6117
6123
6128
6129
6120
6132
6137
6155
6160
6140
6143
6149
6133
6146
6150
6150
6085
6080
6079
6092
6094
6092
6096
6092
6088
6095
6094
6107
6103
6115
6101
6097
6090
6083
6095
6100
6071
6107
6119
6108
6110
6110
6114
6127
6098
6064
6065
6094
6131
6134
6134
6119
6106
6120
6137
6128
6093
6067
6062
6096
6028
6172
6194
6197
6159
6343
6352
6367
6396
6395
6397
6391
6405
6401
6400
6391
6390
6390
6390
6407
6404
6407
6396
6405
6403
6409
6405
6400
6414
6405
6398
6402
6399
6401
6389
6408
6400
6401
6398
6405
6418
6403
6402
6422
6366
6353
6352
6375
6380
6385
6384
6377
6392
6367
6375
6380
6373
6384
6377
6427
6427
6439
6438
6436
6434
6430
6432
6453
6453
6457
6457
6460
6451
6467
6465
6447
6448
6446
6445
6443
6444
6422
6420
6427
6430
6426
6434
6418
6423
6434
6446
6425
6430
6450
6438
6483
6489
6500
6500
6503
6503
6490
6488
6487
6502
6512
6497
6495
6490
6486
6498
6486
6482
6495
6478
6491
6481
6476
6472
6476
6488
6469
6469
6460
6450
6335
6346
6357
6355
6351
6359
6359
6374
6375
6385
6375
6378
6357
6361
6362
6359
6358
6347
6363
6367
6370
6377
6378
6367
6367
6376
6377
6380
6363
6354
6356
6359
6360
6354
6366
6351
6362
6359
6353
6364
6355
6355
6366
6350
6407
6426
6420
6409
6416
6422
6413
6431
6454
6460
6465
6466
6465
6465
6456
6458
6457
6456
6462
6465
6471
6478
6480
6459
6440
6440
6450
6455
6446
6444
6458
6458
6459
6461
6460
6458
6459
6477
6464
6455
6436
6433
6427
6425
6427
6427
6404
6414
6425
6440
6439
6436
6434
6429
6429
6424
6420
6407
6407
6402
6413
6421
6422
6467
6469
6467
6464
6480
6468
6473
6472
6476
6481
6481
6484
6484
6485
6470
6472
6468
6477
6471
6479
6486
6482
6482
6478
6478
6492
6495
6520
6523
6524
6529
6538
6534
6536
6537
6527
6510
6532
6546
6554
6554
6554
6557
6574
6574
6558
6556
6557
6557
6556
6575
6573
6567
6562
6556
6565
6548
6557
6545
6549
6555
6571
6585
6583
6588
6600
6591
6596
6595
6599
6599
6599
6587
6582
6584
6584
6578
6587
6584
6585
6586
6587
6625
6590
6595
6589
6595
6590
6587
6603
6513
6513
6511
6496
6499
6494
6494
6496
6495
6494
6494
6499
6497
6492
6491
6485
6492
6486
6480
6480
6480
6469
6475
6466
6463
6463
6466
6470
6467
6469
6503
6476
6476
6465
6461
6472
6471
6471
6474
6473
6470
6468
6470
6475
6477
6482
6488
6485
6485
6485
6482
6484
6475
6478
6467
6463
6441
6450
6442
6456
6455
6462
6460
6460
6455
6464
6460
6454
6471
6478
6475
6467
6460
6454
6469
6469
6457
6446
6445
6443
6450
6446
6450
6458
6457
6487
6483
6483
6481
6480
6477
6475
6481
6502
6501
6502
6501
6529
6529
6509
6504
6475
6468
6465
6450
6460
6450
6459
6461
6456
6438
6440
6448
6426
6417
6419
6416
6402
6399
6416
6278
6253
6249
6213
6231
6267
6260
6260
6261
6256
6265
6255
6248
6262
6298
6323
6325
6324
6326
6317
6326
6329
6329
6316
6321
6321
6339
6339
6340
6338
6336
6345
6340
6344
6345
6336
6333
6338
6323
6324
6323
6321
6318
6325
6325
6323
6337
6338
6331
6331
6331
6326
6329
6316
6318
6318
6320
6326
6331
6324
6313
6316
6319
6315
6315
6315
6317
6316
6302
6300
6310
6312
6314
6315
6324
6322
6322
6324
6334
6313
6309
6308
6314
6314
6320
6309
6338
6336
6355
6353
6355
6338
6341
6347
6347
6352
6358
6350
6347
6344
6340
6347
6354
6343
6340
6334
6335
6336
6344
6337
6333
6333
6342
6363
6366
6369
6339
6345
6325
6327
6324
6311
6308
6305
6309
6308
6311
6305
6301
6303
6300
6302
6296
6298
6295
6295
6281
6284
6293
6297
6299
6320
6319
6318
6313
6322
6324
6322
6320
6317
6310
6312
6306
6298
6303
6297
6301
6303
6298
6293
6294
6304
6283
6283
6297
6290
6307
6303
6325
6309
6299
6300
6301
6279
6263
6276
6281
6278
6270
6264
6243
6249
6250
6234
6262
6270
6271
6272
6279
6287
6284
6286
6273
6281
6272
6295
6297
6310
6287
6284
6278
6287
6280
6288
6291
6288
6302
6308
6316
6325
6323
6320
6308
6311
6309
6310
6317
6304
6331
6331
6320
6293
6300
6330
6330
6330
6341
6331
6325
6315
6341
6316
6306
6324
6241
6230
6186
6189
6189
6165
6175
6212
6243
6250
6257
6257
6248
6251
6253
6262
6245
6257
6278
6262
6260
6258
6263
6264
6273
6234
6255
6282
6292
6280
6255
6268
6259
6422
6431
6430
6445
6446
6457
6459
6472
6472
6480
6476
6475
6476
6484
6486
6489
6475
6477
6474
6474
6483
6483
6479
6470
6458
6459
6456
6460
6452
6451
6460
6465
6466
6476
6477
6475
6468
6441
6467
6468
6463
6465
6470
6476
6473
6462
6469
6467
6479
6477
6488
6484
6488
6490
6490
6483
6498
6501
6495
6488
6479
6476
6485
6492
6514
6515
6510
6510
6520
6511
6513
6506
6492
6498
6499
6491
6491
6485
6473
6473
6482
6489
6484
6482
6488
6485
6487
6487
6485
6468
6467
6451
6446
6495
6491
6493
6498
6504
6495
6485
6488
6495
6487
6477
6499
6500
6494
6517
6492
6481
6482
6491
6485
6478
6475
6471
6471
6463
6473
6445
6490
6478
6488
6488
6501
6500
6512
6523
6526
6532
6526
6523
6524
6519
6510
6508
6541
6540
6539
6535
6535
6528
6540
6542
6555
6526
6514
6518
6530
6518
6520
6519
6534
6537
6527
6504
6407
6436
6438
6412
6457
6449
6482
6481
6488
6493
6497
6491
6486
6486
6478
6483
6486
6493
6508
6583
6585
6595
6593
6584
6594
6602
6595
6593
6620
6607
6605
6605
6605
6608
6610
6596
6592
6597
6581
6573
6560
6585
6597
6570
6595
6587
6603
6604
6603
6602
6607
6605
6600
6593
6600
6600
6600
6595
6607
6628
6627
6634
6634
6615
6593
6604
6604
6590
6584
6593
6690
6691
6718
6718
6708
6740
6739
6728
6727
6719
6713
6731
6731
6704
6740
6744
6740
6734
6747
6752
6779
6740
6740
6737
6737
6729
6736
6742
6742
6734
6723
6718
6720
6730
6727
6737
6728
6737
6731
6724
6708
6716
6713
6684
6706
6748
6802
6877
6899
6874
6870
6908
6888
6886
6888
6895
6977
7000
7026
7075
7085
7095
7092
7091
7091
7091
7091
7093
7091
7095
7102
7099
7097
7091
7084
7087
7082
7079
7079
7079
7078
7077
7095
7114
7108
7108
7103
7101
7094
7095
7088
7105
7095
7100
7101
7107
7107
7114
7119
7119
7119
7122
7120
7111
7127
7128
7117
7112
7097
7100
7098
7108
7110
7117
7108
7103
7094
7096
7099
7096
7097
7086
7087
7079
7077
7066
7062
7073
7078
7069
7068
7069
7064
7069
7076
7077
7075
7092
7087
7093
7112
7120
7130
7128
7127
7125
7143
7128
7122
7102
7103
7097
7099
7097
7096
7104
7094
7098
7093
7094
7078
7074
7074
7070
7072
7077
7086
7088
7088
7087
7090
7090
7055
7056
7054
7056
7047
7054
7056
7047
7043
7042
7041
7043
7035
7045
7050
7056
7061
7061
7057
7046
7045
7047
7047
7044
7041
7062
7064
7057
7058
7057
7060
7042
7036
7037
7037
7037
7045
7025
7027
7021
7020
7023
7018
7034
7036
7030
7034
7037
7039
7033
7044
7048
7042
7060
7040
6946
6946
6951
6945
6939
6946
6939
6937
6930
6921
6920
6930
6924
6923
6924
6930
6935
6936
6943
6941
6956
6956
6954
6953
6946
6952
6953
6954
6962
6948
6949
6946
6946
6953
6953
6949
6945
6947
6941
6941
6942
6933
6935
6943
6934
6939
6940
6934
6932
6944
6948
6954
6950
6954
6949
6943
6944
6948
6948
6947
6947
6950
6945
6951
6945
6931
6934
6919
6921
6918
6921
6914
6907
6908
6915
6920
6912
6909
6915
6912
6924
6929
6936
6937
6938
6955
6953
6960
6949
6946
6968
6977
6965
6971
6968
6965
6962
6922
6923
6923
6918
6927
6925
6934
6925
6932
6932
6924
6918
6930
6929
6922
6919
6931
6877
6877
6879
6880
6865
6869
6879
6862
6853
6856
6848
6849
6846
6878
6876
6871
6863
6865
6869
6863
6888
6890
6877
6880
6883
6840
6903
6910
6906
6913
6912
6914
6911
6915
6912
6912
6915
6917
6917
6913
6939
6939
6942
6944
6936
6936
6932
6928
6928
6930
6931
6931
6937
6932
6930
6924
6925
6914
6923
6916
6920
6922
6919
6918
6912
6911
6911
6913
6907
6908
6911
6911
6935
6938
6938
6931
6936
6937
6937
6937
6941
6934
6914
6922
6938
6931
6926
6940
6944
6945
6951
6947
6959
6961
6967
6970
6971
6970
6963
6973
6969
6970
6973
6967
6946
6933
6935
6935
6940
6923
6925
6913
6923
6928
6932
6937
6946
6950
6940
6937
6930
6928
6923
6904
6925
6902
6892
6888
6937
6930
6936
6943
6932
6941
6945
6970
6973
6972
6955
6961
6968
6970
6984
6980
6979
6980
6979
6979
6969
6956
6942
6945
6951
6966
6967
6974
6975
6978
6977
6972
6983
6972
6968
6963
6969
6964
6959
6957
6961
6957
6974
6976
6972
6968
6961
6977
6984
6982
6976
6975
6981
6991
6995
6987
6988
6970
6964
6968
6968
6982
6978
6964
6984
6988
6991
7000
6989
6994
7015
7015
7007
7022
7023
7053
7070
7087
7086
7085
7082
7075
7076
7078
7079
7083
7097
7098
7098
7098
7098
7096
7102
7102
7105
7089
7076
7072
7078
7071
7097
7086
7083
7080
7072
7082
7085
7083
7096
7102
7110
7108
7111
7111
7112
7111
7109
7097
7100
7104
7106
7095
7091
7096
7096
7095
7089
7090
7095
7107
7101
7106
7108
7108
7106
7129
7124
7129
7134
7131
7136
7138
7127
7124
7126
7140
7141
7131
7129
7136
7077
7072
7058
7050
7047
7049
7050
7055
7051
7050
7058
7050
7051
7050
7056
7056
7059
7056
7058
7073
7067
7061
7066
7059
7056
7034
7035
7027
7024
7019
7023
7035
7037
7038
7039
7036
7030
7025
7031
7025
7016
7018
7019
7031
7032
7017
7052
7042
7042
7042
7036
7034
7033
7050
7046
7047
7053
7063
7040
7040
7024
7015
7016
7012
7004
7009
7015
7015
7019
7018
7007
7009
7013
7010
7014
7014
7020
7034
7016
7008
7010
7013
7003
6996
6997
7001
6992
6998
6973
6975
6977
6985
6990
6998
6998
6985
6996
6976
6972
6974
6969
6960
6960
6956
6977
7005
7011
7006
7005
6999
7014
7037
7020
7010
7016
7016
7009
7009
7006
6994
7007
7011
6998
7009
7008
7003
7014
6996
6988
6991
6988
6992
6915
6920
6920
6908
6911
6940
6947
6949
6950
6954
6956
6965
6964
6970
6980
6978
6990
6985
6974
6972
6978
6961
6958
6978
7004
7026
7030
7035
7035
7035
7035
7039
7038
7051
7054
7050
7054
7034
7034
7032
7032
7022
7027
7036
7021
7021
7024
7030
7039
7042
7047
7041
7041
7058
7056
7053
7046
7069
7067
7070
7053
7008
7004
7004
7002
6997
6994
6994
6992
6992
6994
6989
6985
6986
6989
6995
6999
6984
6984
6984
6984
6984
6981
6996
6991
6997
6992
7000
6974
6969
6973
6974
6942
6937
6946
6963
6963
6969
6969
6971
6973
6967
6964
6965
6966
6971
6969
6966
6966
6961
6956
6962
6970
6975
6974
6971
6980
6980
6984
6984
6984
6993
6988
6991
6986
6986
6985
6985
6968
6988
6984
6984
6985
6982
6983
6989
6983
6972
6969
6975
6980
6978
6972
6970
6970
6979
6983
7001
7004
7005
7006
7009
6999
6999
6993
6998
6965
6964
6967
6947
6957
6944
6942
6926
6920
6922
6925
6928
6933
6931
6938
6927
6929
6937
6951
6936
6921
6929
6915
6908
6897
6915
6914
6910
6914
6933
6929
6942
6950
6955
6941
6980
6977
7000
7011
7009
7012
7016
7016
7010
7003
7000
7000
7003
7007
7007
7002
7002
7004
6999
6999
7009
7008
7013
7017
7008
7013
7008
7006
7018
7012
7010
7009
6998
7000
7005
7000
7000
7000
6992
6986
7003
7021
7028
7030
7018
7000
6993
6990
6992
6982
6983
6982
6978
6984
6980
6980
6979
6986
6986
6984
6984
6985
6973
6993
6987
6985
6995
6994
6991
6991
6977
6991
6993
7001
6997
7003
6981
6972
6968
6973
6973
6973
6989
6982
6981
6984
6980
6992
7008
7005
7000
6998
6995
6981
6973
6980
6956
6955
6960
6941
6977
6983
6996
6981
6974
6990
6990
6989
6992
7023
7025
7025
7020
7000
7000
6980
6971
7000
6997
7006
6994
7013
7025
7011
7020
6983
6979
7001
7007
7044
7050
7070
7073
7075
7072
7055
7052
7054
7072
7072
7069
7059
7055
7044
7028
7036
7092
7215
7237
7246
7236
7240
7252
7259
7261
7258
7259
7250
7248
7245
7242
7258
7263
7250
7253
7217
7251
7239
7307
7313
7358
7375
7372
7370
7375
7373
7373
7392
7405
7414
7420
7412
7394
7392
7392
7386
7392
7397
7382
7395
7393
7406
7395
7389
7381
7385
7402
7417
7415
7459
7458
7460
7456
7455
7453
7453
7451
7442
7430
7427
7444
7445
7458
7462
7463
7459
7457
7464
7461
7455
7457
7457
7457
7465
7478
7474
7471
7459
7473
7468
7451
7448
7446
7444
7444
7444
7447
7435
7442
7451
7449
7445
7437
7444
7454
7443
7428
7419
7420
7415
7423
7413
7443
7440
7435
7438
7440
7453
7455
7455
7456
7455
7454
7461
7461
7463
7464
7464
7462
7458
7463
7457
7465
7464
7458
7455
7455
7440
7444
7440
7443
7443
7446
7442
7447
7447
7448
7453
7453
7451
7458
7453
7450
7450
7453
7460
7462
7459
7456
7456
7471
7469
7469
7463
7461
7465
7462
7465
7475
7474
7477
7482
7473
7474
7479
7476
7484
7460
7466
7474
7478
7467
7468
7462
7454
7454
7441
7438
7440
7441
7448
7439
7436
7435
7462
7474
7448
7436
7422
7411
7408
7408
7407
7410
7399
7404
7403
7400
7391
7414
7409
7402
7412
7425
7410
7401
7411
7413
7395
7389
7382
7358
7401
7426
7428
7425
7423
7409
7417
7417
7419
7416
7412
7413
7416
7420
7438
7442
7436
7437
7404
7399
7397
7391
7385
7387
7381
7379
7382
7380
7378
7378
7379
7373
7381
7386
7386
7396
7390
7388
7394
7379
7383
7378
7394
7393
7391
7386
7388
7381
7393
7478
7459
7472
7528
7524
7525
7516
7519
7518
7524
7526
7528
7515
7513
7515
7489
7486
7485
7482
7482
7482
7485
7489
7487
7483
7485
7483
7478
7471
7468
7469
7472
7471
7476
7477
7462
7462
7456
7462
7470
7475
7473
7475
7478
7480
7480
7474
7472
7474
7473
7466
7468
7474
7477
7472
7466
7462
7461
7463
7461
7448
7455
7465
7472
7472
7471
7466
7478
7471
7487
7485
7478
7476
7468
7451
7418
7418
7408
7408
7382
7381
7376
7381
7379
7373
7372
7381
7382
7384
7392
7378
7374
7369
7368
7370
7371
7365
7354
7353
7360
7350
7340
7341
7335
7340
7337
7347
7345
7355
7359
7345
7342
7345
7349
7353
7361
7363
7364
7358
7359
7359
7357
7354
7352
7353
7350
7349
7353
7344
7344
7351
7346
7340
7347
7359
7362
7357
7359
7378
7377
7382
7374
7407
7410
7388
7386
7388
7360
7351
7349
7359
7358
7353
7317
7319
7317
7326
7327
7307
7321
7319
7349
7356
7356
7367
7343
7351
7350
7342
7342
7342
7342
7342
7330
7330
7338
7335
7340
7341
7337
7328
7345
7347
7360
7312
7311
7310
7294
7307
7305
7321
7315
7319
7318
7301
7309
7322
7335
7338
7340
7342
7342
7343
7346
7347
7346
7344
7342
7340
7347
7352
7357
7351
7354
7358
7347
7349
7348
7348
7356
7351
7341
7334
7330
7331
7333
7332
7326
7340
7338
7337
7337
7335
7342
7348
7343
7334
7333
7364
7360
7359
7366
7355
7360
7364
7321
7385
7383
7379
7367
7375
7381
7484
7495
7500
7493
7484
7490
7490
7520
7542
7538
7538
7550
7544
7546
7547
7549
7547
7550
7556
7564
7552
7552
7552
7552
7558
7558
7555
7556
7549
7537
7536
7526
7522
7522
7534
7529
7528
7543
7539
7543
7565
7565
7559
7558
7554
7556
7557
7552
7554
7558
7568
7570
7569
7571
7575
7566
7561
7556
7553
7538
7541
7532
7546
7542
7542
7546
7554
7521
7528
7527
7529
7516
7505
7513
7514
7507
7504
7506
7498
7492
7494
7508
7502
7493
7489
7500
7529
7510
7508
7534
7554
7569
7567
7574
7573
7569
7566
7564
7580
7572
7589
7568
7575
7531
7488
7493
7527
7529
7527
7527
7521
7517
7518
7525
7526
7534
7533
7546
7547
7551
7540
7539
7536
7549
7553
7550
7550
7542
7543
7542
7541
7537
7534
7513
7512
7515
7513
7502
7500
7501
7507
7517
7519
7524
7523
7521
7481
7484
7491
7532
7537
7548
7540
7527
7525
7532
7536
7532
7533
7541
7537
7543
7562
7564
7560
7562
7562
7564
7573
7570
7565
7579
7581
7558
7570
7566
7568
7557
7570
7581
7589
7575
7571
7569
7569
7573
7585
7576
7574
7587
7573
7577
7573
7569
7579
7585
7615
7617
7628
7627
7627
7626
7628
7637
7653
7652
7640
7635
7640
7633
7633
7636
7633
7632
7632
7627
7643
7640
7647
7656
7658
7656
7653
7653
7655
7660
7660
7663
7666
7664
7665
7672
7671
7666
7676
7685
7683
7681
7697
7674
7668
7665
7666
7646
7646
7646
7643
7641
7646
7645
7644
7652
7659
7663
7664
7666
7671
7667
7658
7651
7651
7649
7651
7652
7650
7643
7638
7636
7633
7630
7633
7634
7630
7627
7633
7642
7648
7647
7646
7643
7643
7642
7645
7648
7645
7652
7652
7651
7648
7648
7639
7647
7643
7631
7639
7642
7633
7648
7653
7676
7683
7662
7664
7661
7691
7690
7690
7686
7685
7684
7676
7671
7674
7676
7670
7652
7663
7660
7655
7649
7652
7676
7681
7681
7677
7692
7688
7689
7694
7670
7663
7662
7648
7650
7652
7659
7658
7628
7622
7631
7624
7613
7613
7606
7600
7600
7589
7590
7592
7601
7590
7605
7609
7597
7595
7575
7574
7568
7573
7591
7601
7592
7596
7611
7600
7611
7595
7547
7558
7556
7550
7530
7477
7454
7480
