10699
10580
10540
10500
10540
10498
10500
10458
10306
10300
10151
10180
10213
10278
10243
10196
10281
10240
10204
10144
10073
9980
9945
9976
9945
9960
9945
9961
9994
9991
9980
9960
9956
9975
9945
9897
9873
9900
9914
9904
9883
9861
9839
9809
9891
9883
9881
9865
9870
9890
9907
9943
9931
9938
9911
9940
10035
9984
9961
9904
9852
9787
9832
9832
9845
9860
9790
9751
9702
9727
9735
9735
9770
9764
9709
9699
9686
9648
9660
9696
9595
9585
9572
9574
9510
9577
9525
9486
9442
9500
9373
9385
9440
9450
9500
9500
9520
9600
9559
9617
9630
9639
9658
9638
9665
9674
9611
9612
9655
9648
9640
9613
9620
9640
9709
9764
9786
9786
9805
9805
9848
9864
9846
9823
9848
9886
9900
9894
9926
9930
9891
9889
9782
9779
9792
9700
9760
9760
9768
9766
9746
9757
9728
9720
9743
9811
9771
9841
9845
9834
9741
9709
9667
9669
9671
9617
9743
9734
9800
9737
9747
9797
9830
9840
9809
9822
9849
9788
9789
9727
9711
9840
9899
9878
9840
9846
9792
9760
9779
9711
9885
9867
9881
9908
9838
10044
10070
10023
10000
10030
10071
9993
10077
10077
10162
10114
10134
10144
10105
9949
9918
9870
9858
9858
9858
9889
9889
9890
9888
9873
9989
9920
9915
9901
9798
9834
9722
9709
9696
9651
9619
9614
9598
9630
9612
9605
9602
9570
9583
9587
9530
9576
9603
9570
9600
9618
9635
9700
9655
9669
9540
9599
9657
9903
9890
9864
9853
9874
9810
9820
9820
9850
9815
9752
9693
9691
9661
9661
9667
9665
9671
9670
9658
9626
9649
9703
9710
9669
9720
9727
9656
9587
9600
9618
9535
9540
9320
9330
9210
9180
9205
9290
9270
9268
9282
9300
9370
9399
9385
9377
9377
9380
9310
9334
9379
9357
9420
9443
9430
9349
9293
9220
9200
9247
9230
9246
9242
9224
9293
9302
9171
9146
9233
9300
9260
9348
9350
9438
9411
9450
9452
9393
9328
9234
9245
9209
9247
9265
9299
9265
9218
9231
9146
9069
9150
9213
9238
9089
9350
9316
9270
9198
9210
9241
9300
9529
9569
9758
9764
9880
9830
9853
9900
9905
9800
9800
9777
9738
9700
9840
9900
9868
9868
9836
9800
9767
9719
9750
9734
9706
9680
9646
9722
9479
9723
9886
9880
9806
9893
9802
10099
10120
10156
10145
10175
10161
10094
10011
10101
10118
10101
10136
10200
10194
10220
10202
10229
10228
10208
10151
10150
10180
10248
10280
10304
10298
10297
10256
10232
10232
10200
10195
10184
10085
10091
10140
10175
10188
10198
10165
10155
10125
10103
10135
10000
10082
10080
10143
10103
10211
10260
10291
10345
10254
10254
10243
10297
10267
10237
10377
10393
10389
10360
10531
10537
10560
10545
10539
10533
10512
10525
10612
10618
10618
10600
10558
10600
10545
10524
10503
10497
10449
10465
10448
10426
10375
10382
10407
10367
10330
10400
10407
10466
10465
10444
10454
10418
10409
10380
10390
10361
10298
10268
10275
10221
10226
10336
10328
10380
10408
10400
10400
10337
10255
10254
10245
10250
10250
10279
10247
10200
10155
10049
10049
10048
10045
9977
9979
9980
9988
9939
9992
9930
10034
9989
9845
9750
9790
9787
9845
9834
9870
9850
9650
9794
9675
9845
10002
10003
9950
9900
9898
9880
10106
10291
10189
10200
10323
10325
10229
10190
10204
10190
9920
9890
9843
9920
9867
9781
9700
9795
9795
9941
9869
9869
9869
9869
9869
9869
9869
9844
9810
9824
9604
9321
9365
9365
9289
9300
9350
9420
9475
9603
9661
9810
9853
9896
9870
9920
10000
10049
10069
10125
10325
10311
10306
10300
10250
10250
10347
10469
10430
10565
10567
10566
10600
10679
10542
10524
10570
10712
10819
10810
10800
10750
10700
10800
10850
10931
10885
10980
10980
10940
10820
10773
10900
10832
10821
10825
10795
10810
10600
10500
10511
10449
10489
11171
11159
11189
11192
11145
11160
11190
11150
11249
11350
11361
11150
11186
11199
11101
11063
10955
10963
10955
10945
10951
10920
10910
10907
10921
10904
10916
10906
10906
10840
10840
10840
10836
10745
10744
10755
10834
10856
10866
10821
10873
10875
10831
10820
10808
10826
10819
10797
10766
10749
10744
10744
10744
10717
10709
10699
10625
10650
10731
10710
10727
10731
10738
10735
10730
10650
10639
10635
10645
10600
10600
10607
10642
10634
10622
10650
10639
10620
10633
10600
10659
10655
10655
10630
10679
10550
10570
10573
10570
10574
10582
10565
10511
10495
10490
10489
10418
10390
10348
10346
10347
10345
10341
10341
10348
10338
10348
10296
10287
10280
10301
10370
10373
10365
10444
10445
10418
10367
10476
10235
10124
10013
10458
10390
10376
10323
10401
10680
10637
10508
10485
10475
10450
10392
10381
10344
10375
10358
10330
10323
10290
10288
10315
10251
10221
10264
10263
10260
10300
10256
10189
10198
10119
10150
10150
10119
10100
10095
10086
10069
10054
10068
10035
10010
9999
9990
9998
9997
9998
9981
9999
9994
9999
9993
9999
9969
9966
9959
9953
9957
9941
9920
9919
9900
9905
9902
9918
9910
9902
9910
9900
9900
9900
9886
9899
9877
9867
9862
9869
9868
9860
9878
9877
9865
9865
9873
9877
9869
9877
9877
9910
9928
9926
9921
9925
9923
9939
9939
9934
9925
9944
9940
9929
9923
9923
9922
9925
9928
9930
9906
9919
9908
9907
9900
9893
9896
9881
9880
9880
9873
9880
9851
9881
9881
9900
9918
9898
9910
9913
9920
9899
9905
9881
9880
9900
9923
9913
9926
9930
9930
9940
9950
9955
9900
9885
9891
9903
9866
9867
9950
9955
9953
9960
9963
9963
9952
9940
9935
9933
9929
9925
9917
9920
9920
9913
9900
9897
9905
9910
9890
9892
9895
9910
9920
9902
9910
9919
9914
9917
9915
9919
9900
9885
9871
9876
9878
9878
9881
9881
9880
9890
9900
9899
9885
9883
9858
9858
9862
9860
9870
9865
9870
9874
9860
9895
9895
9899
9890
9890
9899
9892
9896
9896
9887
9877
9870
9864
9870
9869
9870
9869
9865
9845
9846
9847
9830
9780
9784
9762
9790
9780
9830
9845
9847
9841
9858
9850
9842
9840
9801
9798
9856
9830
9855
9887
9878
9893
9893
9878
9879
9875
9876
9867
9850
9854
9915
9910
9911
9911
9897
9898
9898
9898
9888
9890
9886
9887
9888
9874
9879
9864
9862
9855
9864
9844
9843
9858
9842
9842
9842
9860
9848
9850
9871
9840
9825
9839
9839
9840
9878
9887
9879
9868
9857
9857
9865
9867
9866
9867
9846
9850
9849
9849
9817
9824
9823
9808
9786
9810
9775
9808
9782
9742
9759
9814
9860
9860
9864
9860
9823
9820
9816
9809
9826
9840
9786
9816
9816
9819
9854
9843
9843
9849
9850
9838
9838
9845
9838
9830
9838
9833
9825
9833
9840
9854
9800
9831
9824
9816
9821
9809
9800
9789
9789
9805
9771
9760
9799
9808
9796
9776
9772
9770
9739
9747
9744
9744
9701
9668
9650
9667
9692
9693
9705
9705
9701
9695
9701
9680
9680
9695
9694
9695
9689
9691
9650
9673
9651
9646
9653
9640
9633
9628
9645
9674
9672
9654
9665
9665
9658
9672
9683
9654
9660
9650
9661
9650
9601
9685
9685
9673
9681
9667
9669
9661
9660
9655
9695
9688
9694
9700
9700
9700
9699
9703
9680
9670
9674
9700
9702
9691
9708
9709
9686
9696
9689
9707
9699
9669
9657
9662
9663
9650
9641
9626
9624
9610
9626
9627
9627
9622
9627
9599
9595
9595
9595
9593
9595
9595
9595
9570
9575
9595
9640
9620
9621
9638
9639
9626
9639
9646
9628
9597
9599
9568
9559
9550
9589
9577
9577
9574
9531
9527
9500
9500
9532
9515
9500
9498
9498
9505
9536
9543
9515
9523
9512
9497
9500
9504
9520
9525
9524
9511
9526
9526
9535
9550
9578
9566
9560
9581
9575
9565
9558
9549
9549
9550
9500
9504
9497
9480
9483
9540
9579
9573
9538
9540
9510
9530
9550
9588
9590
9610
9617
9630
9635
9648
9629
9650
9635
9635
9623
9640
9654
9649
9649
9650
9644
9649
9655
9654
9638
9640
9655
9626
9651
9610
9616
9609
9599
9599
9591
9601
9606
9606
9627
9627
9627
9581
9600
9600
9640
9635
9640
9640
9640
9635
9640
9640
9639
9620
9615
9632
9637
9639
9639
9670
9662
9660
9610
9605
9605
9613
9589
9585
9572
9560
9560
9540
9550
9530
9540
9512
9545
9550
9545
9562
9549
9525
9548
9540
9510
9494
9495
9485
9486
9400
9411
9409
9381
9377
9346
9288
9402
9468
9484
9529
9553
9437
9683
9715
9719
9690
9696
9680
9666
9667
9654
9654
9668
9680
9638
9627
9589
9569
9597
9577
9581
9550
9544
9522
9522
9534
9538
9544
9544
9542
9532
9532
9545
9526
9575
9575
9591
9540
9534
9535
9525
9525
9525
9522
9487
9496
9505
9512
9512
9485
9484
9508
9521
9567
9568
9560
9565
9517
9516
9516
9512
9517
9517
9500
9480
9517
9505
9487
9517
9498
9448
9446
9464
9490
9490
9490
9485
9517
9517
9516
9517
9494
9475
9478
9496
9481
9481
9456
9420
9390
9355
9459
9525
9580
9590
9585
9595
9585
9555
9555
9548
9584
9579
9536
9530
9510
9500
9494
9512
9550
9550
9500
9519
9520
9517
9500
9479
9464
9479
9420
9371
9320
9327
9327
9352
9350
9330
9329
9309
9271
9246
9245
9263
9213
9213
9210
9247
9266
9280
9279
9243
9227
9235
9235
9255
9243
9250
9238
9230
9232
9223
9229
9225
9210
9200
9109
9109
9109
9040
9079
9146
9110
9134
9140
9120
9142
9157
9135
9138
9165
9171
9172
9149
9146
9180
9200
9185
9200
9240
9237
9100
8990
9180
9200
9195
9180
9190
9177
9174
9194
9197
9333
9318
9330
9353
9360
9354
9334
9290
9280
9285
9280
9228
9198
9171
9175
9195
9179
9181
9180
9163
9179
9180
9181
9164
9300
9238
9209
9200
9164
9100
9131
9140
9110
9121
9121
9075
9070
9068
9053
9035
9023
9022
9016
8999
8995
8990
8975
8961
8961
8973
8940
8934
8930
8940
8950
8952
8947
8954
8965
8967
8953
8959
8951
8954
8948
8929
8923
8936
8956
8955
8959
8960
8954
8950
8934
8948
8939
8948
8948
8930
8903
8915
8915
8902
8922
8904
8913
8905
8912
8907
8910
8931
8930
8910
8896
8900
8900
8930
8931
8940
8918
8923
8918
8890
8890
8900
8899
8879
8879
8868
8859
8823
8810
8801
8800
8821
8823
8819
8800
8845
8860
8850
8851
8850
8847
8855
8871
8879
8878
8845
8845
8840
8849
8840
8814
8899
8900
8895
8897
8905
8930
8940
8940
8928
8937
8943
8935
8924
8927
8900
8870
8839
8825
8888
8918
8940
8921
8925
8936
8923
8920
8942
8955
8950
8945
8940
8947
8945
8944
8910
8905
8905
8907
8910
8908
8910
8905
8905
8900
8900
8882
8880
8890
8891
8889
8850
8855
8849
8852
8855
8824
8826
8814
8846
8858
8876
8877
8876
8875
8860
8854
8809
8802
8802
8802
8801
8800
8790
8794
8788
8767
8767
8767
8767
8750
8773
8778
8778
8778
8769
8770
8771
8769
8735
8753
8735
8732
8693
8689
8720
8678
8700
8773
8802
8811
8850
8809
8798
8796
8796
8778
8794
8794
8786
8751
8731
8729
8749
8773
8733
8800
8810
8810
8799
8780
8777
8785
8750
8759
8747
8742
8735
8734
8735
8713
8711
8722
8720
8706
8702
8720
8721
8702
8673
8656
8657
8658
8655
8662
8662
8666
8685
8689
8690
8690
8700
8699
8689
8685
8699
8685
8700
8676
8690
8690
8701
8693
8681
8663
8651
8659
8660
8660
8660
8663
8657
8653
8649
8647
8651
8650
8658
8666
8650
8650
8645
8663
8639
8659
8639
8660
8658
8650
8667
8664
8656
8656
8629
8621
8621
8614
8613
8610
8630
8619
8621
8598
8629
8631
8630
8624
8631
8643
8644
8590
8612
8606
8653
8650
8650
8644
8645
8645
8639
8638
8663
8669
8659
8671
8670
8650
8650
8650
8655
8650
8621
8635
8635
8650
8645
8631
8626
8620
8672
8674
8667
8660
8660
8650
8650
8607
8626
8599
8587
8586
8596
8597
8588
8580
8582
8590
8600
8591
8599
8564
8542
8553
8545
8565
8553
8568
8583
8583
8582
8576
8566
8572
8568
8580
8570
8550
8598
8604
8591
8631
8633
8603
8599
8580
8580
8570
8585
8600
8616
8610
8584
8586
8533
8544
8530
8521
8510
8474
8474
8465
8441
8443
8439
8428
8410
8419
8398
8418
8370
8371
8374
8355
8364
8351
8391
8389
8390
8382
8392
8381
8399
8400
8374
8375
8361
8412
8382
8384
8380
8366
8359
8372
8399
8391
8382
8373
8338
8348
8338
8300
8297
8339
8321
8329
8347
8350
8350
8350
8340
8278
8267
8233
8230
8220
8221
8200
8185
8185
8185
8185
8185
8185
8185
8185
8180
8165
8165
8184
8185
8179
8185
8185
8185
8182
8185
8185
8185
8185
8182
8195
8194
8170
8170
8170
8198
8198
8188
8188
8160
8160
8149
8155
8155
8147
8155
8155
8155
8154
8155
8155
8150
8150
8150
8150
8150
8150
8185
8172
8168
8160
8155
8161
8161
8157
8157
8168
8168
8167
8150
8149
8148
8131
8130
8126
8124
8144
8149
8149
8149
8150
8165
8165
8165
8165
8165
8165
8150
8144
8150
8180
8169
8200
8198
8194
8192
8195
8190
8222
8211
8209
8201
8194
8199
8220
8220
8218
8215
8215
8214
8214
8203
8206
8211
8216
8226
8254
8250
8254
8247
8250
8260
8253
8254
8259
8240
8240
8249
8251
8254
8241
8241
8255
8255
8261
8264
8279
8269
8265
8260
8230
8225
8225
8207
8214
8240
8193
8192
8218
8213
8206
8221
8215
8214
8201
8214
8215
8201
8212
8213
8200
8236
8258
8270
8270
8274
8275
8263
8265
8278
8278
8275
8244
8260
8254
8264
8265
8241
8250
8250
8249
8240
8235
8235
8232
8228
8225
8220
8218
8227
8217
8225
8228
8228
8210
8209
8217
8203
8177
8173
8185
8180
8193
8180
8179
8190
8175
8175
8180
8145
8145
8155
8165
8170
8177
8182
8189
8184
8173
8173
8181
8186
8181
8181
8187
8190
8200
8206
8213
8206
8194
8205
8205
8188
8186
8180
8195
8180
8176
8171
8153
8186
8170
8178
8205
8207
8207
8219
8215
8209
8210
8209
8196
8201
8207
8201
8211
8210
8204
8210
8183
8195
8200
8194
8177
8174
8187
8177
8180
8216
8215
8214
8215
8227
8228
8228
8219
8220
8236
8239
8219
8233
8260
8249
8248
8246
8244
8240
8245
8240
8245
8241
8219
8201
8210
8197
8186
8185
8177
8185
8182
8182
8194
8188
8165
8150
8175
8190
8215
8198
8180
8160
8160
8172
8141
8188
8176
8196
8250
8248
8220
8234
8228
8266
8282
8280
8294
8290
8299
8271
8279
8300
8256
8242
8244
8174
8175
8155
8155
8140
8128
8145
8145
8145
8181
8179
8191
8170
8170
8160
8151
8131
8122
8128
8129
8136
8129
8112
8113
8110
8113
8106
8100
8100
8100
8100
8092
8080
8080
8080
8080
8064
8054
8043
8043
8049
8071
8074
8068
8045
8023
8036
8051
8029
8088
8089
8088
8089
8080
8080
8091
8101
8116
8116
8115
8117
8116
8101
8083
8087
8087
8086
8081
8081
8042
8050
8036
8022
8019
8027
8036
8034
8033
8000
8000
8024
8015
7957
7957
7957
7945
7956
7910
7920
7956
7952
7955
7942
7980
8012
7946
7989
7999
8000
8000
8018
8010
8000
8050
8047
8052
8066
8080
8035
8030
8028
8000
8008
8044
8030
8030
8035
8085
8069
8086
8048
8080
8080
8090
8120
8118
8121
8131
8122
8108
8143
8149
8158
8155
8162
8162
8170
8170
8159
8169
8170
8170
8170
8166
8166
8146
8150
8148
8150
8149
8150
8155
8155
8170
8159
8170
8152
8163
8171
8172
8167
8151
8172
8170
8175
8173
8169
8175
8171
8171
8168
8153
8159
8152
8148
8159
8140
8138
8138
8138
8138
8132
8132
8145
8155
8160
8157
8150
8147
8146
8146
8150
8155
8150
8150
8142
8143
8140
8129
8144
8135
8130
8133
8135
8149
8149
8160
8148
8158
8160
8146
8142
8124
8139
8148
8143
8131
8150
8134
8132
8155
8164
8162
8170
8170
8164
8171
8175
8163
8163
8163
8163
8162
8151
8150
8162
8164
8168
8199
8195
8192
8191
8192
8184
8190
8190
8198
8202
8186
8200
8174
8174
8155
8178
8196
8174
8174
8179
8190
8201
8194
8191
8200
8200
8200
8229
8223
8212
8198
8176
8180
8176
8180
8170
8149
8149
8148
8158
8152
8160
8149
8123
8177
8159
8141
8144
8156
8131
8131
8138
8138
8123
8134
8134
8127
8115
8130
8137
8131
8100
8087
8100
8083
8095
8120
8122
8142
8143
8152
8141
8188
8189
8183
8174
8167
8171
8179
8197
8140
8140
8133
8159
8151
8194
8174
8175
8168
8159
8193
8186
8189
8133
8115
8098
8106
8081
8148
8226
8218
8216
8211
8223
8250
8257
8257
8248
8248
8248
8229
8232
8238
8237
8250
8250
8246
8250
8250
8241
8241
8250
8250
8265
8270
8250
8249
8250
8237
8238
8244
8244
8242
8220
8203
8198
8198
8201
8210
8211
8212
8199
8192
8182
8192
8203
8205
8203
8204
8210
8198
8209
8202
8194
8204
8186
8243
8238
8231
8207
8214
8219
8225
8220
8208
8208
8200
8192
8192
8182
8190
8178
8216
8195
8201
8242
8215
8215
8220
8213
8239
8222
8218
8213
8240
8232
8255
8260
8265
8265
8260
8260
8244
8239
8229
8240
8237
8265
8253
8263
8255
8230
8250
8280
8263
8255
8265
8268
8240
8232
8235
8246
8246
8236
8237
8220
8186
8187
8200
8200
8200
8187
8196
8196
8188
8187
8200
8200
8200
8200
8200
8195
8180
8179
8174
8170
8170
8189
8180
8174
8181
8190
8188
8188
8175
8169
8183
8185
8184
8180
8166
8171
8155
8155
8149
8150
8147
8125
8125
8117
8118
8118
8120
8122
8114
8123
8117
8120
8100
8100
8100
8150
8150
8145
8146
8125
8175
8185
8206
8213
8212
8211
8215
8192
8190
8186
8175
8190
8188
8190
8241
8243
8244
8240
8232
8230
8221
8229
8199
8195
8194
8216
8214
8232
8201
8199
8199
8195
8201
8197
8173
8180
8189
8173
8161
8124
8124
8183
8170
8187
8179
8197
8209
8188
8197
8196
8203
8235
8232
8249
8250
8238
8251
8209
8257
8279
8266
8278
8278
8279
8268
8263
8261
8250
8282
8275
8260
8269
8275
8265
8306
8299
8309
8310
8306
8306
8300
8309
8300
8288
8286
8283
8290
8300
8304
8300
8296
8295
8290
8298
8295
8289
8274
8275
8280
8267
8267
8267
8258
8256
8269
8250
8239
8270
8275
8275
8270
8275
8279
8276
8280
8300
8299
8285
8279
8270
8276
8270
8256
8280
8280
8278
8255
8255
8278
8279
8294
8270
8246
8270
8262
8250
8246
8239
8226
8209
8203
8203
8210
8215
8218
8191
8203
8200
8200
8198
8168
8166
8167
8168
8153
8153
8154
8165
8168
8160
8165
8153
8130
8140
8126
8128
8117
8126
8126
8133
8130
8122
8141
8140
8127
8145
8145
8157
8154
8158
8158
8150
8146
8128
8127
8130
8129
8122
8104
8093
8111
8134
8121
8147
8152
8178
8152
8152
8152
8158
8165
8171
8185
8167
8157
8145
8136
8159
8156
8147
8161
8180
8154
8137
8149
8148
8132
8137
8143
8108
8135
8115
8114
8140
8152
8137
8155
8165
8150
8140
8130
8130
8122
8108
8139
8100
8075
8082
8079
8054
8073
8113
8105
8132
8130
8133
8132
8124
8124
8124
8135
8150
8150
8150
8117
8100
8083
8095
8097
8097
8090
8041
8058
8050
8099
8095
8070
8096
8064
8036
7960
7986
8037
8034
8036
8041
8070
8083
8123
8132
8103
8123
8092
8170
8133
8195
8214
8219
8208
8188
8189
8151
8160
8161
8130
8167
8151
8137
8084
8157
8157
8139
8125
8126
8109
8061
8085
8173
8213
8210
8204
8215
8240
8242
8256
8255
8260
8265
8265
8250
8249
8252
8291
8292
8290
8296
8297
8298
8297
8298
8282
8275
8280
8289
8282
8292
8290
8310
8310
8305
8305
8298
8290
8275
8315
8313
8313
8294
8297
8274
8275
8300
8304
8298
8289
8286
8299
8285
8271
8329
8338
8325
8327
8328
8337
8340
8340
8337
8334
8335
8333
8344
8326
8334
8339
8339
8340
8351
8350
8340
8325
8318
8316
8312
8308
8275
8250
8230
8226
8225
8219
8221
8221
8219
8216
8216
8240
8210
8217
8219
8199
8231
8226
8223
8237
8250
8200
8209
8205
8210
8210
8199
8193
8193
8206
8175
8175
8177
8180
8177
8177
8178
8177
8176
8174
8159
8161
8181
8178
8175
8181
8188
8184
8185
8195
8182
8194
8198
8175
8163
8163
8160
8161
8149
8157
8172
8174
8171
8149
8145
8161
8174
8187
8190
8190
8197
8174
8172
8182
8191
8181
8157
8160
8139
8155
8117
8109
8117
8075
8073
8080
8067
8049
8055
8055
8090
8100
8090
8057
8050
8048
8116
8074
8070
8055
8059
8074
8053
8041
8017
7947
7956
7923
7921
7902
7906
7910
7910
7900
7887
7843
7838
7879
7891
7900
7890
7826
7944
7858
7910
7946
7878
7865
7780
7808
8039
8025
8039
8045
8043
8039
8039
8060
8065
8111
8164
8140
8145
8146
8163
8193
8199
8198
8200
8208
8206
8200
8238
8238
8230
8206
8206
8206
8206
8206
8206
8197
8207
8208
8207
8204
8204
8203
8203
8198
8200
8201
8206
8209
8205
8193
8245
8240
8268
8261
8268
8261
8252
8260
8260
8265
8239
8235
8235
8240
8240
8240
8240
8240
8249
8233
8252
8220
8234
8237
8254
8250
8231
8227
8220
8227
8220
8210
8190
8190
8193
8196
8196
8198
8197
8197
8205
8216
8219
8221
8221
8223
8210
8224
8217
8199
8211
8207
8201
8195
8213
8204
8211
8210
8210
8216
8225
8217
8229
8229
8225
8225
8204
8200
8201
8203
8209
8205
8200
8192
8196
8212
8198
8197
8210
8210
8214
8222
8214
8212
8216
8228
8239
8235
8227
8253
8254
8239
8236
8230
8242
8240
8236
8231
8233
8233
8234
8226
8225
8227
8226
8226
8228
8234
8235
8221
8221
8235
8232
8230
8230
8212
8210
8206
8213
8210
8188
8186
8183
8190
8190
8194
8196
8189
8214
8215
8220
8212
8220
8222
8223
8181
8181
8175
8159
8170
8169
8188
8194
8176
8172
8139
8134
8129
8121
8147
8134
8130
8149
8147
8146
8120
8140
8108
8103
8077
8042
8036
8036
8036
8036
8019
8019
8010
8010
8005
8005
8010
8015
8001
7999
7999
7999
7999
7999
8000
7990
7977
7977
7999
7999
7973
7961
7968
7988
7961
7985
8002
7990
8008
8000
8012
8012
7999
8000
8002
8017
8020
8002
8000
8019
8004
7986
7992
8004
8015
8011
8010
8007
8008
7980
7970
7970
7976
7979
7960
7950
7950
7971
7959
7958
7973
7988
7982
7974
8007
8017
8015
8008
8005
7981
7965
7943
7948
7941
7943
7944
7934
7934
7952
7953
7959
7959
7974
7970
7946
7946
7945
7934
7930
7960
7960
7964
7964
7960
7957
7964
7962
7957
7945
7931
7920
7923
7927
7927
7909
7930
7930
7930
7932
7919
7925
7963
7962
7968
7960
7971
7966
7973
7964
7952
7975
7973
7970
7977
7977
7973
7970
7978
7977
7985
7993
7982
7999
7998
7999
7992
7991
7993
8000
8019
8023
8008
8008
8004
8010
8009
8001
8001
8011
8011
8000
8005
8010
8010
8007
8040
8040
8035
8036
8017
8016
8030
8008
8007
8007
8007
8007
7981
7976
7980
7978
7981
7985
7989
7992
7980
8006
7980
7985
7980
7981
7996
7999
7950
7964
7992
7986
8019
8026
8039
8039
8026
8037
8038
8025
8037
8031
8035
8040
8017
8006
8005
8039
8044
8057
8065
8074
8060
8056
8018
8006
8003
8013
7999
8000
8000
8003
8020
8016
8004
7968
7970
7960
7960
7960
7960
7975
7950
7900
7968
7972
7980
7980
8000
7980
7965
8000
8004
7994
7978
7980
8000
8034
8029
8002
8000
7992
7970
7960
7945
7957
7950
7880
7883
7875
7878
7820
7794
7784
7780
7778
7780
7788
7769
7740
7740
7740
7740
7739
7739
7739
7738
7739
7739
7738
7735
7700
7734
7740
7751
7740
7740
7748
7734
7779
7779
7779
7779
7787
7773
7772
7768
7775
7800
7789
7761
7753
7751
7747
7745
7725
7719
7711
7710
7710
7747
7739
7726
7722
7726
7742
7740
7727
7740
7749
7775
7775
7773
7765
7777
7771
7771
7768
7770
7765
7771
7771
7775
7771
7776
7779
7790
7783
7776
7788
7790
7778
7780
7778
7780
7780
7783
7785
7785
7782
7780
7787
7777
7780
7781
7770
7762
7760
7755
7763
7754
7732
7725
7729
7732
7730
7730
7721
7712
7700
7704
7693
7692
7714
7688
7700
7700
7700
7676
7681
7682
7702
7732
7746
7736
7751
7753
7740
7732
7751
7754
7757
7755
7749
7749
7760
7760
7760
7760
7748
7778
7770
7766
7752
7736
7746
7790
7775
7799
7807
7800
7787
7790
7811
7803
7803
7803
7807
7799
7805
7802
7806
7787
7776
7786
7786
7780
7810
7807
7814
7788
7785
7787
7788
7789
7789
7789
7790
7788
7793
7802
7786
7811
7824
7818
7805
7805
7807
7800
7801
7803
7805
7800
7799
7818
7818
7818
7786
7789
7787
7772
7779
7779
7770
7761
7750
7749
7735
7790
7792
7792
7778
7791
7781
7777
7768
7764
7754
7757
7768
7772
7746
7774
7776
7789
7799
7807
7810
7805
7794
7794
7786
7795
7794
7779
7785
7798
7798
7800
7824
7826
7813
7814
7800
7790
7784
7795
7791
7801
7804
7800
7813
7809
7806
7802
7837
7840
7839
7845
7823
7830
7836
7775
7749
7748
7748
7742
7748
7751
7725
7735
7723
7743
7744
7734
7757
7757
7751
7748
7733
7726
7732
7718
7731
7751
7766
7760
7725
7725
7762
7762
7757
7745
7749
7767
7768
7759
7750
7749
7750
7752
7727
7735
7724
7734
7750
7752
7700
7698
7705
7710
7710
7700
7684
7681
7669
7672
7643
7643
7634
7659
7650
7662
7672
7674
7663
7675
7679
7683
7659
7660
7659
7663
7679
7678
7700
7674
7670
7647
7650
7666
7680
7680
7688
7698
7709
7687
7700
7690
7680
7665
7661
7650
7667
7685
7690
7691
7678
7650
7646
7656
7658
7680
7674
7700
7700
7706
7708
7714
7701
7733
7730
7740
7742
7724
7736
7712
7740
7720
7719
7700
7680
7720
7737
7745
7782
7799
7789
7738
7756
7740
7721
7722
7710
7733
7744
7725
7723
7726
7710
7723
7751
7745
7762
7753
7753
7726
7726
7727
7738
7735
7752
7778
7779
7781
7782
7785
7788
7789
7781
7811
7800
7816
7815
7814
7816
7798
7790
7760
7750
7814
7796
7781
7780
7770
7772
7770
7721
7699
7720
7708
7723
7723
7722
7715
7715
7722
7717
7659
7650
7640
7625
7625
7640
7635
7632
7615
7640
7677
7656
7672
7678
7645
7645
7630
7652
7628
7654
7654
7658
7670
7650
7668
7682
7694
7680
7719
7680
7696
7719
7681
7682
7688
7682
7675
7690
7690
7688
7690
7677
7690
7691
7720
7670
7670
7642
7589
7562
7516
7519
7536
7547
7560
7554
7618
7594
7616
7640
7625
7618
7588
7575
7544
7536
7539
7540
7571
7485
7470
7460
7455
7450
7469
7470
7483
7473
7451
7461
7464
7465
7458
7480
7500
7506
7505
7510
7504
7500
7520
7551
7550
7552
7565
7613
7606
7622
7640
7636
7646
7633
7600
7619
7628
7645
7646
7633
7560
7540
7649
7615
7584
7616
7635
7623
7623
7662
7674
7684
7665
7716
7728
7730
7760
7760
7715
7715
7721
7720
7696
7710
7714
7747
7750
7749
7750
7750
7744
7770
7772
7777
7785
7724
7725
7700
7724
7743
7758
7696
7694
7690
7620
7646
7667
7673
7683
7695
7709
7720
7720
7718
7693
7747
7765
7772
7768
7768
7777
7763
7791
7824
7812
7780
7792
7786
7779
7770
7770
7784
7815
7826
7832
7840
7829
7835
7830
7839
7827
7826
7830
7828
7849
7850
7850
7850
7850
7861
7853
7853
7853
7852
7805
7799
7803
7825
7841
7840
7845
7845
7845
7840
7840
7815
7811
7819
7819
7820
7788
7863
7859
7860
7866
7861
7860
7870
7874
7891
7890
7908
7913
7913
7913
7910
7892
7884
7887
7882
7895
7858
7919
7919
7910
7982
7985
7985
7980
7990
7981
7958
7956
7954
7948
7910
7920
7905
7901
7932
7934
7912
7927
7918
7920
7925
7940
7948
7928
7933
7883
7859
7864
7854
7850
7839
7830
7825
7837
7850
7847
7848
7812
7811
7812
7800
7827
7843
7830
7804
7804
7819
7835
7838
7822
7760
7794
7818
7799
7911
7861
7864
7868
7829
7823
7850
7814
7825
7820
7808
7806
7856
7860
7880
7866
7880
7881
7895
7895
7860
7832
7818
7815
7775
7774
7774
7774
7774
7757
7783
7764
7725
7726
7727
7700
7719
7706
7772
7780
7798
7746
7723
7698
7680
7683
7696
7680
7647
7640
7646
7646
7621
7557
7540
7600
7537
7628
7624
7723
7798
7797
7765
7750
7764
7772
7745
7830
7842
7851
7846
7852
7880
7881
7877
7876
7889
7895
7900
7909
7891
7884
7885
7880
7881
7884
7927
7924
7924
7924
7904
7898
7913
7900
7848
7848
7857
7833
7840
7850
7850
7859
7867
7885
7901
7904
7906
7902
7890
7890
7893
7870
7911
7900
7900
7892
7920
7930
7961
7955
7955
7949
7950
7922
7925
7915
7898
7943
7864
7871
7879
7860
7873
7871
7873
7859
7864
7886
7865
7863
7878
7853
7805
7842
7848
7852
7840
7850
7877
7900
7875
7884
7884
7920
7889
7945
7958
7950
7950
7982
7971
7992
7985
7953
7940
7922
7904
7963
7955
7940
7930
7941
7940
7897
7873
7898
7897
7843
7870
7860
7849
7833
7786
7855
7845
7862
7876
7877
7875
7850
7837
7817
7790
7799
7808
7822
7781
7776
7808
7815
7827
7802
7887
7878
7931
7924
7953
7976
7973
7953
7889
7850
7850
7724
7730
7729
7736
7730
7725
7730
7738
7735
7729
7738
7730
7716
7700
7707
7740
7777
7749
7746
7765
7747
7767
7767
7767
7816
7793
7810
7770
7772
7770
7749
7741
7750
7750
7752
7729
7777
7771
7690
7684
7655
7695
7690
7692
7675
7710
7620
7600
7591
7550
7495
7507
7474
7471
7475
7475
7480
7480
7462
7444
7445
7446
7459
7458
7459
7467
7479
7468
7468
7449
7450
7450
7454
7446
7448
7470
7471
7475
7473
7461
7470
7481
7465
7479
7481
7468
7466
7488
7479
7505
7496
7481
7487
7496
7510
7480
7460
7450
7430
7420
7420
7415
7423
7410
7433
7430
7430
7425
7426
7416
7409
7419
7405
7405
7400
7391
7385
7416
7422
7397
7434
7435
7451
7470
7469
7451
7451
7450
7444
7432
7421
7462
7448
7450
7464
7466
7453
7470
7471
7478
7460
7471
7426
7400
7428
7435
7380
7407
7446
7458
7479
7473
7500
7495
7480
7476
7476
7520
7520
7509
7520
7500
7490
7478
7468
7465
7463
7454
7444
7449
7447
7441
7404
7400
7408
7383
7388
7410
7380
7350
7427
7415
7413
7410
7400
7451
7430
7390
7345
7340
7345
7330
7268
7275
7264
7264
7270
7290
7283
7297
7297
7290
7298
7261
7243
7242
7242
7239
7240
7251
7241
7231
7237
7234
7238
7228
7230
7230
7212
7208
7206
7208
7209
7206
7206
7201
7186
7201
7199
7207
7191
7206
7201
7190
7183
7221
7225
7234
7233
7225
7193
7209
7201
7221
7232
7218
7235
7213
7240
7230
7256
7203
7200
7195
7189
7185
7196
7194
7165
7177
7180
7172
7203
7158
7131
7158
7157
7157
7161
7161
7136
7136
7136
7160
7150
7157
7149
7157
7200
7246
7230
7244
7230
7245
7259
7238
7270
7254
7248
7242
7242
7245
7244
7240
7234
7280
7294
7248
7249
7220
7220
7215
7222
7215
7204
7211
7214
7222
7242
7235
7244
7250
7268
7250
7249
7237
7250
7275
7267
7279
7275
7258
7310
7279
7260
7251
7266
7286
7272
7279
7300
7285
7285
7275
7275
7275
7270
7255
7263
7260
7254
7284
7285
7290
7350
7334
7304
7295
7292
7293
7245
7243
7205
7230
7224
7210
7198
7199
7199
7198
7198
7196
7131
7121
7160
7141
7146
7127
7139
7140
7150
7170
7150
7176
7181
7176
7180
7180
7155
7181
7204
7167
7163
7160
7203
7203
7203
7198
7198
7186
7173
7165
7160
7157
7112
7132
7140
7142
7134
7164
7180
7189
7179
7177
7181
7215
7243
7243
7234
7227
7244
7231
7254
7269
7264
7262
7252
7229
7253
7250
7230
7251
7193
7201
7204
7222
7184
7188
7223
7193
7238
7245
7245
7247
7249
7250
7258
7162
7166
7176
7175
7180
7120
7118
7118
7108
7145
7133
7169
7150
7151
7152
7192
7209
7220
7231
7235
7236
7218
7222
7200
7170
7143
7148
7155
7160
7128
7125
7111
7110
7101
7116
7114
7061
7060
7050
7030
7030
7026
7021
7017
7020
7019
6992
6979
6985
6973
6975
6973
6970
6966
6950
6950
6940
6943
6950
6939
6926
6927
6926
6927
6929
6929
6929
6901
6915
6958
6984
6979
6975
6975
6973
6978
6989
6986
6985
6982
6982
6973
6973
6955
6952
6952
6948
6950
6940
6933
6930
6933
6949
6940
6947
6938
6932
6939
6927
6924
6922
6926
6920
6920
6901
6942
6942
6920
6930
6937
6930
6939
6946
6922
6922
6922
6915
6917
6918
6900
6884
6887
6882
6872
6873
6864
6860
6862
6860
6852
6855
6840
6846
6852
6855
6858
6871
6860
6853
6849
6852
6843
6850
6849
6850
6857
6850
6837
6841
6837
6799
6794
6805
6823
6851
6868
6850
6860
6857
6870
6864
6865
6838
6866
6833
6835
6860
6845
6850
6898
6871
6901
6897
6897
6875
6892
6850
6785
6782
6783
6795
6803
6769
6783
6772
6772
6789
6756
6750
6755
6781
6718
6717
6706
6706
6696
6690
6677
6695
6615
6607
6600
6600
6607
6608
6603
6600
6593
6590
6586
6579
6568
6584
6552
6550
6577
6555
6556
6585
6568
6574
6580
6590
6595
6581
6595
6573
6594
6611
6592
6611
6625
6635
6627
6636
6614
6611
6595
6607
6600
6583
6588
6584
6584
6587
6616
6625
6634
6617
6617
6621
6626
6643
6626
6633
6628
6630
6621
6640
6648
6607
6615
6626
6652
6615
6611
6613
6593
6595
6586
6585
6584
6584
6556
6567
6583
6556
6555
6557
6528
6530
6530
6530
6537
6530
6531
6531
6533
6557
6552
6590
6590
6585
6554
6557
6561
6561
6542
6575
6591
6603
6604
6584
6601
6611
6612
6610
6595
6598
6590
6595
6602
6580
6605
6592
6606
6607
6589
6555
6540
6553
6552
6541
6542
6570
6539
6541
6553
6558
6565
6565
6553
6554
6556
6573
6581
6564
6573
6568
6570
6597
6596
6586
6595
6597
6590
6597
6587
6581
6585
6599
6599
6578
6575
6568
6570
6560
6556
6554
6520
6505
6497
6540
6534
6534
6525
6497
6539
6514
6524
6513
6524
6530
6525
6516
6533
6533
6564
6557
6558
6570
6553
6547
6546
6534
6529
6492
6483
6497
6503
6470
6480
6537
6544
6534
6562
6568
6585
6530
6530
6535
6548
6545
6551
6562
6551
6596
6609
6616
6622
6618
6617
6628
6627
6626
6620
6611
6596
6619
6619
6619
6599
6614
6635
6634
6570
6559
6567
6570
6560
6573
6552
6544
6564
6530
6501
6503
6495
6512
6536
6537
6532
6553
6576
6589
6590
6583
6599
6610
6607
6608
6594
6589
6588
6590
6597
6595
6616
6611
6611
6604
6601
6598
6595
6591
6588
6580
6598
6598
6588
6624
6595
6591
6586
6570
6547
6569
6597
6601
6603
6606
6594
6568
6600
6612
6635
6660
6664
6664
6692
6658
6648
6635
6623
6607
6601
6619
6625
6623
6642
6723
6730
6731
6730
6707
6680
6685
6685
6695
6691
6691
6691
6690
6686
6684
6684
6661
6635
6638
6666
6657
6644
6620
6623
6617
6620
6633
6647
6633
6616
6701
6706
6695
6675
6669
6666
6621
6600
6620
6644
6657
6649
6622
6625
6624
6624
6589
6600
6590
6571
6550
6567
6593
6534
6530
6520
6519
6566
6532
6538
6451
6436
6464
6456
6468
6488
6459
6489
6483
6484
6515
6491
6489
6498
6479
6489
6512
6515
6493
6536
6544
6538
6539
6530
6555
6535
6535
6555
6540
6490
6512
6543
6525
6507
6456
6383
6401
6395
6400
6381
6361
6420
6400
6434
6473
6479
6480
6439
6428
6482
6481
6490
6448
6330
6323
6368
6396
6413
6393
6385
6424
6436
6467
6488
6472
6478
6467
6504
6444
6440
6440
6442
6431
6498
6542
6548
6541
6566
6566
6548
6524
6560
6626
6620
6609
6594
6708
6708
6686
6651
6620
6607
6590
6613
6624
6566
6540
6540
6551
6566
6600
6586
6586
6586
6476
6514
6501
6505
6545
6618
6618
6645
6648
6616
6593
6670
6670
6700
6680
6725
6740
6755
6770
6710
6700
6682
6696
6718
6718
6670
6662
6644
6588
6581
6556
6556
6555
6512
6522
6512
6540
6549
6548
6550
6548
6585
6557
6551
6557
6492
6509
6536
6535
6534
6512
6521
6521
6501
6488
6480
6390
6380
6369
6412
6420
6425
6390
6365
6366
6371
6335
6330
6287
6303
6284
6314
6283
6306
6337
6307
6266
6239
6255
6261
6259
6249
6229
6232
6266
6266
6224
6226
6248
6217
6204
6284
6261
6262
6294
6289
6240
6300
6288
6303
6286
6278
6231
6236
6241
6229
6222
6308
6324
6315
6264
6240
6210
6210
6217
6228
6217
6267
6280
6299
6266
6175
6149
6075
6074
6082
6036
6017
6020
5992
5993
5955
5965
5962
5957
5948
5927
5961
5962
5999
5996
6000
6010
6028
6030
5950
5965
5960
5962
5949
5943
5940
5952
5934
5928
5949
5910
5890
5853
5920
5898
5862
5852
5889
5929
5923
5923
5913
5962
5974
5994
5962
5962
5980
6004
6023
5998
5985
5982
5940
5927
5906
5910
5956
5960
5926
5919
5854
5903
5901
5845
5824
5795
5724
5754
5727
5710
5699
5740
5731
5803
5787
5801
5812
5810
5817
5834
5850
5880
5931
5910
5907
5907
5894
5922
5900
5850
5860
5879
5845
5864
5864
5890
6071
6076
6049
6056
6051
6046
6100
6150
6150
6165
6187
6174
6175
6188
6154
6159
6143
6152
6125
6141
6118
6134
6140
6123
6100
6094
6086
6091
6089
6141
6173
6167
6117
6130
6136
6133
6152
6150
6140
6140
6143
6174
6188
6179
6214
6217
6241
6230
6215
6210
6215
6231
6255
6265
6258
6275
6275
6318
6281
6271
6219
6183
6173
6182
6200
6200
6199
6226
6204
6195
6185
6190
6170
6129
6151
6230
6226
6210
6216
6212
6193
6174
6176
6143
6132
6059
5994
6027
6058
6099
6204
6253
6280
6270
6250
6289
6344
6336
6295
6300
6277
6328
6326
6399
6375
6380
6383
6380
6335
6444
6459
6448
6472
6357
6350
6362
6360
6379
6346
6340
6253
6215
6244
6251
6239
6222
6266
6241
6199
6177
6160
6170
6248
6266
6215
6180
6205
6151
6186
6059
6048
6060
6100
6100
6082
6082
6170
6167
6120
6100
6154
6133
6112
6200
6265
6205
6314
6236
6370
6430
6310
6297
6285
6250
6192
6113
6105
6018
5987
5975
6070
6062
6049
5561
5572
5622
5640
5650
5671
5688
5749
5763
5768
5766
5736
5764
5719
5768
5750
5860
5800
5816
5817
5855
5860
5951
6013
6022
6070
6089
6149
6149
6181
6187
6200
6149
6113
6124
6124
6169
6115
6100
6101
6125
6177
6105
6115
6128
6145
6160
6176
6188
6189
6192
6193
6200
6221
6311
6286
6250
6243
6223
6230
6223
6228
6230
6213
6220
6254
6249
6245
6250
6250
6278
6300
6315
6292
6284
6273
6260
6247
6266
6267
6270
6306
6278
6296
6312
6320
6340
6353
6330
6330
6284
6289
6355
6360
6371
6366
6351
6359
6378
6392
6385
6391
6334
6357
6356
6357
6376
6373
6375
6372
6340
6335
6331
6330
6349
6341
6338
6383
6371
6371
6385
6395
6401
6408
6407
6426
6401
6424
6450
6468
6489
6476
6467
6468
6470
6492
6427
6428
6417
6404
6398
6447
6389
6367
6313
6320
6320
6320
6299
6275
6344
6342
6353
6354
6354
6356
6356
6375
6372
6390
6230
6227
6265
6257
6224
6250
6255
6269
6271
6344
6347
6416
6407
6398
6397
6380
6395
6381
6395
6397
6379
6388
6364
6401
6411
6413
6420
6433
6428
6408
6429
6429
6444
6450
6488
6474
6454
6443
6460
6478
6462
6452
6467
6370
6399
6389
6378
6362
6375
6391
6425
6442
6446
6440
6446
6419
6404
6399
6399
6394
6433
6433
6451
6460
6500
6500
6496
6499
6440
6476
6506
6510
6515
6522
6539
6520
6490
6495
6505
6312
6330
6327
6329
6350
6330
6360
6365
6377
6375
6392
6420
6404
6427
6476
6460
6450
6415
6413
6396
6431
6419
6457
6415
6458
6468
6500
6506
6522
6533
6569
6546
6573
6552
6584
6582
6596
6554
6606
6612
6609
6620
6575
6574
6586
6609
6615
6594
6654
6689
6677
6707
6733
6714
6722
6700
6700
6738
6732
6732
6731
6736
6745
6732
6731
6722
6728
6685
6710
6740
6778
6768
6746
6740
6740
6710
6707
6700
6718
6684
6680
6674
6687
6636
6667
6734
6716
6729
6730
6734
6741
6730
6708
6729
6727
6718
6700
6702
6718
6738
6703
6687
6700
6700
6680
6667
6673
6700
6696
6705
6726
6785
6760
6783
6787
6800
6813
6791
6808
6818
6799
6799
6789
6782
6782
6778
6778
6782
6780
6778
6778
6747
6748
6754
6755
6777
6778
6763
6759
6774
6773
6758
6742
6746
6743
6744
6755
6752
6762
6762
6762
6770
6780
6780
6780
6765
6756
6756
6757
6756
6744
6787
6801
6785
6765
6769
6763
6754
6763
6742
6742
6767
6749
6780
6740
6736
6722
6741
6656
6639
6645
6600
6590
6577
6588
6619
6624
6635
6618
6619
6645
6657
6657
6649
6613
6680
6681
6716
6712
6716
6677
6728
6738
6720
6704
6699
6670
6681
6657
6619
6600
6600
6620
6550
6532
6535
6560
6519
6436
6476
6452
6456
6509
6505
6556
6550
6550
6573
6560
6608
6589
6611
6566
6558
6593
6613
6614
6592
6603
6610
6592
6609
6583
6583
6530
6561
6584
6544
6555
6550
6594
6600
6600
6535
6550
6586
6625
6640
6640
6622
6655
6669
6688
6700
6718
6721
6755
6788
6788
6788
6789
6790
6792
6769
6780
6770
6770
6793
6799
6800
6799
6780
6816
6801
6876
6886
6915
6905
6927
6931
6928
6945
6939
6905
6900
6936
6920
6895
6881
6889
6876
6880
6863
6845
6820
6838
6820
6825
6820
6820
6799
6800
6765
6752
6765
6765
6790
6782
6785
6780
6770
6844
6834
6818
6800
6813
6853
6798
6811
6788
6777
6770
6783
6762
6718
6756
6802
6812
6807
6820
6818
6834
6750
6750
6756
6746
6730
6755
6786
6860
6875
6875
6893
6894
6895
6870
6897
6790
6914
6907
6904
6873
6898
7001
7023
7007
6974
7034
7056
7091
7091
7085
7073
7074
7141
7126
7118
7110
7110
7115
7135
7144
7144
7140
7144
7137
7127
7154
7123
7129
7120
7119
7126
7138
7160
7175
7174
7174
7191
7205
7215
7215
7215
7215
7224
7198
7184
7200
7190
7188
7195
7204
7204
7184
7168
7160
7167
7172
7189
7184
7197
7208
7209
7199
7214
7207
7184
7185
7185
7212
7219
7230
7218
7219
7226
7248
7230
7228
7230
7236
7230
7230
7224
7213
7204
7216
7222
7207
7207
7230
7251
7220
7228
7279
7280
7311
7311
7305
7291
7316
7320
7275
7281
7282
7282
7274
7290
7300
7298
7307
7299
7277
7272
7288
7285
7285
7288
7290
7283
7280
7285
7260
7275
7290
7286
7286
7296
7286
7286
7297
7297
7296
7289
7260
7260
7267
7263
7244
7250
7249
7248
7244
7261
7254
7274
7258
7269
7297
7276
7276
7269
7250
7315
7310
7289
7287
7290
7302
7299
7284
7258
7305
7310
7333
7302
7209
7196
7195
7191
7177
7177
7180
7162
7176
7169
7198
7190
7190
7179
7171
7136
7151
7115
7111
7095
7078
7095
7105
7111
7091
7110
7115
7100
7119
7120
7139
7084
7065
7075
7104
7114
7100
7113
7110
7126
7127
7152
7150
7149
7145
7145
7125
7134
7138
7145
7145
7127
7140
7130
7128
7119
7101
7118
7108
7139
7141
7175
7168
7165
7179
7175
7176
7164
7165
7170
7162
7154
7155
7188
7190
7199
7199
7187
7176
7162
7176
7176
7176
7176
7166
7169
7169
7166
7155
7156
7168
7162
7169
7180
7200
7203
7205
7209
7200
7210
7214
7200
7186
7192
7199
7200
7196
7200
7196
7196
7196
7185
7195
7189
7189
7197
7200
7191
7187
7175
7181
7181
7175
7170
7182
7183
7189
7152
7152
7149
7160
7188
7150
7149
7157
7178
7186
7155
7180
7199
7213
7194
7216
7240
7225
7183
7182
7183
7183
7175
7175
7179
7188
7195
7163
7156
7155
7180
7159
7141
7138
7124
7147
7145
7139
7150
7157
7181
7191
7181
7185
7173
7160
7139
7136
7158
7179
7176
7185
7196
7186
7196
7162
7157
7157
7147
7124
7119
7139
7120
7110
7082
7069
7103
7133
7150
7105
7145
7145
7157
7110
7177
7148
7179
7189
7189
7206
7204
7181
7189
7207
7224
7202
7210
7235
7231
7250
7248
7248
7260
7247
7250
7200
7202
7199
7212
7193
7197
7190
7200
7208
7208
7179
7254
7224
7172
7200
7204
7246
7216
7207
7208
7275
7330
7403
7382
7389
7390
7389
7389
7380
7375
7390
7385
7383
7382
7360
7375
7375
7361
7361
7374
7359
7385
7385
7372
7373
7376
7364
7356
7378
7372
7400
7400
7385
7390
7374
7369
7358
7374
7374
7374
7376
7368
7377
7400
7380
7390
7402
7419
7422
7430
7420
7440
7434
7355
7371
7367
7367
7339
7354
7345
7330
7321
7321
7320
7313
7307
7328
7310
7316
7308
7291
7370
7361
7361
7354
7348
7358
7380
7424
7411
7418
7410
7400
7386
7381
7451
7443
7444
7469
7458
7416
7423
7425
7410
7420
7420
7399
7372
7370
7349
7317
7303
7298
7339
7292
7304
7317
7340
7358
7356
7337
7350
7383
7363
7350
7325
7355
7438
7425
7430
7410
7407
7425
7389
7409
7420
7406
7374
7366
7418
7441
7466
7470
7496
7494
7475
7460
7437
7472
7454
7424
7373
7389
7373
7350
7417
7400
7430
7437
7450
7421
7388
7343
7346
7348
7346
7315
7340
7273
7256
7279
7325
7313
7334
7296
7291
7268
7280
7250
7230
7279
7290
7270
7260
7262
7276
7275
7200
7172
7186
7245
7238
7222
7168
7202
7232
7328
7322
7300
7315
7390
7389
7350
7345
7338
7325
7350
7320
7401
7298
7242
7258
7330
7290
7289
7365
7100
7288
7620
7606
7657
7685
7733
7727
7731
7720
7780
7777
7769
7680
7839
7820
7525
7520
7489
7496
7484
7484
7485
7482
7462
7465
7470
7472
7474
7475
7448
7448
7446
7439
7450
7433
7432
7443
7435
7443
7448
7487
7493
7500
7490
7499
7487
7504
7510
7520
7521
7522
7512
7525
7518
7509
7509
7514
7502
7514
7501
7528
7528
7518
7504
7485
7485
7486
7482
7479
7464
7479
7481
7485
7491
7496
7498
7480
7472
7480
7482
7485
7434
7433
7432
7435
7450
7470
7473
7473
7470
7472
7476
7472
7475
7485
7477
7486
7480
7502
7501
7520
7510
7527
7500
7499
7496
7459
7460
7470
7477
7469
7470
7440
7429
7426
7434
7429
7412
7413
7419
7403
7376
7366
7379
7390
7372
7390
7389
7383
7382
7385
7380
7380
7381
7384
7378
7375
7365
7356
7364
7370
7379
7372
7398
7397
7388
7401
7392
7391
7392
7394
7388
7399
7400
7367
7370
7348
7353
7380
7377
7370
7365
7355
7360
7360
7355
7365
7375
7375
7371
7367
7363
7360
7396
7411
7412
7411
7410
7412
7432
7433
7440
7430
7410
7400
7420
7428
7420
7420
7407
7374
7374
7370
7371
7356
7350
7350
7353
7353
7357
7358
7370
7368
7378
7371
7347
7337
7341
7331
7305
7331
7331
7335
7338
7325
7325
7335
7363
7370
7367
7376
7361
7326
7312
7307
7282
7290
7320
7330
7289
7289
7283
7324
7281
7304
7289
7271
7262
7250
7250
7288
7280
7264
7275
7230
7210
7215
7181
7101
7106
7093
7083
7093
7118
7119
7107
7106
7094
7090
7085
7131
7120
7112
7100
7100
7089
7098
7085
7092
7093
7099
7079
7076
7070
7070
7070
7049
7055
7054
7075
7067
7081
7081
7060
7072
7061
7079
7082
7079
7075
7060
7062
7047
7050
7049
7024
7035
7026
7041
7050
7050
7050
7045
7037
7039
7037
7020
7036
7028
7025
7000
7010
7024
7039
7040
7040
7053
7054
7031
7052
7040
7040
7026
7040
7065
7066
7086
7086
7086
7086
7067
7115
7130
7116
7118
7130
7115
7115
7109
7099
7109
7114
7100
7084
7124
7120
7120
7095
7094
7081
7090
7088
7069
7095
7100
7040
7022
7025
7029
7004
6996
6994
6998
7000
6994
7008
7015
7029
7029
7029
7024
7039
7039
7019
7008
7008
7001
7009
7011
7012
7014
7055
7051
7061
7021
7009
7029
7039
7022
7032
7025
7019
7017
7038
7030
7030
7020
7020
7015
7009
6980
7050
7089
7059
7065
7070
7059
7051
7084
7080
7080
7055
7080
7061
7111
7110
7150
7189
7191
7199
7201
7189
7202
7212
7220
7216
7222
7204
7200
7180
7195
7193
7203
7203
7203
7179
7180
7190
7177
7158
7152
7152
7160
7160
7158
7160
7160
7160
7152
7160
7139
7139
7139
7158
7162
7170
7170
7160
7160
7162
7132
7145
7170
7191
7212
7189
7212
7212
7203
7200
7200
7203
7199
7200
7198
7202
7200
7179
7179
7164
7164
7164
7166
7164
7168
7161
7161
7179
7180
7180
7167
7183
7170
7165
7152
7161
7158
7170
7170
7190
7174
7171
7171
7172
7171
7164
7157
7138
7128
7132
7120
7120
7113
7132
7108
7104
7099
7099
7101
7101
7145
7132
7133
7142
7187
7191
7178
7178
7178
7178
7203
7200
7193
7195
7202
7185
7199
7199
7193
7185
7170
7203
7190
7186
7149
7149
7135
7137
7139
7119
7109
7126
7134
7140
7130
7127
7124
7102
7121
7132
7141
7133
7100
7140
7130
7122
7124
7131
7100
7099
7099
7100
7100
7099
7089
7089
7068
7070
7075
7066
7066
7075
7067
7055
7050
7055
7025
7025
7018
7004
7056
7066
7055
7048
7101
7084
7065
7091
7092
7097
7082
7049
7039
7050
7052
7056
7035
7035
6985
7000
7020
7033
6970
6968
6941
7000
7009
6992
6999
6959
6970
6965
6968
7015
7022
7010
6998
7020
7045
7065
7095
7108
7140
7146
7151
7162
7166
7161
7121
7121
7133
7133
7130
7124
7101
7101
7096
7090
7100
7100
7086
7101
7082
7064
7114
7123
7114
7119
7116
7090
7106
7100
7140
7100
7100
7089
7086
7077
7077
7080
7061
7045
7019
7004
7007
7011
7017
7044
6995
6974
6948
6964
6954
6975
6941
6949
6980
6978
6965
6965
6956
7036
7038
7049
7068
7070
7055
7080
7084
7085
7090
7070
7080
7087
7088
7110
7106
7120
7064
7038
7038
7071
7072
7085
7069
7041
7036
7075
7110
7155
7163
7170
7170
7170
7174
7151
7190
7162
7155
7205
7251
7247
7270
7279
7263
7255
7222
7215
7226
7240
7219
7240
7278
7274
7254
7270
7280
7310
7291
7295
7269
7279
7276
7282
7282
7294
7290
7349
7349
7342
7327
7359
7341
7355
7363
7394
7393
7391
7384
7384
7398
7408
7414
7406
7407
7410
7398
7408
7405
7385
7390
7421
7419
7327
7327
7316
7349
7340
7348
7332
7332
7340
7325
7307
7307
7299
7310
7311
7329
7324
7315
7325
7286
7261
7274
7278
7290
7310
7328
7310
7297
7275
7276
7299
7318
7333
7343
7343
7312
7292
7329
7361
7365
7389
7389
7391
7344
7340
7319
7308
7300
7302
7325
7299
7292
7284
7297
7270
7272
7280
7312
7300
7296
7287
7290
7295
7295
7334
7322
7318
7282
7272
7286
7312
7311
7290
7275
7270
7241
7258
7243
7253
7253
7236
7229
7188
7167
7175
7174
7157
7095
7100
7131
7149
7150
7133
7156
7158
7213
7215
7224
7210
7235
7215
7224
7228
7247
7260
7240
7231
7221
7249
7270
7290
7286
7315
7342
7349
7329
7344
7339
7345
7344
7372
7384
7366
7362
7362
7362
7352
7347
7360
7350
7366
7354
7343
7344
7345
7344
7338
7330
7311
7350
7350
7343
7318
7318
7324
7327
7304
7366
7384
7381
7406
7376
7365
7365
7386
7385
7385
7327
7333
7318
7352
7352
7350
7330
7300
7290
7405
7396
7413
7400
7377
7383
7348
7389
7385
7399
7450
7450
7421
7444
7387
7410
7523
7528
7512
7513
7513
7500
7506
7520
7526
7520
7532
7529
7548
7561
7571
7570
7569
7570
7570
7570
7570
7562
7542
7540
7540
7533
7540
7569
7570
7565
7567
7563
7560
7549
7549
7549
7543
7528
7528
7528
7545
7545
7555
7540
7539
7547
7537
7533
7514
7514
7511
7520
7504
7510
7515
7490
7509
7500
7506
7514
7507
7495
7495
7501
7523
7548
7544
7540
7517
7525
7515
7518
7505
7500
7526
7500
7502
7510
7531
7532
7536
7522
7551
7541
7548
7590
7559
7534
7580
7580
7576
7590
7581
7588
7589
7576
7550
7527
7539
7525
7525
7533
7534
7530
7544
7516
7546
7554
7556
7546
7550
7548
7550
7550
7553
7555
7534
7530
7530
7515
7511
7502
7515
7494
7521
7524
7532
7532
7454
7456
7455
7463
7444
7463
7464
7459
7431
7431
7423
7431
7430
7423
7428
7405
7405
7408
7423
7419
7420
7415
7434
7420
7428
7419
7414
7400
7452
7456
7451
7451
7458
7448
7450
7445
7440
7449
7425
7432
7442
7443
7447
7430
7420
7427
7438
7433
7433
7434
7439
7432
7433
7426
7398
7384
7400
7408
7409
7417
7422
7407
7378
7385
7380
7390
7472
7458
7459
7459
7445
7459
7455
7445
7472
7476
7469
7456
7447
7455
7452
7454
7454
7427
7421
7421
7421
7421
7421
7421
7421
7411
7390
7410
7421
7421
7421
7421
7421
7421
7421
7401
7401
7420
7402
7355
7363
7363
7338
7337
7348
7349
7349
7357
7370
7379
7398
7368
7345
7325
7325
7350
7344
7393
7394
7400
7395
7388
7385
7376
7369
7360
7369
7385
7395
7395
7391
7375
7388
7365
7347
7338
7335
7336
7326
7319
7282
7290
7320
7323
7341
7380
7380
7386
7370
7370
7382
7361
7340
7419
7421
7421
7436
7441
7420
7424
7426
7430
7433
7437
7430
7413
7412
7414
7392
7390
7411
7395
7370
7385
7402
7414
7415
7410
7411
7442
7448
7449
7445
7471
7460
7460
7468
7473
7450
7452
7469
7470
7491
7465
7465
7462
7530
7500
7466
7431
7418
7393
7389
7382
7390
7390
7389
7389
7389
7399
7389
7388
7350
7348
7352
7350
7340
7350
7343
7355
7355
7356
7359
7359
7359
7359
7372
7365
7340
7336
7337
7342
7345
7354
7353
7355
7355
7371
7377
7375
7376
7385
7399
7369
7344
7334
7322
7330
7315
7330
7326
7326
7327
7316
7310
7315
7300
7300
7305
7312
7337
7329
7321
7321
7346
7348
7339
7315
7312
7311
7322
7336
7330
7346
7319
7310
7286
7319
7311
7313
7304
7293
7298
7275
7252
7250
7192
7178
7178
7177
7178
7178
7158
7160
7174
7183
7170
7162
7124
7125
7125
7125
7125
7124
7125
7139
7125
7149
7149
7168
7150
7131
7131
7166
7149
7147
7124
7102
7102
7114
7110
7124
7114
7128
7117
7121
7142
7153
7120
7159
7180
7190
7168
7169
7178
7174
7175
7166
7178
7177
7190
7206
7205
7194
7205
7215
7222
7234
7234
7234
7242
7258
7230
7253
7204
7213
7208
7206
7207
7176
7203
7210
7160
7143
7144
7147
7164
7159
7175
7191
7177
7177
7167
7168
7159
7173
7185
7203
7213
7210
7201
7201
7181
7177
7188
7197
7195
7213
7230
7228
7241
7238
7208
7208
7214
7212
7229
7251
7203
7195
7195
7203
7200
7195
7189
7194
7160
7160
7143
7142
7160
7169
7143
7140
7150
7125
7169
7169
7166
7137
7137
7137
7142
7160
7158
7168
7180
7161
7188
7172
7148
7132
7055
7070
7070
7059
7094
7028
7000
7000
7020
7039
7061
7089
7089
7098
7079
7040
7055
7069
7061
7049
7035
7141
7159
7150
7140
7145
7186
7189
7189
7198
7208
7204
7211
7204
7211
7203
7209
7200
7183
7208
7229
7239
7239
7218
7213
7180
7175
7211
7196
7220
7180
7132
7132
7132
7169
7183
7173
7159
7172
7237
7216
7152
7153
7250
7258
7266
7240
7231
7276
7279
7293
7302
7315
7301
7300
7300
7300
7296
7300
7293
7285
7294
7295
7293
7260
7273
7271
7270
7285
7285
7272
7298
7301
7303
7336
7344
7340
7344
7345
7345
7325
7319
7300
7295
7285
7290
7274
7280
7289
7261
7300
7275
7273
7294
7304
7284
7283
7340
7339
7332
7301
7300
7290
7303
7320
7327
7340
7345
7369
7370
7350
7330
7330
7327
7346
7333
7310
7278
7279
7284
7271
7296
7303
7317
7276
7282
7289
7291
7315
7302
7280
7300
7304
7275
7271
7265
7270
7268
7230
7203
7191
7244
7245
7245
7250
7245
7230
7240
7235
7234
7225
7244
7245
7242
7260
7292
7306
7318
7310
7315
7300
7287
7293
7314
7310
7318
7318
7305
7292
7291
7298
7295
7289
7340
7308
7354
7300
7358
7388
7424
7431
7430
7430
7430
7433
7437
7397
7412
7440
7419
7445
7431
7441
7424
7414
7390
7387
7393
7392
7405
7385
7356
7365
7359
7380
7385
7390
7379
7370
7350
7370
7428
7439
7387
7478
7431
7430
7415
7400
7378
7400
7330
7340
7331
7306
7310
7290
7331
7319
7325
7324
7295
7345
7318
7295
7265
7245
7233
7230
7244
7221
7206
7210
7219
7220
7200
7245
7257
7259
7242
7235
7235
7235
7219
7216
7235
7229
7177
7191
7150
7152
7166
7178
7151
7145
7154
7208
7200
7189
7209
7248
7220
7218
7219
7219
7200
7189
7209
7209
7211
7220
7140
7150
7141
7136
7109
7112
7101
7090
7066
7041
7033
7033
7043
7040
7031
7031
7020
7020
7008
7001
7001
6996
6992
6985
7002
7010
6999
6996
7000
6991
6966
6960
6960
6959
6965
6961
6996
7009
7009
7001
7036
6996
6996
6996
6981
6967
6988
6988
7040
7030
7030
7034
7039
7019
7027
7033
7031
7066
7066
7031
7021
7052
7075
7080
7070
7061
7077
7066
7060
7060
7055
7050
7066
7061
7054
7049
7049
7037
7025
7058
7110
7110
7083
7078
7061
7072
7084
7069
6980
6966
6966
6970
6978
6959
6977
6951
6890
6891
6879
6911
6924
6915
6913
6894
6864
6898
6893
6892
6893
6889
6896
6864
6822
6907
6900
6900
6920
6950
6954
6954
6952
6983
7000
6999
6987
7000
7010
6992
6982
6970
6932
6932
6938
6945
6930
6910
6888
6900
6940
6969
6995
6998
6985
6996
7026
7042
7045
7043
7043
7060
7080
7076
7075
7088
7070
7069
7086
7107
7070
7048
7035
7048
7050
7065
7070
7035
7022
7050
7067
7090
7120
7119
7113
7115
7120
7150
7144
7130
7167
7134
7092
7085
7060
7005
7013
6980
6986
7010
7010
7010
7000
7037
7058
6938
6860
6880
6916
6912
6940
6950
6961
6960
6905
7071
7080
7043
7350
7352
7298
7240
7219
7178
7142
7137
7066
7066
7042
7040
7045
7057
7066
7026
6994
6993
6992
6992
6983
6991
6978
6986
6987
6969
6970
6974
6961
6960
6945
6934
6935
6946
6960
6961
6947
6947
6949
6940
6940
6932
6932
6915
6904
6905
6909
6893
6892
6900
6899
6895
6875
6874
6874
6873
6875
6875
6875
6901
6900
6897
6927
6927
6909
6915
6899
6878
6860
6864
6847
6826
6827
6830
6837
6865
6854
6864
6863
6831
6829
6837
6835
6820
6825
6825
6836
6836
6836
6823
6826
6825
6801
6810
6825
6826
6842
6852
6854
6850
6856
6850
6845
6840
6806
6805
6804
6808
6811
6812
6819
6759
6780
6818
6800
6789
6789
6774
6767
6784
6808
6802
6793
6760
6771
6753
6786
6811
6829
6832
6836
6833
6836
6880
6899
6889
6856
6880
6854
6842
6830
6825
6810
6834
6808
6793
6786
6783
6770
6740
6757
6774
6750
6811
6810
6790
6768
6765
6750
6758
6730
6737
6739
6710
6700
6699
6680
6687
6676
6675
6676
6655
6675
6667
6666
6650
6648
6654
6666
6612
6612
6610
6611
6609
6598
6598
6589
6587
6590
6585
6585
6585
6583
6575
6571
6580
6582
6578
6579
6571
6567
6563
6564
6556
6564
6540
6540
6541
6538
6540
6541
6541
6561
6552
6541
6552
6555
6595
6598
6595
6595
6595
6590
6590
6574
6581
6570
6594
6583
6592
6591
6597
6597
6585
6589
6604
6581
6581
6602
6590
6594
6605
6609
6607
6600
6580
6583
6583
6592
6589
6597
6605
6595
6585
6578
6570
6560
6616
6616
6597
6600
6592
6590
6599
6573
6574
6556
6556
6556
6549
6556
6550
6545
6537
6555
6557
6545
6526
6526
6534
6537
6538
6537
6538
6530
6542
6519
6518
6517
6518
6501
6490
6480
6479
6499
6511
6499
6478
6489
6478
6480
6480
6485
6513
6517
6502
6507
6477
6484
6490
6488
6500
6481
6506
6527
6525
6527
6535
6540
6546
6571
6585
6570
6565
6560
6549
6555
6553
6548
6544
6563
6543
6582
6578
6578
6586
6590
6580
6560
6535
6538
6517
6540
6540
6550
6530
6544
6518
6517
6517
6524
6522
6520
6494
6490
6487
6438
6450
6446
6450
6443
6446
6451
6437
6449
6450
6440
6450
6446
6442
6428
6405
6393
6386
6391
6381
6381
6371
6381
6391
6395
6396
6392
6383
6366
6375
6395
6390
6386
6383
6396
6390
6396
6396
6385
6383
6377
6363
6363
6360
6358
6360
6367
6362
6372
6380
6362
6375
6387
6381
6400
6397
6380
6388
6390
6387
