10899
10884
10868
10869
10869
10885
10879
10870
10868
10903
10928
10937
10893
10888
10878
10885
10863
10880
10873
10876
10885
10876
10882
10898
10884
10884
10849
10852
10854
10883
10890
10893
10886
10880
10869
10880
10855
10852
10860
10814
10815
10811
10828
10834
10799
10851
10847
10848
10830
10822
10823
10835
10852
10839
10847
10850
10855
10830
10805
10842
10826
10856
10850
10843
10832
10852
10830
10824
10820
10807
10870
10886
10960
10967
10960
10955
10955
10963
10969
10970
10970
11017
11008
10978
10985
10984
11000
10978
10968
10944
10941
10947
10935
10946
10892
10940
10877
10891
10900
10874
10867
10864
10868
10905
10867
10913
10913
10909
10914
10870
10860
10852
10852
10854
10850
10850
10897
10906
10912
10916
10912
10936
10888
10910
10898
10881
10898
10938
10940
10950
10950
10975
11027
11006
11006
11031
11067
11084
11094
11114
11096
11092
11100
11143
11059
11078
11076
11055
11033
11027
11052
11040
11075
11110
11123
11096
11079
11084
11095
11109
11080
11071
11076
11086
11096
11038
11046
11050
11039
11042
10991
11003
11010
11017
10935
10932
10920
10975
10977
11005
11006
11011
11033
11060
11061
11091
11116
11123
11108
11090
11090
11085
11105
11101
11076
11073
11086
11072
11084
11044
11089
11091
11110
11077
11075
11065
11063
11078
11043
11039
11090
11100
11086
11112
11120
11140
11113
11105
11113
11077
11071
11121
11133
11144
11129
11130
11104
11119
10981
10978
11012
11044
11020
11049
11040
11029
11028
11039
11059
11070
11047
11022
10992
10999
10989
10989
11000
10926
10917
10927
10931
10945
10926
10933
10919
10973
10981
10985
10985
10991
10985
10971
10876
10876
10876
10876
10865
10863
10865
10837
10839
10827
10892
10894
10868
10850
10850
10845
10939
10981
10996
10995
11004
11010
10991
10987
11005
11005
11000
10999
10991
11011
11038
11067
11046
11049
11030
11022
10996
10989
11010
10930
10905
10890
10874
10877
10880
10876
10851
10915
10907
10911
10933
10933
10933
10949
10934
10927
10933
10935
10917
10878
10875
10903
10906
10878
10872
10844
10859
10861
10828
10841
10845
10850
10853
10835
10847
10864
10830
10786
10788
10779
10728
10728
10743
10753
10746
10760
10755
10738
10715
10741
10749
10764
10741
10730
10735
10740
10770
10748
10729
10731
10698
10700
10718
10711
10701
10713
10690
10709
10709
10678
10685
10685
10682
10668
10717
10752
10766
10801
10768
10763
10761
10750
10750
10771
10771
10763
10788
10779
10787
10781
10790
10765
10771
10785
10793
10763
10807
10754
10670
10673
10664
10655
10666
10663
10640
10685
10708
10688
10682
10673
10700
10686
10674
10658
10670
10701
10696
10692
10696
10702
10710
10715
10740
10723
10690
10671
10658
10646
10650
10673
10674
10674
10682
10688
10694
10684
10691
10652
10666
10615
10596
10610
10612
10600
10616
10609
10605
10598
10589
10597
10643
10632
10620
10597
10612
10632
10608
10615
10606
10621
10588
10593
10578
10620
10567
10533
10525
10525
10536
10517
10540
10513
10527
10536
10488
10457
10439
10421
10406
10421
10414
10388
10410
10373
10385
10400
10399
10400
10385
10350
10338
10360
10374
10359
10380
10394
10375
10430
10427
10439
10433
10423
10378
10378
10405
10406
10431
10436
10453
10453
10407
10400
10390
10394
10431
10435
10416
10417
10422
10431
10382
10350
10360
10328
10330
10338
10302
10351
10355
10373
10359
10385
10313
10349
10393
10386
10400
10423
10440
10430
10371
10347
10359
10356
10370
10386
10342
10351
10357
10372
10370
10403
10350
10341
10334
10357
10381
10343
10300
10335
10355
10333
10223
10246
10320
10298
10324
10303
10300
10330
10320
10299
10334
10389
10399
10420
10449
10449
10409
10431
10476
10555
10548
10546
10566
10537
10568
10590
10582
10560
10649
10664
10663
10650
10640
10645
10658
10642
10661
10653
10685
10690
10698
10660
10654
10651
10631
10653
10647
10636
10638
10640
10668
10628
10616
10593
10555
10538
10517
10498
10510
10491
10509
10503
10488
10474
10509
10528
10516
10515
10500
10483
10494
10475
10531
10487
10463
10464
10478
10482
10471
10464
10455
10464
10462
10480
10466
10432
10413
10439
10423
10432
10464
10462
10461
10455
10456
10454
10482
10517
10496
10496
10500
10519
10487
10481
10520
10525
10501
10546
10553
10544
10523
10523
10510
10501
10530
10546
10494
10503
10482
10479
10475
10480
10503
10467
10476
10460
10488
10456
10444
10452
10461
10429
10425
10380
10380
10380
10392
10442
10442
10419
10432
10478
10475
10565
10580
10572
10560
10609
10598
10580
10569
10563
10578
10564
10596
10636
10625
10612
10587
10597
10551
10569
10553
10568
10576
10561
10588
10571
10543
10551
10517
10554
10627
10601
10593
10614
10598
10600
10622
10619
10543
10562
10550
10576
10572
10545
10539
10516
10529
10480
10538
10539
10540
10497
10506
10609
10601
10618
10713
10736
10740
10763
10775
10767
10776
10768
10746
10748
10746
10758
10779
10798
10798
10801
10793
10774
10747
10745
10718
10712
10741
10726
10716
10664
10810
10800
10833
10805
10807
10934
11039
11020
11039
11051
11032
11005
11045
11027
10938
10938
10949
10940
10941
10945
10950
10935
10935
10927
10937
10953
10964
10945
10939
10935
10935
10917
10931
10931
10937
10905
10916
10924
10929
10932
10935
10937
10970
10961
10945
10950
10919
10925
10903
10917
10904
10907
10908
10956
10954
10941
10899
10943
10848
10780
10755
10740
10736
10731
10730
10738
10722
10721
10703
10694
10678
10678
10689
10691
10681
10710
10718
10716
10721
10720
10716
10716
10713
10700
10751
10757
10775
10762
10733
10690
10695
10701
10697
10689
10695
10705
10700
10694
10676
10648
10648
10635
10647
10631
10637
10660
10654
10666
10640
10630
10608
10590
10594
10623
10590
10589
10670
10662
10654
10685
10720
10738
10745
10730
10744
10753
10752
10743
10730
10719
10716
10770
10761
10791
10795
10790
10780
10775
10745
10751
10699
10711
10705
10688
10688
10676
10680
10650
10677
10711
10706
10700
10703
10710
10670
10697
10681
10709
10731
10717
10727
10692
10680
10665
10671
10665
10652
10668
10635
10635
10605
10596
10643
10636
10620
10620
10633
10614
10625
10600
10589
10600
10598
10591
10570
10543
10576
10577
10612
10610
10621
10625
10625
10620
10605
10599
10602
10632
10631
10635
10623
10649
10585
10592
10612
10585
10592
10579
10572
10607
10605
10577
10593
10569
10556
10540
10564
10555
10495
10540
10547
10550
10593
10570
10676
10691
10700
10712
10705
10670
10685
10689
10705
10700
10690
10836
10839
10798
10747
10750
10749
10745
10765
10703
10708
10699
10700
10700
10675
10682
10670
10669
10675
10688
10676
10711
10722
10743
10707
10714
10709
10700
10698
10714
10708
10731
10734
10683
10673
10677
10681
10699
10706
10706
10688
10655
10664
10662
10655
10655
10631
10631
10629
10649
10657
10685
10703
10710
10711
10736
10721
10722
10734
10738
10733
10749
10779
10763
10695
10691
10701
10717
10687
10694
10690
10709
10728
10679
10690
10707
10710
10730
10678
10680
10680
10659
10643
10460
10387
10358
10330
10337
10337
10316
10321
10362
10358
10355
10344
10329
10326
10348
10355
10349
10316
10342
10330
10292
10280
10310
10310
10286
10268
10239
10283
10331
10338
10356
10326
10315
10338
10338
10324
10298
10271
10272
10255
10274
10293
10291
10293
10314
10319
10301
10313
10328
10330
10338
10296
10308
10303
10274
10274
10275
10250
10230
10188
10170
10205
10228
10233
10218
10240
10246
10238
10208
10199
10206
10192
10186
10184
10171
10161
10186
10195
10178
10220
10218
10207
10216
10199
10199
10179
10333
10339
10346
10328
10359
10368
10392
10364
10377
10370
10367
10388
10392
10398
10400
10381
10353
10324
10343
10319
10333
10332
10325
10291
10291
10305
10312
10284
10320
10320
10341
10372
10354
10348
10364
10364
10371
10373
10371
10372
10375
10406
10400
10425
10392
10390
10385
10360
10360
10390
10375
10385
10362
10379
10371
10416
10401
10445
10426
10450
10395
10397
10393
10400
10367
10354
10350
10303
10301
10302
10280
10287
10256
10267
10243
10266
10219
10190
10193
10213
10211
10214
10238
10235
10222
10229
10244
10235
10237
10252
10240
10271
10275
10300
10281
10277
10274
10259
10250
10246
10235
10237
10238
10248
10244
10221
10230
10218
10203
10217
10222
10220
10231
10239
10236
10213
10214
10208
10258
10246
10249
10221
10211
10196
10181
10159
10200
10208
10182
10182
10221
10195
10165
10177
10190
10213
10203
10230
10241
10203
10297
10307
10340
10320
10336
10336
10325
10362
10297
10228
10245
10250
10185
10187
10194
10191
10180
10205
10215
10242
10231
10181
10196
10172
10191
10197
10205
10231
10224
10215
10248
10284
10278
10296
10320
10300
10212
10243
10130
10126
10155
10165
10161
10181
10146
10189
10209
10159
10133
10171
10051
10102
9998
9708
9665
9707
9719
9720
9740
9742
9691
9685
9698
9742
9749
9743
9708
9696
9749
9736
9716
9716
9700
9683
9695
9702
9718
9690
9677
9688
9701
9595
9584
9593
9574
9540
9517
9523
9545
9545
9504
9522
9540
9547
9498
9499
9497
9509
9444
9453
9487
9472
9439
9429
9423
9407
9420
9421
9416
9434
9412
9426
9440
9436
9491
9500
9485
9475
9480
9453
9447
9440
9442
9456
9470
9476
9465
9485
9454
9438
9480
9485
9504
9484
9535
9521
9515
9586
9586
9605
9595
9603
9612
9597
9615
9614
9636
9636
9650
9609
9602
9615
9609
9608
9586
9649
9638
9639
9677
9682
9675
9648
9667
9655
9651
9651
9643
9606
9607
9606
9640
9644
9637
9652
9650
9698
9706
9692
9700
9696
9700
9714
9688
9729
9734
9756
9738
9742
9722
9754
9754
9769
9772
9780
9770
9696
9688
9700
9718
9742
9732
9725
9692
9679
9668
9680
9668
9660
9658
9676
9687
9671
9679
9700
9681
9648
9632
9610
9580
9630
9621
9634
9612
9590
9587
9587
9563
9553
9563
9608
9613
9594
9596
9590
9586
9566
9560
9563
9594
9593
9588
9599
9608
9614
9630
9637
9664
9690
9697
9667
9667
9670
9654
9659
9646
9626
9596
9595
9594
9599
9587
9593
9569
9568
9571
9605
9599
9586
9573
9549
9584
9636
9631
9605
9598
9591
9598
9553
9570
9567
9563
9560
9549
9495
9482
9496
9511
9501
9475
9494
9526
9519
9525
9503
9508
9531
9502
9492
9438
9433
9455
9455
9466
9460
9468
9402
9371
9337
9354
9368
9362
9366
9353
9343
9340
9347
9379
9391
9418
9439
9449
9395
9398
9388
9419
9372
9397
9409
9438
9450
9429
9439
9390
9399
9402
9421
9335
9355
9352
9343
9343
9338
9349
9305
9321
9310
9346
9322
9361
9352
9390
9321
9350
9408
9407
9408
9401
9436
9430
9436
9445
9485
9514
9501
9492
9460
9492
9457
9440
9434
9461
9474
9489
9446
9446
9425
9456
9462
9463
9500
9525
9528
9540
9570
9574
9565
9564
9551
9536
9541
9526
9537
9531
9529
9508
9510
9550
9566
9565
9558
9602
9617
9608
9622
9700
9660
9651
9658
9658
9647
9652
9646
9635
9630
9662
9717
9710
9701
9708
9730
9717
9690
9686
9654
9672
9680
9689
9650
9645
9629
9646
9624
9611
9615
9588
9566
9594
9570
9646
9631
9654
9633
9622
9627
9600
9661
9653
9650
9705
9756
9777
9723
9735
9757
9777
9778
9761
9732
9734
9737
9745
9791
9811
9824
9820
9823
9825
9842
9841
9827
9832
9789
9808
9830
9833
9819
9813
9827
9801
9820
9833
9826
9821
9833
9840
9839
9761
9743
9750
9739
9742
9704
9704
9701
9696
9699
9698
9720
9742
9739
9729
9744
9735
9759
9724
9698
9697
9706
9743
9743
9725
9629
9598
9605
9608
9619
9600
9579
9595
9564
9542
9570
9570
9576
9595
9620
9626
9612
9671
9685
9670
9677
9726
9733
9760
9745
9734
9777
9768
9740
9769
9771
9774
9759
9749
9755
9737
9738
9750
9669
9655
9653
9635
9634
9636
9643
9649
9632
9637
9650
9653
9628
9610
9633
9625
9638
9588
9595
9593
9576
9684
9710
9714
9725
9664
9662
9650
9665
9684
9647
9609
9665
9691
9710
9679
9667
9677
9620
9629
9545
9545
9536
9513
9510
9507
9511
9526
9455
9434
9476
9488
9485
9486
9441
9419
9409
9401
9401
9403
9430
9410
9430
9435
9475
9432
9436
9451
9440
9485
9480
9470
9589
9617
9618
9627
9643
9669
9638
9612
9610
9617
9616
9591
9621
9625
9608
9604
9628
9700
9695
9711
9694
9703
9688
9667
9674
9666
9675
9660
9656
9750
9710
9722
9740
9764
9769
9777
9766
9793
9780
9777
9783
9781
9777
9762
9788
9811
9794
9750
9749
9714
9714
9728
9673
9668
9680
9683
9762
9797
9793
9723
9740
9800
9772
9782
9819
9820
9820
9769
9743
9790
9760
9751
9769
9769
9750
9770
9770
9779
9780
9624
9633
9644
9668
9656
9643
9599
9533
9673
9642
9720
9787
9822
9796
9808
9783
9777
9796
9789
9803
9805
9787
9776
9755
9755
9805
9797
9790
9794
9780
9728
9748
9711
9712
9699
9664
9684
9767
9752
9761
9798
9793
9780
9759
9735
9779
9815
9990
10150
10143
10119
10135
10122
10120
10126
10135
10121
10023
10030
10059
10070
10060
10060
10068
10032
10029
10028
10006
10000
10030
10042
10102
10084
10104
10089
10078
10140
10130
10031
10008
10000
10088
10149
10195
10194
10170
10172
10220
10200
10136
10150
10194
10437
10433
10450
10471
10486
10487
10519
10508
10469
10468
10484
10461
10438
10433
10453
10445
10430
10423
10418
10407
10444
10461
10448
10444
10443
10447
10464
10458
10472
10482
10483
10485
10458
10476
10501
10520
10528
10430
10389
10367
10357
10395
10398
10398
10365
10358
10382
10380
10426
10428
10444
10415
10408
10453
10437
10405
10428
10456
10349
10351
10296
10278
10293
10291
10309
10278
10271
10261
10288
10271
10287
10298
10325
10304
10291
10317
10316
10303
10270
10294
10277
10296
10250
10230
10229
10193
10175
10136
10135
10150
10158
10168
10184
10162
10155
10171
10170
10167
10171
10125
10140
10098
10149
10152
10127
10140
10115
10100
10067
10036
10022
10003
10025
10026
9973
9964
9946
9947
9925
9937
9930
9986
9972
9980
10007
9982
10002
9949
9959
9985
9998
10020
9979
10012
9959
9966
9952
9951
9954
9940
9931
9935
9930
9921
9956
9943
10025
10080
10076
10077
10028
10029
10104
10167
10155
10205
10204
10197
10199
10186
10140
10139
10130
10163
10213
10213
10224
10232
10212
10204
10218
10214
10184
10107
10162
10105
10107
10091
10080
10115
10123
10140
10108
10108
10140
10092
10100
10078
10132
10113
10130
10136
10130
10130
10111
10079
10179
10207
10286
10278
10315
10328
10337
10320
10325
10296
10288
10301
10350
10337
10327
10344
10337
10333
10336
10345
10340
10384
10350
10400
10382
10386
10362
10341
10362
10355
10370
10350
10350
10278
10212
10209
10204
10222
10219
10240
10231
10200
10221
10230
10252
10217
10242
10215
10240
10233
10212
10190
10167
10150
10131
10143
10182
10254
10229
10224
10200
10126
10106
10093
10100
10076
10082
10071
10020
10009
9982
9964
10050
10053
10074
10152
10088
10088
10111
10160
10120
10147
10153
10121
10099
10120
10132
10115
10101
10100
10026
9994
9970
9957
9957
9949
9942
9957
9981
9959
9948
9930
9925
9925
9920
9881
9898
9881
9900
9877
9890
9896
9886
9888
9876
9863
9897
9892
9872
9861
9852
9874
9847
9825
9820
9825
9814
9781
9794
9776
9733
9801
9793
9793
9809
9805
9790
9780
9867
9924
9972
9978
10003
9981
9961
9963
9887
9881
9894
9910
9863
9866
9878
9890
9868
9861
9866
9880
9884
9908
9882
9913
9884
9900
9878
9818
9804
9735
9748
9716
9716
9726
9687
9710
9756
9743
9747
9759
9762
9750
9751
9775
9779
9785
9763
9727
9728
9737
9737
9769
9750
9750
9688
9678
9672
9716
9708
9729
9713
9688
9658
9667
9670
9680
9680
9660
9675
9629
9645
9690
9678
9710
9716
9686
9700
9730
9743
9761
9735
9744
9810
9840
9824
9856
9883
9867
9950
9966
9954
9959
9950
9969
9957
9958
9930
9909
9908
9910
9850
9937
9945
9973
9937
9937
9915
9910
9892
9937
9918
9906
10025
10050
10109
10120
10106
10109
10074
10103
9999
10025
9990
9988
9990
10026
10017
10020
10018
9999
10011
9988
9911
9896
9879
9872
9899
9922
9869
9919
9920
9934
9912
9892
9900
9819
9815
9846
9830
9879
9800
9831
9815
9778
9731
9733
9814
9816
9852
9856
9822
9890
9929
9959
9953
9899
9952
10020
10057
10036
10059
10094
10002
10001
10040
10027
10108
10115
10124
10045
10042
10045
10027
9971
9970
9955
9969
9956
9988
9958
9962
9970
9900
9806
9840
9893
9960
9955
9930
9971
9979
9940
9936
9912
9878
9892
9838
9858
9895
9866
9851
9876
9925
9872
9890
9955
9951
9965
9956
9920
9956
9960
9951
9970
9991
9930
10154
10176
10299
10299
10276
10271
10261
10273
10272
10236
10283
10287
10265
10246
10250
10259
10231
10280
10269
10297
10258
10199
10246
10211
10145
10132
10257
10149
10112
10153
10241
10256
10200
10377
10343
10317
10353
10361
10573
10558
10557
10484
10475
10520
10470
10456
10490
10520
10534
10510
10530
10567
10608
10627
10632
10640
10643
10620
10606
10596
10638
10679
10663
10671
10680
10637
10610
10685
10713
10754
10705
10709
10715
10727
10879
10864
10855
10855
10880
10929
10900
10900
10899
10880
10880
10893
10835
10841
10824
10822
10813
10786
10828
10791
10821
10832
10815
10813
10781
10740
10739
10722
10741
10744
10693
10695
10675
10725
10717
10694
10686
10686
10669
10666
10651
10680
10662
10679
10687
10693
10723
10739
10755
10747
10740
10745
10778
10738
10701
10702
10733
10718
10702
10700
10698
10750
10757
10741
10778
10741
10749
10720
10700
10686
10691
10713
10713
10606
10590
10632
10624
10613
10586
10579
10589
10565
10550
10590
10571
10552
10544
10523
10480
10500
10478
10476
10439
10442
10434
10375
10405
10390
10335
10353
10335
10321
10399
10418
10428
10475
10463
10459
10470
10485
10497
10550
10493
10482
10457
10460
10466
10440
10400
10372
10356
10356
10296
10282
10283
10334
10350
10370
10395
10380
10389
10397
10394
10384
10408
10258
10267
10310
10318
10306
10270
10374
10370
10407
10441
10473
10407
10422
10421
10395
10426
10430
10477
10525
10514
10518
10491
10511
10547
10550
10570
10540
10499
10589
10575
10573
10603
10637
10637
10648
10630
10621
10582
10575
10552
10540
10500
10500
10478
10490
10486
10497
10456
10475
10487
10490
10530
10500
10500
10481
10464
10480
10476
10499
10479
10450
10423
10370
10370
10439
10422
10458
10503
10517
10562
10587
10587
10580
10590
10585
10571
10589
10606
10518
10534
10561
10520
10471
10535
10559
10508
10508
10510
10546
10610
10570
10598
10615
10626
10670
10648
10577
10530
10638
10583
10603
10780
10780
10751
10849
10863
10890
10859
10834
10913
11125
11103
11075
11061
11100
11009
11040
11031
11054
11058
11014
10965
10953
11001
11042
11046
11057
11075
11038
11085
11077
11095
11011
11003
11003
10994
10954
10955
10987
10963
10962
10920
10943
10925
10950
11080
11086
11060
11060
11035
11089
11186
11191
11154
11170
11129
11054
11023
10997
11015
11034
11052
11056
11057
11054
10996
11020
11032
11061
11080
11085
11095
11090
11120
11089
11134
11117
11089
11090
11100
11091
11003
11054
11053
11057
11073
11061
11068
11089
11030
11003
11053
11027
10991
10887
10887
10830
10841
10821
10861
10862
10858
10813
10786
10891
10922
10938
10916
10895
10899
10825
10806
10803
10774
10810
10806
10765
10784
10839
10862
10856
10872
10848
10825
10715
10753
10819
10794
10800
10773
10920
10948
10964
11039
11028
11059
11083
11116
11127
11154
11085
11076
11053
11098
11060
10997
11017
11060
11001
10975
11002
11018
11050
11040
11135
11161
11229
11234
11273
11206
11191
11171
11172
11170
11180
11180
11179
11176
11159
11145
11149
11064
11070
11030
11108
11070
10978
10920
11031
10925
11086
11068
11213
11223
11280
11351
11355
11331
11310
11318
11345
11615
11419
11475
11433
11679
11750
11780
11765
11740
11738
11725
11721
11701
11711
11736
11735
11705
11715
11708
11715
11722
11719
11725
11701
11704
11690
11727
11743
11735
11725
11735
11690
11679
11669
11680
11651
11652
11644
11658
11628
11618
11613
11619
11550
11600
11628
11646
11700
11672
11657
11664
11670
11676
11700
11674
11665
11660
11658
11693
11683
11699
11682
11681
11680
11652
11650
11683
11665
11622
11633
11633
11628
11624
11580
11577
11573
11596
11616
11631
11641
11638
11567
11580
11564
11526
11529
11486
11466
11443
11465
11471
11478
11460
11450
11434
11450
11466
11483
11477
11453
11480
11508
11540
11524
11565
11565
11548
11538
11545
11548
11511
11545
11567
11562
11576
11554
11591
11543
11552
11561
11522
11530
11508
11530
11552
11538
11491
11470
11450
11460
11434
11458
11459
11472
11471
11471
11483
11500
11472
11468
11464
11465
11420
11411
11447
11451
11430
11435
11412
11342
11338
11349
11346
11389
11392
11406
11394
11385
11390
11422
11413
11398
11407
11365
11390
11370
11379
11332
11315
11342
11274
11300
11362
11355
11366
11382
11352
11273
11225
11246
11266
11247
11290
11291
11245
11290
11359
11367
11319
11400
11479
11493
11481
11470
11459
11461
11456
11440
11471
11552
11554
11555
11569
11559
11599
11588
11586
11585
11558
11564
11537
11527
11553
11555
11557
11557
11578
11530
11510
11479
11478
11488
11466
11427
11431
11432
11435
11458
11460
11460
11456
11448
11449
11456
11454
11450
11455
11455
11455
11428
11445
11452
11451
11436
11436
11419
11438
11438
11450
11471
11445
11469
11466
11474
11507
11494
11467
11460
11467
11486
11473
11473
11465
11492
11447
11444
11427
11416
11417
11409
11425
11441
11452
11392
11397
11386
11388
11363
11339
11323
11330
11372
11370
11391
11379
11370
11375
11397
11398
11446
11442
11435
11462
11436
11489
11485
11437
11489
11487
11480
11490
11416
11429
11420
11450
11470
11490
11480
11439
11446
11440
11425
11368
11373
11396
11396
11384
11400
11389
11390
11401
11349
11336
11302
11230
11196
11155
11138
11137
11120
11127
11112
11108
11065
11065
11061
11142
11125
11122
11133
11073
11065
11081
11111
11126
11100
11071
11087
11050
11039
11070
11003
11000
11066
11082
11162
11196
11229
11180
11180
11215
11229
11237
11170
11199
11207
11189
11185
11192
11172
11112
11131
11136
11127
11081
11169
11133
11165
11159
11195
11151
11070
11083
11127
11059
11072
11044
11048
11020
11045
11088
11042
10973
10983
10964
10944
10952
11057
11020
11040
11017
11020
10996
11026
10984
11105
11134
11190
11175
11175
11250
11196
11223
11190
11144
11140
11142
11162
11152
11170
11188
11215
11168
11150
11149
11135
11120
11119
11120
11158
11155
11130
11131
11080
11028
10984
10990
10987
10950
10926
10915
10916
10922
10995
11000
11018
10986
10963
10954
10925
10931
10938
10920
10940
10908
10907
10903
10936
10911
10880
10910
10914
10906
10929
10860
10912
10893
10915
10928
10942
10944
10949
10978
10974
10974
10952
10953
10946
10941
10918
10953
10943
10977
10988
10946
10957
10968
10931
10860
10871
10925
10965
10991
10961
10989
10955
10953
10980
10957
10940
10991
11011
10980
10965
11000
10978
10935
10893
10754
10742
10748
10797
10818
10825
10815
10800
10798
10790
10784
10775
10798
10803
10832
10820
10785
10814
10862
10835
10843
10830
10801
10765
10779
10821
10795
10829
10820
10793
10800
10743
10683
10563
10579
10580
10572
10562
10520
10508
10509
10483
10480
10465
10520
10505
10526
10500
10537
10531
10448
10437
10473
10450
10415
10460
10461
10484
10468
10463
10452
10478
10561
10585
10559
10599
10599
10600
10564
10557
10600
10604
10604
10584
10596
10607
10571
10544
10576
10558
10557
10532
10537
10614
10580
10590
10647
10662
10637
10645
10637
10628
10545
10632
10604
10566
10559
10500
10558
10582
10607
10591
10632
10619
10580
10587
10589
10591
10629
10552
10597
10570
10550
10512
10492
10441
10363
10386
10440
10454
10440
10388
10399
10391
10395
10401
10437
10434
10408
10420
10457
10436
10502
10504
10488
10449
10455
10433
10428
10448
10452
10518
10565
10561
10596
10584
10638
10654
10730
10741
10741
10746
10765
10754
10727
10726
10726
10765
10762
10784
10747
10700
10700
10673
10690
10702
10775
10801
10767
10820
10804
10786
10813
10778
10820
10880
10862
10857
10847
10835
10812
10856
10832
10880
10825
10855
10862
10847
10868
10897
10888
10885
10844
10760
10749
10754
10791
10773
10800
10806
10824
10801
10770
10770
10740
10733
10757
10777
10758
10755
10673
10638
10723
10728
10722
10720
10695
10718
10674
10713
10732
10730
10700
10660
10541
10530
10531
10524
10575
10581
10541
10600
10608
10571
10594
10756
10702
10679
10700
10701
10749
10750
10840
10865
10865
10900
10894
10822
10802
10778
10749
10762
10772
10787
10793
10748
10800
10795
10813
10735
10801
10813
10791
10845
10815
10836
10765
10749
10740
10755
10586
10651
10583
10511
10522
10455
10501
10593
10588
10599
10563
10578
10657
10582
10580
10530
10581
10581
10596
10549
10538
10505
10487
10400
10373
10376
10375
10376
10330
10322
10263
10173
10170
10204
10320
10325
10296
10283
10328
10380
10400
10402
10470
10402
10418
10363
10376
10428
10450
10435
10462
10536
10480
10600
10600
10580
10611
10591
10660
10650
10598
10574
10574
10576
10553
10561
10603
10530
10533
10520
10479
10470
10436
10485
10588
10661
10665
10694
10639
10610
10606
10630
10630
10600
10549
10513
10517
10546
10633
10602
10580
10617
10746
10776
10720
10935
10936
10905
10965
10957
10865
10876
10899
10874
10883
10912
10912
10888
10891
10858
10915
10835
10981
10960
11016
11023
10950
10965
11005
10987
10954
11041
11110
11136
11174
11132
11137
11188
11285
11276
11288
11263
11273
11260
11239
11219
11222
11213
11172
11242
11244
11241
11290
11220
11205
11209
11192
11197
11188
11163
11176
11200
11164
11121
11121
11110
11099
11051
11040
11060
11076
11079
11068
11072
11070
11051
11101
11070
11071
11058
11083
11077
11067
11074
11076
11101
11114
11070
11079
11050
10965
10964
10922
10875
10822
10815
10803
10814
10788
10822
10811
10836
10836
10826
10838
10844
10863
10849
10869
10848
10821
10811
10817
10819
10835
10771
10776
10798
10800
10800
10769
10681
10653
10688
10689
10722
10714
10683
10684
10714
10760
10742
10760
10766
10772
10771
10771
10780
10791
10797
10786
10772
10752
10798
10788
10782
10799
10805
10766
10765
10766
10754
10715
10710
10744
10762
10751
10810
10788
10827
10845
10850
10844
10832
10821
10829
10822
10779
10816
10816
10790
10793
10849
10829
10789
10827
10793
10786
10760
10728
10720
10734
10734
10724
10760
10768
10761
10760
10756
10720
10695
10740
10676
10689
10681
10690
10713
10732
10701
10623
10637
10635
10629
10616
10600
10610
10556
10580
10644
10665
10706
10693
10671
10640
10700
10724
10729
10748
10740
10751
10744
10738
10735
10725
10715
10700
10698
10672
10837
10840
10840
10840
10840
10845
10830
10825
10855
10861
10781
10794
10796
10804
10834
10800
10773
10757
10769
10784
10756
10749
10730
10719
10754
10717
10718
10665
10690
10707
10713
10675
10674
10685
10713
10728
10742
10750
10750
10725
10715
10768
10621
10638
10650
10684
10705
10684
10750
10813
10791
10823
10837
10840
10850
10816
10816
10817
10800
10809
10833
10829
10864
10835
10821
10791
10782
10731
10731
10731
10735
10720
10745
10709
10702
10705
10733
10666
10679
10656
10659
10699
10715
10708
10687
10694
10702
10701
10710
10725
10725
10701
10670
10666
10635
10610
10608
10599
10548
10544
10560
10535
10535
10526
10536
10550
10544
10500
10500
10553
10589
10585
10592
10584
10584
10566
10522
10546
10561
10527
10525
10545
10482
10475
10470
10492
10484
10472
10444
10412
10413
10432
10449
10459
10421
10418
10412
10429
10445
10420
10408
10428
10469
10467
10454
10403
10385
10425
10319
10306
10280
10222
10225
10220
10210
10217
10203
10230
10236
10209
10198
10210
10167
10173
10155
10151
10152
10095
10090
10119
10090
10129
10175
10188
10196
10191
10214
10238
10210
10212
10186
10200
10180
10202
10220
10223
10227
10229
10225
10168
10181
10179
10201
10195
10169
10165
10100
10100
10100
10090
10089
10089
10065
10070
10074
10081
10105
10110
10110
10073
10070
10088
10085
10100
10103
10079
10068
10066
10039
9996
10019
10006
10033
10018
10034
10024
10033
9996
9988
9977
10059
10047
9983
9980
9974
9968
9970
9946
9956
9968
9970
9929
9956
9966
9973
9961
9973
9954
9939
9936
9951
9940
9972
9974
9988
10069
10064
10073
10065
10057
10047
10076
10080
10110
10114
10129
10123
10136
10154
10146
10132
10122
10107
10097
10080
10090
10102
10094
10066
10041
10049
10063
10029
10046
10080
10098
10120
10100
10071
10065
10066
10085
10049
10086
10065
9979
9950
9942
9938
9895
9858
9864
9860
9884
9927
9939
9946
9950
9940
9870
9879
9882
9881
9887
9810
9809
9809
9794
9834
9841
9808
9823
9851
9838
9846
9831
9820
9762
9750
9775
9730
9786
9770
9770
9770
9775
9788
9800
9837
9856
9846
9835
9813
9815
9802
9809
9850
9881
9880
9845
9830
9837
9884
9910
9900
9942
9956
9984
9974
9940
9936
9946
9922
9949
9948
9952
9935
9889
9888
9823
9810
9785
9796
9820
9850
9852
9844
9830
9868
9926
9916
9890
9924
9925
9898
9893
9881
9860
9880
9865
9946
9942
9941
9950
9907
9951
9950
10050
10067
10081
10124
10105
10080
10075
10120
10115
10150
10115
10100
10126
10134
10098
10050
10042
10023
10007
9983
9980
9964
9991
10044
10043
10040
10061
10089
10087
10083
10055
10059
10098
10094
10108
10108
10116
10108
10093
10112
10092
10177
10183
10217
10197
10202
10212
10203
10232
10187
10175
10208
10213
10221
10230
10223
10249
10211
10215
10201
10210
10225
10249
10243
10290
10249
10216
10250
10256
10237
10216
10200
10207
10200
10219
10206
10243
10253
10220
10223
10176
10134
10115
10124
10156
10114
10092
10070
10052
10148
10145
10149
10149
10125
10135
10110
10083
10100
10133
10120
10131
10128
10105
10083
10089
10077
10000
10068
10048
10050
10000
9994
9988
9984
9957
9962
9942
9961
9965
9967
9998
9930
9931
9950
9916
9896
9885
10015
10014
10036
10076
10079
10072
10042
10076
10118
10088
10088
10079
10092
10023
10024
10035
10029
10056
10085
10092
10098
10111
10132
10149
10135
10142
10140
10180
10158
10161
10159
10156
10144
10173
10150
10141
10130
10087
10112
10135
10145
10161
10231
10191
10145
10135
10127
10135
10127
10127
10123
10097
10086
10096
10040
10034
10022
10023
10016
10000
10005
10026
10043
10020
9984
9962
9884
9895
9913
9861
9860
9811
9837
9844
9860
9837
9820
9792
9813
9813
9842
9830
9844
9835
9831
9832
9830
9850
9832
9830
9838
9835
9820
9854
9841
9837
9880
9887
9830
9810
9811
9799
9825
9813
9812
9792
9804
9739
9750
9727
9692
9690
9693
9693
9694
9679
9683
9700
9694
9744
9740
9733
9726
9735
9730
9748
9762
9755
9698
9690
9703
9635
9636
9680
9700
9663
9660
9615
9609
9570
9612
9667
9580
9670
9716
9718
9744
9739
9740
9762
9780
9696
9657
9643
9644
9650
9605
9605
9600
9620
9538
9520
9515
9586
9605
9606
9656
9671
9865
9901
9918
9970
9957
9949
9929
9915
9903
9915
9890
9875
9889
9889
9886
9868
9865
9835
9850
9847
9840
9869
9840
9868
9860
9846
9840
9845
9853
9805
9796
9770
9779
9779
9745
9726
9726
9733
9728
9717
9711
9700
9712
9714
9724
9740
9720
9718
9709
9716
9715
9712
9729
9736
9751
9745
9744
9740
9745
9728
9730
9725
9740
9710
9713
9701
9710
9723
9728
9698
9702
9680
9662
9674
9700
9719
9694
9733
9736
9732
9713
9732
9725
9699
9683
9669
9676
9649
9644
9644
9625
9646
9657
9663
9685
9678
9678
9662
9643
9643
9629
9653
9679
9675
9662
9683
9634
9634
9634
9630
9597
9600
9503
9475
9469
9470
9466
9477
9463
9428
9424
9420
9434
9435
9407
9404
9390
9418
9435
9443
9455
9441
9421
9433
9419
9423
9394
9398
9354
9450
9449
9480
9480
9493
9496
9501
9493
9494
9493
9490
9451
9456
9451
9482
9490
9494
9475
9505
9500
9500
9505
9491
9444
9445
9431
9458
9441
9425
9408
9420
9408
9412
9401
9402
9408
9406
9409
9442
9345
9353
9330
9296
9292
9263
9257
9250
9256
9287
9300
9322
9307
9320
9302
9277
9253
9265
9257
9257
9285
9297
9312
9322
9307
9341
9322
9239
9250
9258
9225
9225
9280
9280
9279
9300
9289
9287
9240
9241
9250
9233
9233
9246
9218
9262
9265
9276
9267
9248
9257
9320
9340
9357
9377
9305
9310
9325
9325
9280
9271
9300
9293
9260
9275
9290
9308
9294
9294
9305
9254
9283
9291
9300
9295
9290
9311
9308
9315
9313
9332
9329
9301
9324
9311
9237
9245
9226
9277
9257
9263
9218
9233
9210
9220
9210
9219
9235
9230
9218
9166
9198
9201
9218
9216
9209
9229
9240
9189
9162
9210
9238
9216
9260
9250
9216
9200
9246
9263
9280
9275
9157
9162
9190
9207
9158
9195
9146
9123
9182
9172
9203
9212
9176
9165
9171
9109
9040
9040
9022
9047
9044
9008
8962
8910
8906
8881
8870
8827
8806
8808
8808
8806
8810
8816
8797
8820
8825
8795
8793
8795
8774
8799
8830
8810
8814
8839
8839
8823
8822
8814
8786
8787
8810
8811
8795
8799
8792
8815
8832
8798
8822
8840
8844
8850
8870
8857
8855
8861
8854
8871
8875
8888
8878
8859
8899
8893
8890
8883
8888
8900
8900
8900
8905
8890
8890
8856
8843
8855
8863
8880
8852
8820
8807
8809
8807
8804
8802
8815
8822
8803
8862
8859
8844
8829
8850
8860
8844
8839
8850
8830
8808
8780
8783
8766
8754
8764
8768
8783
8789
8795
8780
8785
8786
8793
8809
8803
8813
8832
8797
8768
8760
8786
8719
8699
8691
8715
8727
8700
8678
8691
8716
8673
8646
8659
8678
8662
8684
8702
8700
8705
8708
8709
8671
8671
8685
8692
8703
8702
8695
8690
8698
8669
8646
8647
8636
8637
8630
8623
8607
8610
8606
8614
8615
8610
8617
8631
8625
8630
8653
8592
8588
8617
8616
8600
8537
8529
8536
8535
8562
8554
8562
8558
8558
8539
8546
8514
8507
8549
8535
8507
8486
8503
8546
8535
8542
8517
8531
8553
8533
8534
8528
8522
8483
8498
8558
8559
8556
8531
8547
8590
8594
8616
8604
8636
8621
8627
8601
8630
8649
8681
8689
8690
8676
8676
8676
8677
8681
8692
8674
8679
8690
8707
8695
8694
8694
8694
8692
8704
8706
8716
8698
8634
8637
8640
8654
8622
8611
8627
8615
8606
8605
8610
8586
8582
8583
8570
8583
8586
8600
8599
8587
8622
8607
8606
8626
8624
8624
8612
8642
8642
8610
8638
8605
8598
8586
8567
8576
8590
8595
8565
8560
8556
8533
8512
8556
8535
8532
8539
8530
8519
8527
8520
8499
8525
8524
8520
8506
8486
8505
8488
8510
8539
8540
8520
8546
8573
8646
8663
8645
8623
8600
8598
8615
8618
8632
8618
8629
8581
8582
8541
8535
8549
8565
8542
8548
8571
8560
8573
8649
8642
8631
8622
8602
8602
8590
8584
8590
8585
8563
8569
8558
8543
8537
8506
8509
8493
8440
8485
8509
8533
8502
8503
8437
8448
8492
8496
8520
8525
8525
8556
8550
8549
8506
8500
8504
8481
8495
8516
8500
8502
8520
8495
8455
8440
8440
8410
8384
8399
8383
8378
8372
8394
8440
8449
8448
8463
8414
8399
8447
8462
8440
8414
8412
8415
8401
8452
8465
8462
8475
8523
8525
8498
8500
8463
8486
8477
8476
8481
8497
8533
8543
8618
8611
8611
8666
8684
8734
8717
8720
8740
8692
8716
8707
8699
8708
8707
8684
8647
8624
8601
8608
8591
8625
8626
8602
8590
8585
8597
8600
8608
8616
8605
8610
8603
8616
8610
8621
8633
8624
8588
8581
8562
8584
8599
8618
8642
8637
8643
8643
8695
8706
8704
8704
8698
8701
8690
8704
8720
8765
8759
8765
8736
8730
8693
8680
8729
8730
8730
8722
8724
8740
8755
8760
8701
8663
8698
8702
8725
8714
8716
8720
8736
8735
8698
8688
8668
8676
8740
8771
8821
8798
8858
8881
8885
8878
8887
8880
8888
8936
8912
8921
8875
8880
8860
8878
8834
8882
8899
8882
8834
8859
8825
8899
8913
8943
8941
8926
8931
8972
8943
8940
8950
8929
8885
8886
8875
8808
8806
8798
8798
8799
8795
8772
8801
8804
8813
8821
8819
8821
8839
8812
8845
8812
8797
8872
8804
8907
8884
8878
8909
8900
8894
8856
8844
8818
8831
8829
8850
8852
8764
8798
8784
8762
8747
8703
8709
8747
8760
8734
8677
8677
8670
8670
8678
8691
8690
8670
8669
8629
8642
8635
8641
8661
8673
8611
8631
8688
8690
8683
8703
8726
8751
8761
8712
8693
8715
8711
8700
8685
8701
8678
8671
8670
8651
8651
8656
8677
8715
8718
8729
8703
8726
8708
8686
8707
8700
8695
8710
8631
8657
8650
8600
8589
8588
8600
8623
8582
8578
8600
8542
8564
8563
8530
8554
8550
8566
8585
8571
8570
8585
8588
8568
8666
8671
8675
8695
8686
8671
8693
8693
8690
8688
8673
8666
8650
8740
8745
8750
8740
8758
8743
8744
8745
8738
8719
8788
8770
8765
8720
8731
8732
8727
8750
8668
8677
8699
8700
8708
8703
8705
8717
8657
8705
8689
8688
8733
8722
8695
8828
8807
8811
8822
8831
8836
8805
8787
8818
8801
8842
8836
8828
8808
8762
8760
8731
8777
8782
8790
8800
8756
8753
8736
8730
8772
8788
8774
8776
8813
8771
8771
8769
8773
8764
8751
8780
8784
8782
8750
8722
8740
8731
8746
8730
8736
8728
8743
8744
8708
8667
8589
8505
8472
8472
8467
8476
8480
8484
8509
8501
8510
8510
8493
8506
8510
8523
8515
8525
8503
8481
8408
8397
8399
8397
8412
8411
8419
8420
8424
8447
8449
8450
8424
8407
8405
8400
8401
8384
8375
8368
8404
8400
8375
8379
8380
8401
8422
8431
8434
8425
8422
8489
8494
8515
8528
8515
8479
8480
8481
8472
8468
8460
8463
8460
8488
8517
8511
8523
8533
8528
8499
8491
8463
8450
8493
8474
8481
8467
8481
8493
8471
8483
8489
8490
8503
8497
8512
8543
8467
8451
8458
8468
8450
8380
8382
8303
8302
8345
8328
8351
8319
8320
8327
8339
8356
8400
8395
8392
8418
8392
8377
8341
8340
8195
8172
8188
8171
8200
8208
8236
8226
8227
8197
8165
8210
8208
8233
8250
8209
8173
8129
8137
8143
8101
8150
8092
8104
8079
8086
8078
8089
8130
8117
8106
8105
8100
8130
8140
8277
8267
8292
8297
8319
8297
8302
8331
8303
8300
8298
8294
8261
8260
8295
8300
8320
8317
8310
8278
8290
8310
8325
8326
8348
8330
8278
8308
8276
8288
8276
8232
8245
8228
8217
8245
8255
8258
8261
8260
8217
8220
8230
8261
8265
8250
8260
8271
8271
8290
8308
8260
8300
8347
8329
8330
8358
8380
8370
8382
8390
8366
8373
8321
8302
8282
8289
8222
8227
8210
8266
8288
8283
8176
8233
8262
8265
8240
8200
8209
8253
8255
8335
8347
8280
8280
8325
8316
8352
8309
8348
8315
8480
8454
8465
8450
8444
8424
8424
8439
8392
8372
8351
8388
8363
8368
8366
8397
8410
8425
8400
8384
8382
8380
8410
8370
8349
8340
8324
8300
8300
8250
8237
8249
8269
8270
8313
8239
8276
8289
8320
8320
8335
8314
8307
8300
8299
8284
8321
8332
8285
8288
8272
8205
8143
8200
8105
8080
8054
8023
7970
8010
8050
8062
8049
8043
8041
8040
8035
8060
7992
8031
8048
8075
8040
8121
8101
8130
8110
8095
8070
8029
7987
7981
8013
7995
8002
7991
7964
7890
7846
7846
7830
7855
7855
7913
7896
7893
7854
7820
7893
7875
7878
7865
7855
7883
7828
7833
7849
7843
7872
7877
7910
7910
7908
7886
7890
7912
7920
7992
8056
8045
8046
8062
8050
8047
8035
8050
8009
8030
8053
8006
7995
7978
7970
8002
8045
8030
8041
8079
8089
8056
8000
8050
8010
7997
7978
7970
7985
8026
8049
8065
8076
8066
8130
8138
8171
8095
8133
8050
8028
8033
8056
8059
8040
8050
8092
8116
8095
8105
8078
8087
8135
8185
8185
8210
8248
8220
8270
8268
8240
8236
8225
8229
8218
8242
8233
8200
8200
8270
8276
8209
8194
8384
8416
8410
8346
8391
8320
8425
8434
8480
8470
8487
8490
8500
8541
8550
8563
8555
8570
8539
8500
8508
8538
8550
8500
8504
8510
8552
8518
8500
8498
8558
8535
8525
8529
8511
8421
8419
8370
8306
8295
8279
8274
8271
8290
8289
8289
8295
8290
8305
8256
8283
8188
8208
8240
8218
8244
8222
8238
8211
8243
8364
8396
8355
8342
8350
8334
8370
8365
8375
8365
8361
8379
8376
8400
8450
8444
8452
8445
8468
8425
8430
8345
8382
8345
8287
8292
8306
8333
8391
8376
8353
8345
8362
8370
8380
8435
8448
8395
8370
8397
8400
8446
8444
8437
8458
8492
8468
8440
8470
8481
8385
8385
8392
8330
8260
8265
8293
8307
8300
8294
8360
8435
8406
8380
8435
8463
8354
8346
8341
8344
8405
8400
8425
8425
8458
8418
8408
8406
8422
8475
8492
8500
8539
8622
8633
8632
8640
8628
8677
8730
8797
8813
8804
8800
8793
8760
8771
8766
8728
8755
8756
8767
8730
8780
8748
8741
8746
8625
8647
8648
8665
8650
8669
8600
8608
8605
8579
8581
8670
8675
8614
8676
8684
8709
8725
8709
8610
8645
8623
8621
8628
8581
8581
8546
8587
8598
8574
8579
8612
8655
8679
8672
8699
8687
8690
8677
8650
8648
8740
8790
8788
8788
8750
8750
8750
8700
8727
8763
8716
8745
8730
8762
8723
8725
8721
8734
8853
8861
8880
8888
8908
8970
8980
9020
8973
8920
8929
8977
8980
9076
9084
9020
9014
9000
9000
9000
8980
8946
8955
8949
8944
8971
8962
8884
8885
8883
8899
8898
8904
8891
8890
8879
8898
8889
8906
8894
8936
8949
8920
8903
8912
8906
8877
8873
8860
8838
8846
8870
8906
8854
8840
8822
8828
8854
8871
8859
8837
8953
8932
8955
8978
8999
9007
9016
8993
9003
8999
8945
8964
8960
8974
8966
8990
8973
8992
8956
8954
8911
8908
8906
8900
8893
8905
8934
8924
8907
8886
8847
8840
8813
8830
8936
8931
8920
8881
8902
8874
8857
8870
8887
8895
8872
8859
8824
8825
8837
8792
8671
8674
8662
8641
8693
8700
8700
8709
8689
8638
8638
8630
8659
8616
8617
8623
8573
8594
8589
8605
8525
8510
8506
8505
8504
8498
8498
8465
8485
8504
8470
8479
8480
8519
8539
8540
8568
8553
8569
8575
8526
8508
8474
8521
8500
8547
8588
8588
8570
8555
8586
8622
8575
8577
8551
8600
8578
8598
8591
8617
8660
8649
8692
8700
8716
8663
8650
8682
8684
8649
8686
8687
8687
8697
8696
8697
8703
8714
8622
8631
8590
8593
8622
8582
8589
8642
8640
8665
8657
8700
8700
8690
8713
8698
8665
8640
8639
8589
8620
8595
8569
8478
8433
8409
8420
8419
8404
8411
8370
8365
8348
8367
8392
8406
8410
8410
8380
8366
8352
8357
8375
8361
8368
8369
8360
8333
8321
8323
8333
8332
8319
8356
8370
8393
8380
8416
8407
8410
8415
8415
8434
8470
8400
8391
8381
8349
8400
8390
8383
8361
8362
8287
8266
8266
8285
8259
8295
8293
8244
8230
8233
8238
8239
8264
8230
8231
8240
8262
8266
8266
8250
8252
8222
8212
8253
8273
8266
8310
8323
8294
8300
8209
8224
8250
8200
8200
8237
8256
8259
8259
8260
8254
8250
8295
8205
8193
8188
8239
8238
8238
8214
8228
8249
8290
8250
8260
8295
8251
8230
8244
8236
8253
8169
8193
8172
8160
8170
7997
7982
7950
7968
7927
7914
7900
7875
7900
7910
7930
7929
7950
7960
7960
7983
7992
8000
7998
7998
8006
7975
8066
8058
8083
8033
7971
7975
7960
7940
7940
7944
7935
7945
7947
7930
7924
7944
7846
7839
7838
7850
7896
7898
7918
7902
7900
7870
7815
7811
7820
7795
7781
7807
7885
7890
7887
7871
7815
7851
7921
7950
7989
7946
7947
7995
8023
8067
8048
8002
8058
8060
7955
8028
8011
7964
7921
7979
7955
8070
8100
8086
8082
8098
8122
8103
8069
7999
7984
7975
7957
7920
7950
7978
7973
7945
7969
7970
7951
8019
8000
8033
8000
7933
7941
7885
7935
7926
7896
7893
7891
7874
7879
7861
7907
7935
8004
8019
7989
8051
8104
8108
8093
8090
8121
8136
8220
8259
8251
8216
8185
8181
8201
8198
8217
8336
8336
8319
8275
8219
8165
8137
8144
8151
8211
8211
8200
8140
8195
8255
8244
8186
8190
8169
8170
8208
8273
8309
8312
8275
8290
8287
8294
8274
8405
8395
8403
8376
8380
8378
8393
8398
8350
8433
8430
8422
8459
8375
8376
8294
8296
8264
8254
8250
8240
8214
8260
8228
8216
8220
8220
8198
8188
8140
8140
8150
8160
8152
8160
8091
8186
8255
8256
8223
8215
8220
8155
8188
8170
8216
8230
8247
8246
8240
8236
8251
8300
8289
8282
8256
8251
8236
8229
8160
8160
8175
8290
8272
8220
8222
8258
8260
8280
8301
8340
8370
8415
8402
8401
8388
8388
8388
8424
8424
8432
8474
8484
8369
8400
8406
8375
8340
8376
8376
8389
8480
8433
8425
8405
8490
8463
8456
8536
8510
8558
8551
8530
8487
8471
8480
8546
8513
8511
8550
8559
8558
8591
8564
8623
8605
8582
8579
8564
8491
8380
8365
8406
8440
8431
8447
8493
8500
8498
8542
8542
8534
8459
8448
8510
8481
8480
8502
8495
8549
8521
8562
8566
8622
8600
8541
8485
8460
8528
8550
8571
8465
8313
8336
8191
8222
8185
8150
8200
8300
8299
8250
8248
8242
8242
8278
8308
8330
8336
8377
8289
8267
8258
8270
8312
8241
8235
8177
8142
8161
8098
8107
8080
8111
8111
8098
8040
8000
7994
7888
7890
7918
7951
7951
8030
8030
8025
7986
7995
7931
7960
7970
8015
8040
8072
8108
8078
8116
8128
8160
8209
8159
8164
8153
8140
8142
8163
8187
8210
8202
8217
8171
8151
8164
8181
8151
8123
8060
7975
8000
8058
8070
8089
8004
7999
7984
7973
8071
8125
8040
8035
8000
7991
8001
8029
8032
8013
8049
8009
7863
7874
7854
7917
7900
7888
7874
7839
7830
7800
7653
7659
7750
7770
7788
7741
7740
7740
7765
7796
7784
7825
7821
7800
7742
7692
7725
7679
7617
7640
7624
7644
7638
7732
7709
7675
7743
7705
7720
7778
7777
7823
7860
7797
7892
7907
7920
7916
7936
7850
7821
7897
7867
8000
7990
8049
8066
8070
8128
8130
8147
8177
8240
8230
8255
8250
8232
8170
8159
8174
8177
8219
8200
8212
8171
8098
8054
7980
8045
8067
8033
8080
8121
8120
8136
8147
8150
8110
8053
8120
8230
8200
8227
8173
8260
8286
8300
8306
8314
8267
8274
8272
8313
8370
8334
8375
8349
8372
8344
8349
8339
8329
8271
8180
8180
8180
8195
8209
8185
8206
8232
8225
8211
8190
8070
8045
8030
8060
8075
8107
8060
8034
8041
8018
8001
8049
8049
8090
8160
8145
8133
8178
8225
8258
8235
8170
8127
8200
8319
8315
8270
8270
8338
8310
8160
8213
8166
8185
8200
8180
8182
8205
8270
8250
8368
8392
8326
8409
8360
8500
8534
8500
8540
8462
8461
8462
8500
8483
8450
8418
8398
8322
8293
8273
8292
8300
8212
8173
8226
8220
8222
8217
8258
8215
8252
8318
8281
8273
8200
8150
8150
8275
8317
8318
8299
8291
8222
8160
8170
8171
8185
8176
8171
8098
8125
7989
7950
8010
8000
8028
8001
7950
7955
7914
7922
7984
8016
8033
7962
8000
7920
7900
7952
7895
7873
7754
7728
7699
7709
7675
7690
7700
7700
7666
7726
7728
7734
7798
7769
7754
7781
7738
7719
7698
7704
7720
7740
7730
7763
7660
7697
7584
7452
7456
7448
7455
7439
7425
7408
7410
7470
7456
7478
7539
7452
7486
7486
7439
7352
7358
7364
7339
7390
7426
7456
7452
7404
7463
7377
7470
7518
7582
7525
7496
7472
7450
7511
7515
7512
7578
7508
7392
7394
7333
7331
7351
7260
7248
7230
7231
7271
7298
7271
7301
7358
7400
7440
7375
7348
7320
7325
7335
7328
7301
7319
7340
7404
7384
7450
7431
7500
7447
7480
7500
7542
7545
7644
7718
7711
7725
7683
7725
7695
7650
7649
7635
7621
7635
7632
7669
7643
7645
7644
7649
7734
7752
7719
7735
7675
7621
7604
7580
7600
7653
7650
7550
7606
7593
7602
7700
7756
7850
7735
7818
7730
7752
7700
7695
7667
7621
7608
7608
7660
7673
7590
7600
7556
7507
7564
7550
7680
7640
7625
7649
7520
7590
7581
7637
7674
7642
7660
7800
7800
7763
7780
7850
7922
7899
7864
8150
8059
7890
7714
7698
7662
7670
7664
7654
7580
7600
7654
7643
7676
7792
7754
7650
7645
7614
7600
7480
7596
7549
7511
7468
7450
7393
7380
7299
7275
7200
7245
7284
7183
7194
7181
7176
7023
7030
6987
7112
7094
7077
7100
7137
7116
7069
7002
6837
6825
6840
6859
6876
7000
6948
6932
6921
6981
7000
7023
7042
7049
7130
7115
6990
6999
7066
7047
7145
7155
7138
7265
7272
7384
7212
7140
7235
7390
7374
7393
7440
7325
7262
7230
7180
7089
7088
7099
7062
7122
7011
7051
6965
7119
7143
7111
7080
7159
7052
7105
7069
6965
7014
6900
6844
6811
6760
6725
6763
6809
6900
6738
6744
6731
6700
6665
6596
6633
6641
6579
6549
6500
6470
6449
6485
6487
6408
6397
6425
6437
6445
6494
6510
6440
6330
6239
6269
6290
6365
6369
6232
6255
6394
6391
6393
6478
6547
6497
6526
6564
6591
6583
6615
6593
6650
6605
6774
6721
6792
6738
6671
6656
6766
6676
6764
6889
6883
6785
6523
6377
6334
6333
6392
6405
6318
6260
6230
6177
6172
6162
6126
6132
6079
6058
6051
6040
6110
6175
6170
6150
6150
6187
6193
6217
6120
6165
6070
6131
6005
6150
6195
6299
6217
6210
6130
6128
6111
6142
6136
6150
6176
6270
6261
6295
6370
6356
6413
6535
6470
6483
6465
6429
6499
6500
6548
6310
6325
6269
6070
6119
6100
6131
6127
6126
6147
6122
6201
6151
6189
6194
6270
6234
6264
6286
6312
6322
6348
6263
6220
6250
6220
6278
6292
6367
6270
6279
6280
6325
6377
6415
6534
6489
6359
6423
6423
6440
6482
6501
6518
6521
6570
6591
6650
6639
6601
6700
6736
6826
6844
6904
6956
7025
6966
6855
6891
6914
6950
7011
7045
6978
7009
6988
7037
6878
6885
6875
6849
6795
6848
6650
6793
6807
6869
6917
6800
6773
6765
6849
6825
6852
6848
6853
6935
6994
7034
7051
7047
7140
7140
7136
7186
7181
7175
7225
7238
7183
7178
7163
7150
7183
7222
7175
7247
7278
6971
7119
7194
7204
7311
7340
7300
7281
7270
7196
7324
7191
6980
6849
6884
6964
6756
6705
6702
6723
6755
6792
6825
6897
6930
6903
6983
6873
6870
6933
6888
6968
7052
7025
7075
7145
7002
6978
6943
6947
6900
6924
6947
6964
7068
7080
7080
7138
7200
7240
7300
7254
7263
7295
7244
7246
7275
7325
7345
7312
7315
7360
7356
7454
7450
7403
7376
7372
7360
7366
7325
7290
7250
7237
7233
7286
7226
7237
7326
7290
7302
7240
7350
7359
7367
7472
7403
7362
7355
7435
7468
7520
7515
7541
7610
7650
7650
7610
7637
7599
7605
7630
7611
7660
7699
7655
7655
7617
7646
7626
7650
7648
7659
7688
7720
7740
7768
7747
7540
7559
7548
7560
7530
7550
7622
7609
7591
7613
7632
7550
7566
7572
7559
7653
7676
7666
7635
7624
7607
7701
7791
7742
7761
7767
7728
7885
7888
7900
7847
7825
7807
7836
7814
7814
7867
7855
7855
7934
7899
7874
7899
7916
7902
7926
7906
8004
7927
7946
7700
7804
7800
7855
7882
7969
7955
7908
7921
7825
7979
7997
7956
7922
7936
7992
8043
8017
7975
7937
7976
7998
7935
7979
7971
8074
8079
8056
8044
8049
8130
8192
8234
8241
8201
8211
8196
8233
8259
8210
8156
8213
8235
8258
8285
8248
8220
8234
8239
8257
8248
8260
8307
8315
8330
8310
8283
8284
8282
8287
8283
8288
8279
8245
8232
8202
8161
8205
8198
8131
8130
8138
8032
8016
8046
8050
8087
8092
8059
8130
8127
8176
8157
8097
8198
8134
8186
8019
8025
8007
7927
7939
7947
7908
7900
7993
7989
8012
7978
8040
8082
8086
8069
7984
7987
7966
8015
8049
7996
7954
8003
7938
8097
8124
8101
8150
8146
8192
8223
8227
8261
8246
8292
8284
8290
8273
8257
8253
8250
8191
8177
8251
8310
8294
8310
8324
8302
8253
8280
8294
8308
8300
8396
8388
8320
8313
8308
8295
8328
8330
8363
8352
8345
8311
8250
8198
8158
8169
8121
8107
8080
8049
8098
8110
8125
8200
8182
8200
8207
8220
8236
8207
8170
8175
8186
8150
8090
8102
8100
8024
8001
8008
8047
8009
7944
7975
7855
8011
8015
7990
7972
7990
7926
7894
8179
8224
8215
8260
8214
8216
8228
8236
8230
8249
8178
8101
8226
8260
8200
8249
8327
8290
8298
8300
8329
8332
8282
8284
8355
8500
8497
8492
8479
8448
8491
8514
8514
8470
8380
8458
8450
8494
8477
8496
8523
8465
8455
8371
8397
8334
8350
8389
8448
8430
8371
8350
8300
8250
8346
8364
8369
8375
8450
8369
8410
8382
8439
8462
8454
8638
8674
8678
8626
8729
8756
8778
8747
8790
8803
8839
8806
8743
8762
8732
8709
8704
8695
8671
8620
8623
8629
8685
8624
8677
8670
8705
8718
8630
8573
8561
8604
8535
8472
8600
8580
8529
8489
8490
8658
8700
8767
8813
8856
8894
8939
8916
8898
8896
8895
8887
8844
8860
8873
8887
8916
8751
8746
8732
8804
8788
8806
8784
8710
8723
8725
8673
8772
8756
8779
8793
8750
8803
8957
8965
8959
8982
8931
8894
9005
9027
9059
9056
9060
9035
9035
9094
9029
9063
9107
9117
9177
9218
9180
9165
9170
9177
9171
9173
9170
9179
9200
9198
9194
9240
9249
9286
9233
9220
9283
9279
9277
9297
9290
9277
9283
9277
9301
9310
9297
9270
9304
9303
9292
9180
9180
9177
9167
9143
9152
9180
9159
9165
9174
9122
9126
9126
9109
9088
9101
9085
9114
9053
9073
9052
9056
9056
9049
9061
9121
9139
9195
9195
9189
9189
9211
9207
9186
9169
9169
9210
9210
9125
9081
9100
9062
9055
9108
9080
9050
9049
9001
9049
9080
9049
9007
8986
9008
9012
9114
9113
9077
9085
9089
9130
9108
9084
9100
9050
9055
9139
9115
9126
9134
9080
9128
9130
9130
9149
9170
9184
9194
9189
9170
9200
9178
9108
9100
9103
9100
9110
9102
9101
9051
9026
9044
9027
9071
9091
9107
9084
9090
9089
9092
9101
9074
9101
9128
9137
9200
9200
9231
9254
9276
9236
9244
9244
9180
9201
9208
9212
9192
9266
9262
9236
9369
9375
9374
9362
9354
9312
9404
9417
9418
9379
9426
9410
9320
9300
9270
9280
9250
9280
9280
9319
9364
9339
9320
9300
9368
9348
9356
9323
9265
9268
9277
9295
9270
9222
9221
9189
9193
9168
9205
9210
9234
9230
9254
9200
9159
9179
9209
9265
9303
9265
9251
9265
9231
9239
9350
9339
9306
9279
9261
9251
9225
9246
9239
9232
9220
9139
9142
9138
9074
9120
9141
9191
9218
9203
9165
9259
9308
9324
9324
9340
9265
9275
9295
9385
9416
9405
9400
9416
9415
9388
9347
9339
9337
9320
9320
9328
9289
9276
9308
9330
9347
9360
9348
9182
9210
9210
9188
9198
9198
9198
9197
9188
9197
9120
9030
9027
9046
9031
9019
8949
8950
8952
8966
8953
8952
8999
9035
8945
8970
8970
8970
8965
9018
9020
9075
8951
8939
8930
8963
8930
8955
8984
8894
8893
8767
8758
8733
8712
8802
8837
8833
8778
8780
8784
8760
8784
8773
8766
8800
8804
8852
8840
8850
8876
8897
8899
8926
8929
8886
8903
8933
8913
8890
8878
8888
8932
8983
8890
8819
8810
8811
8844
8762
8695
8660
8638
8632
8601
8625
8618
8565
8573
8576
8560
8584
8651
8650
8588
8575
8603
8650
8700
8704
8643
8665
8598
8544
8517
8503
8467
8433
8404
8346
8380
8435
8414
8350
8332
8323
8341
8301
8328
8334
8302
8360
8298
8315
8294
8422
8427
8415
8453
8355
8332
8335
8318
8355
8285
8285
8219
8219
8260
8250
8261
8262
8232
8171
8178
8210
8291
8316
8287
8282
8300
8306
8270
8294
8322
8421
8526
8550
8579
8595
8608
8652
8640
8604
8595
8631
8635
8580
8545
8545
8542
8530
8613
8630
8620
8580
8546
8580
8600
8592
8590
8627
8737
8742
8747
8762
8734
8702
8730
8739
8772
8800
8818
8803
8809
8761
8750
8764
8740
8754
8760
8772
8789
8797
8862
8786
8756
8860
8865
8874
8878
8861
8875
8867
8837
8850
8850
8826
8780
8766
8777
8762
8774
8767
8731
8785
8804
8813
8804
8789
8800
8820
8802
8720
8522
8540
8575
8621
8633
8626
8649
8556
8600
8610
8536
8488
8601
8638
8665
8673
8700
8680
8644
8699
8725
8717
8749
8622
8584
8592
8590
8670
8640
8640
8616
8700
8675
8625
8605
8486
8523
8491
8480
8484
8511
8463
8475
8506
8500
8543
8543
8546
8654
8658
8665
8610
8624
8616
8586
8600
8598
8708
8700
8760
8666
8690
8747
8818
8856
8801
8909
8890
8902
8924
9085
9057
8930
8918
8923
8938
9007
9010
9043
9029
8960
8981
8920
8961
8927
8781
8764
8726
8626
8644
8599
8617
8630
8681
8605
8581
8600
8588
8461
8423
8515
8525
8621
8579
8771
8852
8820
8872
8724
8666
8750
8783
8600
8500
8480
8495
8600
8300
8500
8031
8014
8190
7969
7870
7730
7750
7804
7783
7822
7830
7894
7862
7938
7950
7963
7996
7991
7929
7962
7980
8020
8025
8090
8080
8104
8100
8136
8112
8165
8113
8069
8069
8080
8106
8103
8061
8120
8169
8253
8287
8320
8328
8380
8300
8264
8279
8264
8319
8299
8130
8150
8171
8221
8232
8244
8250
8250
8260
8285
8319
8350
8300
8291
8319
8301
8318
8316
8376
8344
8380
8367
8350
8336
8394
8360
8398
8422
8507
8484
8460
8476
8525
8560
8632
8560
8520
8416
8425
8446
8433
8375
8436
8428
8446
8474
8518
8553
8541
8550
8572
8567
8570
8576
8540
8537
8476
8526
8542
8636
8650
8650
8591
8613
8630
8630
8568
8574
8582
8550
8558
8594
8549
8547
8569
8650
8650
8620
8578
8679
8685
8650
8641
8712
8710
8870
8888
8872
8821
8837
8825
8783
8753
8807
8794
8803
8670
8625
8609
8634
8629
8666
8646
8667
8701
8730
8708
8660
8654
8633
8683
8599
8585
8589
8696
8692
8694
8749
8717
8686
8611
8699
8767
8732
8790
8727
8784
8883
8912
8889
8939
9005
9011
9000
9080
9074
9079
9054
9046
9038
9049
9060
8971
8912
8906
8908
8950
8989
8895
8888
8917
9027
9011
9006
9001
9001
9088
9036
9010
8999
8971
9029
9130
9158
9189
9181
9120
9102
9140
9158
9160
9050
9039
9063
9077
9100
9054
9059
9097
8904
8914
8850
9006
8947
8770
8697
8455
8501
8517
8644
8702
8688
8710
8710
8721
8738
8735
8711
8762
8719
8741
8755
8799
8850
8941
8911
8930
8932
8930
8999
9009
8990
9010
9007
8972
8954
8947
8968
9012
9034
8994
8945
8976
8968
9016
9000
8950
8935
8957
8935
8900
8921
8935
8962
8877
8909
8970
8958
8962
8873
9035
8955
8992
8895
8947
9017
9087
9138
9109
9085
9099
9113
9101
9069
9134
9168
9157
9225
9194
9157
9210
9190
9188
9250
9269
9289
9292
9285
9280
9288
9285
9268
9281
9266
9285
9280
9350
9390
9384
9373
9327
9321
9201
9239
9257
9110
9145
9081
9208
9208
9230
9250
9228
9171
9166
9238
9308
9289
9286
9234
9248
9228
9288
9279
9200
9250
9290
9301
9322
9345
9460
9500
9492
9499
9472
9466
9532
9525
9501
9475
9530
9541
9475
9439
9395
9363
9400
9440
9391
9350
9398
9452
9452
9408
9398
9375
9435
9409
9430
9516
9533
9522
9545
9525
9610
9595
9579
9608
9725
9766
9772
9785
9810
9847
9844
9815
9800
9833
9823
9880
9906
9885
9875
9903
9914
10003
10012
10017
10017
10058
10070
10090
10061
10075
10075
10078
10078
10040
10057
10055
10093
10070
10063
10076
10107
10137
10165
10121
10122
10103
10099
10097
10086
10113
10125
10165
10146
10161
10161
10109
10108
10099
10128
10110
10094
10093
10090
10044
9964
9963
9964
9957
9966
10001
9986
10001
9913
9894
9910
9915
9950
9950
9963
9950
9933
9919
10095
10093
10096
10110
10118
10146
10130
10130
10129
10134
10135
10160
10149
10136
10134
10147
10127
10125
10101
10107
10081
10081
10123
10132
10159
10159
10106
10100
10119
10119
10120
10117
10142
10115
10108
10109
10130
10130
10101
10168
10140
10147
10171
10149
10134
10133
10120
10098
10095
10067
10056
10056
10037
10039
10063
10056
10019
9990
10039
10029
10020
10052
10057
10066
10062
10055
10000
9996
9990
9987
10000
10008
9976
9967
9992
9980
9980
9979
9999
9981
9956
9994
10000
10034
10030
10020
10030
10020
10020
10020
10030
10040
10027
9999
9996
9975
9999
9975
9968
9966
9956
9982
9950
9907
9871
9950
9952
9947
9949
9967
10009
10007
10001
10039
10039
10012
10000
10002
10026
10054
10050
10056
9988
9990
9990
9990
9970
9969
10010
9983
9970
9947
9950
9966
9946
9883
9874
9850
9800
9862
9931
9945
9920
9943
9915
9950
9953
9970
9990
9963
9924
9930
9893
9942
9954
9935
9930
9866
9895
9877
9830
9931
9928
9968
9996
10038
10029
10010
10085
10100
10080
10099
10034
10034
10083
10079
10080
10080
10072
10131
10085
10083
10070
10110
10232
10249
10250
10232
10240
10299
10301
10272
10262
10258
10263
10251
10269
10245
10209
10213
10214
10263
10245
10235
10291
10243
10250
10250
10148
10127
10120
10080
10055
10050
10064
10135
10115
10118
10130
10115
10134
10081
10053
10083
10120
10119
