4127
4156
4154
4148
4153
4144
4143
4154
4148
4140
4145
4147
4136
4136
4133
4138
4148
4163
4168
4157
4147
4148
4149
4160
4159
4163
4164
4170
4161
4132
4115
4127
4120
4128
4138
4117
4113
4118
4132
4128
4125
4116
4111
4119
4129
4124
4116
4071
4080
4069
4074
4063
4063
4015
3984
3962
3971
3969
3968
3967
3966
3962
3965
3962
3957
3962
3966
3965
3964
3969
3958
3961
3961
3965
3958
3959
3952
3963
3965
3963
3971
3972
3972
3973
3975
3977
3981
3980
3973
3962
3964
3975
3970
3970
3969
3973
3944
3928
3925
3919
3928
3934
3935
3935
3933
3931
3931
3927
3927
3925
3915
3910
3912
3915
3916
3924
3926
3926
3933
3933
3944
3950
3943
3940
3939
3922
3925
3936
3921
3938
3944
3955
3953
3951
3953
3947
3942
3948
3940
3944
3940
3937
3931
3939
3949
3946
3951
3955
3962
3962
3957
3958
3967
3969
3968
3967
3967
3959
3971
3962
3950
3935
3944
3937
3940
3946
3954
3960
3963
3963
3966
3966
3954
3966
3966
3968
3978
3975
3976
3966
3986
3986
3980
3988
3985
3981
3983
3978
3968
3968
3980
3965
3967
3968
3970
3975
3974
3971
3966
3957
3955
3958
3960
3971
3971
3968
3979
3972
3980
3985
3974
3980
3971
3958
3942
3953
3945
3948
3952
3952
3931
3898
3898
3898
3902
3905
3888
3901
3914
3914
3926
3917
3906
3913
3930
3911
3892
3914
3923
3928
3964
3968
3972
3970
3958
3958
3954
3969
3970
3977
3974
3966
3965
3971
3962
3971
3971
3970
3953
3958
3967
3972
3976
3983
3980
3994
3995
3994
3992
3991
3987
3982
3988
3963
3975
3968
3968
3972
3970
3983
3972
3991
3991
3993
3997
3995
3988
3987
3986
3990
3986
3988
4000
4001
4009
4001
4015
4005
3994
3996
3980
3985
3965
3958
3963
3956
3960
3974
3961
3967
3952
3910
3930
3956
3961
3957
3952
3967
3968
3972
3953
3952
3956
3974
3980
3976
3971
3974
3983
3962
3965
3972
3966
3945
3982
3993
3998
3987
3974
3976
3982
3982
3981
3957
3969
3961
3944
3946
3884
3868
3873
3889
3896
3878
3950
3957
3963
3965
3956
3962
3953
3950
3949
3969
3970
3970
3969
3979
3979
3973
3960
3947
3944
3959
3978
4011
4021
4042
4055
4046
4048
4053
4066
4046
4068
4060
4126
4139
4141
4147
4146
4154
4159
4158
4174
4173
4175
4188
4167
4160
4167
4179
4175
4169
4167
4166
4175
4173
4175
4176
4167
4176
4192
4196
4187
4187
4191
4191
4192
4189
4168
4172
4174
4172
4178
4161
4161
4167
4171
4176
4199
4232
4226
4260
4267
4267
4278
4268
4266
4266
4262
4261
4263
4266
4260
4250
4259
4252
4284
4272
4273
4282
4269
4271
4289
4285
4292
4284
4273
4277
4272
4252
4246
4239
4257
4226
4249
4257
4254
4257
4261
4265
4262
4255
4261
4275
4271
4267
4264
4258
4262
4242
4253
4261
4268
4265
4267
4272
4237
4249
4223
4215
4220
4219
4222
4221
4227
4228
4230
4231
4226
4223
4221
4214
4204
4202
4218
4214
4183
4189
4187
4195
4203
4200
4200
4210
4218
4205
4204
4203
4200
4191
4209
4201
4233
4247
4250
4240
4235
4235
4218
4235
4241
4242
4242
4235
4235
4229
4240
4243
4252
4255
4248
4259
4256
4248
4245
4235
4230
4230
4210
4210
4200
4215
4204
4212
4215
4214
4212
4194
4179
4181
4191
4191
4187
4182
4181
4167
4156
4154
4150
4127
4130
4157
4192
4191
4202
4190
4187
4191
4195
4199
4208
4201
4200
4179
4178
4179
4177
4175
4186
4185
4188
4152
4155
4176
4174
4202
4195
4205
4228
4249
4283
4281
4298
4308
4281
4290
4289
4289
4283
4276
4275
4281
4276
4269
4285
4289
4290
4309
4329
4335
4327
4323
4324
4330
4314
4316
4312
4314
4310
4300
4293
4294
4295
4286
4276
4261
4268
4275
4262
4253
4254
4237
4246
4269
4275
4269
4269
4283
4277
4262
4225
4249
4240
4260
4271
4280
4256
4270
4261
4264
4279
4278
4275
4284
4291
4303
4306
4295
4295
4290
4288
4283
4288
4290
4290
4261
4266
4265
4286
4270
4259
4251
4242
4219
4214
4222
4232
4238
4233
4301
4308
4312
4318
4328
4325
4331
4335
4331
4325
4343
4351
4352
4342
4355
4355
4368
4380
4389
4370
4371
4365
4391
4328
4322
4307
4299
4300
4310
4320
4308
4312
4301
4301
4320
4328
4321
4327
4342
4317
4335
4334
4334
4320
4240
4240
4228
4205
4205
4200
4195
4194
4200
4198
4204
4214
4204
4200
4178
4180
4187
4173
4175
4174
4173
4174
4151
4155
4160
4153
4154
4139
4151
4152
4154
4150
4152
4148
4165
4173
4164
4164
4161
4163
4176
4176
4186
4174
4181
4189
4201
4184
4198
4199
4202
4191
4186
4178
4177
4168
4161
4172
4141
4145
4149
4149
4144
4124
4123
4106
4115
4125
4128
4132
4134
4117
4123
4131
4125
4145
4144
4140
4131
4139
4139
4140
4141
4135
4135
4133
4141
4116
4111
4118
4130
4128
4129
4125
4126
4121
4120
4133
4157
4174
4185
4181
4186
4199
4210
4221
4227
4216
4221
4214
4214
4214
4209
4209
4198
4203
4208
4203
4199
4202
4205
4214
4228
4227
4233
4232
4220
4179
4182
4184
4195
4193
4199
4197
4192
4192
4188
4192
4201
4192
4185
4189
4159
4157
4162
4175
4180
4187
4207
4194
4192
4203
4196
4191
4216
4219
4225
4222
4230
4259
4297
4299
4296
4290
4296
4275
4276
4280
4295
4312
4315
4304
4320
4333
4343
4329
4316
4308
4304
4304
4299
4305
4269
4275
4281
4286
4278
4283
4287
4274
4270
4266
4296
4312
4316
4320
4292
4331
4315
4234
4213
4200
4207
4208
4215
4221
4216
4216
4206
4214
4195
4185
4174
4188
4201
4184
4176
4183
4186
4174
4177
4168
4163
4140
4139
4158
4156
4162
4161
4170
4157
4152
4153
4146
4148
4152
4170
4165
4191
4183
4169
4169
4174
4169
4167
4170
4157
4163
4157
4165
4189
4231
4206
4206
4201
4176
4185
4189
4193
4199
4178
4170
4134
4125
4144
4139
4134
4135
4154
4147
4136
4147
4170
4205
4131
4119
4119
4108
4110
4022
4014
4010
4015
3995
3990
3989
4003
4007
4009
3993
3994
3995
3995
4000
4002
3993
3999
3987
4000
4007
4009
4011
4004
4003
4006
4001
3992
4000
3993
3976
3973
3968
3969
3973
3971
3979
3979
3984
3985
3979
3964
3972
3977
3974
3972
3978
3980
3972
3972
3977
3970
3962
3963
3975
3968
3991
3993
3995
3994
3990
3994
4003
4031
4028
4027
4022
4010
4012
4016
3987
3989
3987
3978
3986
3991
4003
4006
3997
4000
4010
3988
3990
3990
3981
3983
3986
3986
3996
4018
4028
4019
4022
4015
4035
4037
4013
3995
3985
4020
3998
3957
3892
3849
3848
3836
3841
3836
3835
3842
3850
3826
3821
3823
3817
3812
3817
3819
3812
3813
3802
3803
3801
3810
3810
3812
3825
3824
3823
3811
3817
3806
3799
3792
3797
3782
3787
3791
3787
3784
3791
3796
3803
3809
3785
3790
3793
3787
3803
3785
3794
3800
3812
3825
3827
3800
3810
3795
3790
3783
3772
3771
3769
3774
3777
3781
3769
3789
3773
3785
3766
3775
3787
3780
3787
3798
3791
3788
3797
3802
3811
3806
3786
3785
3779
3772
3780
3790
3768
3770
3773
3773
3755
3757
3759
3772
3758
3727
3726
3723
3710
3705
3708
3717
3728
3718
3720
3712
3710
3705
3715
3709
3710
3710
3694
3694
3698
3697
3699
3701
3690
3704
3707
3714
3715
3703
3698
3708
3704
3718
3716
3732
3746
3728
3727
3722
3724
3712
3707
3708
3713
3717
3726
3713
3712
3709
3703
3702
3676
3679
3682
3681
3685
3675
3682
3683
3690
3692
3693
3694
3689
3690
3673
3690
3682
3679
3682
3684
3654
3646
3647
3656
3653
3653
3650
3652
3659
3660
3654
3657
3663
3658
3659
3642
3653
3680
3672
3685
3678
3671
3668
3684
3698
3699
3706
3706
3720
3710
3704
3712
3715
3715
3706
3713
3712
3705
3700
3708
3705
3716
3706
3695
3702
3674
3673
3674
3703
3704
3702
3701
3714
3717
3696
3700
3696
3684
3676
3690
3683
3676
3674
3688
3646
3651
3665
3631
3644
3652
3665
3658
3657
3664
3673
3668
3674
3681
3689
3685
3684
3691
3692
3686
3688
3582
3650
3657
3665
3656
3677
3674
3668
3677
3657
3660
3655
3651
3653
3640
3630
3616
3639
3659
3665
3657
3658
3671
3661
3665
3642
3647
3681
3680
3687
3729
3733
3738
3741
3739
3731
3732
3736
3724
3738
3727
3739
3739
3732
3725
3732
3741
3740
3755
3755
3755
3759
3768
3771
3771
3783
3765
3746
3745
3744
3741
3756
3747
3751
3736
3722
3724
3718
3723
3744
3729
3717
3722
3724
3729
3744
3743
3745
3754
3712
3700
3703
3702
3700
3709
3699
3689
3698
3692
3695
3678
3678
3679
3663
3674
3674
3701
3701
3692
3685
3696
3691
3707
3710
3729
3719
3707
3706
3677
3668
3678
3675
3670
3672
3657
3654
3653
3657
3669
3662
3654
3675
3685
3688
3685
3687
3690
3696
3688
3703
3713
3730
3722
3730
3727
3739
3737
3745
3721
3724
3718
3718
3706
3706
3685
3689
3692
3707
3713
3723
3725
3709
3691
3680
3664
3677
3692
3686
3692
3655
3641
3647
3645
3672
3656
3688
3680
3703
3670
3666
3652
3652
3650
3629
3643
3643
3621
3590
3570
3608
3619
3643
3624
3620
3615
3676
3672
3660
3618
3632
3613
3610
3684
3746
3755
3750
3758
3741
3744
3748
3731
3768
3782
3786
3812
3798
3801
3798
3793
3819
3839
3826
3811
3791
3779
3782
3813
3810
3817
3807
3807
3812
3753
3761
3751
3749
3729
3723
3732
3710
3709
3718
3721
3721
3732
3782
3775
3765
3772
3752
3772
3806
3729
3749
3758
3730
3728
3726
3756
3770
3763
3727
3681
3578
3531
3546
3622
3622
3615
3642
3630
3624
3628
3616
3618
3600
3636
3633
3678
3684
3726
3728
3733
3729
3733
3742
3747
3754
3757
3744
3729
3725
3727
3726
3703
3732
3734
3740
3752
3754
3752
3743
3742
3735
3741
3753
3771
3742
3744
3721
3721
3804
3842
3839
3862
3843
3903
3903
3918
3921
3906
3911
3909
3911
3905
3905
3886
3915
3921
3916
3917
3920
3915
3920
3918
3917
3926
3926
3929
3929
3945
3939
3941
3953
3947
3938
3919
3914
3901
3901
3898
3910
3934
3945
3922
3926
3924
3916
3903
3906
3890
3890
3883
3879
3879
3865
3894
3889
3904
3890
3912
3907
3916
3906
3922
3941
3922
3899
3903
3910
3898
3944
3946
3951
3958
3972
3962
3963
3971
3973
3997
3988
3990
3986
3993
4014
4019
4020
4023
4022
4028
4023
4026
4016
4023
4031
4026
4041
4050
4036
4030
4035
4040
4030
3974
3968
3976
3965
3965
3974
3965
3967
3965
3973
3970
3979
3973
3983
3968
3965
3922
3920
3927
3927
3932
3931
3941
3934
3935
3916
3923
3935
3940
3965
3961
3972
3963
3961
3962
3963
3978
3992
3976
3969
3947
3948
3960
3959
3958
3954
3951
3947
3959
3962
3981
3981
3974
3963
3949
3957
3950
3958
3945
3934
3944
3917
3917
3905
3919
3929
3944
3945
3952
3959
3962
3961
3959
3969
3963
3958
3947
3955
3959
3958
3952
3960
3964
3987
3999
3999
4003
3999
4012
4017
4003
3998
4001
3954
3948
3960
3949
3964
3956
3944
3958
3941
3940
3932
3924
3942
3961
3967
3964
3959
3950
3953
3957
3966
3967
3961
3979
4020
4015
4024
4068
4082
4069
4036
4050
4055
4062
4042
4005
4016
4021
4039
4057
3938
3935
3903
3954
3946
3923
3909
3830
3831
3806
3792
3783
3793
3813
3818
3827
3820
3814
3830
3801
3770
3774
3806
3740
3700
3700
3713
3713
3701
3691
3689
3695
3706
3704
3687
3708
3709
3698
3664
3666
3654
3661
3630
3655
3663
3672
3673
3666
3670
3684
3703
3696
3698
3717
3714
3722
3715
3713
3714
3728
3728
3726
3719
3710
3714
3716
3698
3704
3706
3729
3743
3723
3704
3712
3705
3726
3733
3748
3750
3781
3786
3786
3790
3787
3790
3794
3795
3801
3807
3811
3811
3809
3790
3791
3790
3825
3813
3811
3820
3827
3820
3820
3857
3873
3817
3777
3772
3791
3805
3785
3772
3765
3773
3768
3770
3757
3730
3746
3744
3756
3766
3774
3778
3784
3778
3762
3779
3791
3801
3829
3850
3769
3791
3793
3830
3805
3855
3685
3569
3558
3511
3508
3529
3496
3535
3540
3540
3600
3589
3598
3608
3612
3620
3619
3600
3628
3641
3622
3638
3649
3657
3678
3690
3692
3690
3686
3683
3689
3687
3699
3705
3707
3700
3707
3710
3721
3693
3701
3683
3680
3683
3667
3667
3660
3661
3665
3665
3665
3664
3660
3663
3657
3654
3648
3656
3648
3648
3656
3664
3675
3677
3684
3692
3663
3670
3659
3662
3661
3675
3640
3655
3650
3647
3620
3619
3637
3654
3645
3635
3633
3640
3655
3663
3655
3675
3626
3628
3644
3664
3635
3683
3693
3683
3717
3725
3715
3729
3735
3742
3700
3714
3720
3722
3737
3751
3752
3751
3735
3749
3741
3755
3771
3768
3786
3809
3801
3791
3808
3790
3783
3783
3784
3771
3757
3795
3795
3791
3783
3765
3761
3801
3796
3809
3812
3825
3801
3803
3792
3825
3813
3808
3796
3806
3837
3892
3780
3730
3728
3715
3657
3739
3758
3693
3680
3700
3700
3709
3776
3785
3784
3764
3785
3806
3784
3792
3749
3762
3844
3847
3867
3924
3952
3969
4011
4108
4118
4144
4143
4141
4141
4135
4136
4153
4151
4146
4158
4144
4143
4155
4134
4150
4139
4141
4151
4177
4204
4204
4210
4210
4210
4213
4208
4212
4207
4207
4215
4213
4210
4215
4217
4219
4213
4213
4213
4208
4217
4204
4210
4217
4212
4210
4215
4209
4201
4195
4201
4196
4202
4207
4208
4198
4198
4210
4191
4202
4199
4195
4216
4219
4227
4216
4217
4219
4219
4212
4216
4226
4234
4238
4238
4230
4230
4231
4225
4242
4242
4244
4244
4244
4240
4244
4241
4237
4240
4250
4250
4251
4249
4253
4253
4253
4249
4249
4248
4244
4243
4237
4242
4248
4251
4248
4249
4249
4248
4245
4240
4243
4249
4251
4251
4257
4257
4251
4251
4248
4248
4240
4236
4248
4244
4238
4241
4220
4233
4235
4262
4262
4262
4250
4251
4256
4244
4247
4247
4248
4260
4261
4267
4269
4264
4266
4267
4262
4257
4262
4256
4264
4266
4278
4274
4268
4285
4285
4286
4285
4292
4288
4291
4292
4270
4273
4265
4275
4273
4275
4283
4285
4285
4282
4284
4279
4277
4291
4279
4284
4286
4278
4277
4282
4268
4275
4268
4253
4254
4255
4249
4250
4255
4260
4274
4272
4270
4279
4276
4281
4280
4273
4279
4271
4263
4267
4278
4278
4273
4282
4282
4277
4285
4293
4299
4300
4303
4304
4310
4310
4311
4323
4321
4318
4320
4309
4311
4307
4309
4309
4309
4312
4313
4313
4314
4312
4312
4305
4306
4302
4296
4298
4298
4297
4303
4300
4298
4309
4300
4322
4314
4315
4311
4319
4322
4335
4349
4344
4341
4337
4336
4337
4340
4323
4319
4329
4318
4318
4327
4347
4341
4342
4335
4334
4347
4347
4346
4319
4319
4315
4326
4306
4305
4300
4298
4297
4295
4290
4290
4292
4298
4289
4288
4284
4284
4286
4290
4298
4300
4313
4301
4309
4316
4292
4301
4290
4248
4249
4251
4241
4246
4247
4260
4268
4242
4243
4242
4233
4232
4232
4233
4231
4234
4229
4230
4232
4233
4225
4225
4216
4214
4216
4216
4210
4215
4223
4215
4226
4225
4225
4227
4236
4237
4238
4244
4236
4237
4247
4238
4252
4230
4239
4232
4218
4214
4225
4227
4225
4226
4232
4241
4228
4224
4211
4224
4218
4218
4230
4234
4206
4206
4193
4205
4199
4230
4225
4229
4223
4239
4238
4250
4252
4248
4257
4270
4273
4262
4266
4273
4277
4275
4270
4272
4271
4272
4272
4275
4284
4294
4297
4287
4283
4278
4278
4290
4289
4280
4262
4264
4263
4253
4262
4261
4268
4271
4267
4270
4271
4270
4272
4261
4269
4259
4252
4245
4253
4247
4245
4252
4266
4263
4262
4277
4279
4259
4258
4260
4248
4241
4249
4251
4258
4257
4265
4266
4258
4267
4273
4297
4283
4287
4277
4270
4275
4280
4280
4288
4276
4273
4274
4271
4267
4265
4264
4279
4278
4299
4300
4302
4298
4284
4300
4296
4323
4328
4320
4315
4330
4328
4324
4324
4324
4311
4340
4337
4339
4333
4331
4310
4320
4325
4322
4330
4348
4321
4257
4261
4251
4248
4243
4247
4233
4232
4244
4232
4234
4242
4240
4223
4243
4244
4249
4248
4259
4254
4252
4257
4257
4259
4263
4265
4261
4261
4267
4275
4263
4242
4257
4259
4237
4235
4232
4212
4209
4216
4220
4226
4225
4204
4204
4204
4219
4218
4232
4195
4198
4194
4209
4120
4120
4139
4131
4189
4176
4173
4206
4217
4208
4206
4208
4212
4211
4200
4202
4205
4216
4223
4231
4233
4230
4235
4235
4235
4235
4235
4233
4244
4229
4227
4235
4240
4250
4239
4200
4192
4189
4166
4185
4176
4191
4207
4202
4180
4156
4193
4198
4193
4194
4195
4204
4190
4207
4218
4221
4205
4210
4201
4201
4168
4162
4172
4226
4227
4234
4258
4269
4283
4310
4304
4310
4301
4298
4294
4292
4296
4298
4296
4304
4290
4288
4278
4268
4259
4299
4309
4306
4306
4295
4317
4291
4300
4275
4352
4360
4382
4392
4400
4400
4400
4408
4397
4404
4407
4406
4407
4413
4414
4394
4393
4388
4393
4425
4441
4439
4441
4439
4438
4441
4429
4429
4424
4422
4428
4431
4431
4430
4435
4439
4448
4450
4424
4415
4401
4399
4407
4404
4403
4408
4409
4410
4414
4421
4421
4396
4403
4408
4399
4393
4412
4420
4421
4423
4428
4429
4429
4420
4427
4417
4431
4430
4432
4433
4433
4433
4434
4431
4429
4442
4445
4440
4450
4451
4445
4453
4456
4464
4461
4459
4455
4455
4454
4458
4464
4455
4459
4432
4437
4439
4440
4434
4438
4430
4429
4431
4433
4445
4446
4443
4434
4443
4462
4463
4464
4471
4452
4454
4455
4457
4440
4448
4446
4450
4454
4454
4454
4453
4451
4451
4454
4465
4472
4469
4460
4466
4462
4468
4433
4440
4441
4417
4420
4425
4432
4432
4431
4404
4405
4406
4416
4414
4411
4400
4385
4394
4395
4399
4398
4395
4410
4416
4399
4420
4431
4438
4446
4440
4445
4443
4441
4456
4442
4443
4444
4445
4438
4441
4428
4457
4450
4432
4432
4450
4452
4458
4477
4472
4475
4470
4458
4466
4466
4466
4467
4475
4460
4465
4456
4456
4438
4450
4458
4457
4452
4462
4453
4454
4461
4460
4500
4510
4491
4494
4517
4523
4520
4515
4524
4524
4514
4516
4510
4510
4510
4512
4517
4514
4514
4520
4517
4525
4528
4524
4507
4521
4521
4521
4508
4505
4505
4503
4495
4490
4492
4486
4490
4494
4508
4500
4524
4519
4519
4518
4514
4512
4517
4515
4513
4507
4503
4509
4508
4527
4530
4516
4512
4516
4521
4513
4511
4514
4517
4518
4524
4524
4526
4519
4528
4533
4522
4519
4520
4502
4503
4508
4508
4497
4508
4505
4516
4539
4542
4542
4539
4539
4540
4549
4549
4541
4544
4541
4532
4530
4539
4546
4540
4536
4533
4521
4513
4529
4530
4537
4529
4547
4549
4553
4553
4536
4555
4550
4554
4552
4563
4566
4580
4565
4573
4544
4540
4546
4545
4555
4548
4545
4528
4531
4526
4524
4537
4525
4525
4525
4523
4531
4509
4522
4526
4538
4538
4548
4560
4543
4554
4567
4561
4558
4563
4556
4571
4534
4537
4498
4494
4464
4452
4465
4476
4476
4497
4481
4479
4473
4437
4429
4333
4344
4367
4394
4401
4403
4409
4410
4414
4411
4409
4408
4399
4409
4422
4425
4437
4446
4431
4427
4444
4447
4469
4428
4424
4423
4431
4391
4414
4413
4419
4414
4408
4397
4408
4405
4403
4394
4388
4398
4395
4425
4427
4429
4436
4440
4445
4451
4465
4441
4443
4439
4437
4430
4430
4428
4432
4425
4445
4435
4430
4436
4440
4404
4413
4408
4418
4419
4437
4432
4434
4434
4436
4419
4404
4392
4396
4388
4372
4383
4486
4515
4508
4513
4517
4505
4502
4501
4500
4488
4482
4493
4501
4502
4536
4511
4516
4520
4535
4513
4479
4453
4448
4458
4424
4430
4444
4429
4450
4445
4424
4436
4417
4441
4465
4473
4494
4517
4530
4533
4544
4529
4512
4524
4529
4536
4548
4538
4529
4543
4540
4540
4544
4531
4558
4517
4529
4512
4516
4519
4537
4528
4532
4533
4518
4515
4514
4520
4531
4542
4534
4565
4557
4573
4572
4561
4546
4552
4547
4546
4556
4560
4565
4543
4528
4522
4529
4530
4498
4532
4534
4535
4536
4538
4563
4570
4558
4568
4582
4597
4602
4593
4605
4572
4592
4568
4591
4601
4587
4588
4540
4505
4511
4507
4514
4530
4464
4453
4447
4462
4454
4446
4429
4417
4434
4446
4439
4429
4427
4421
4396
4405
4404
4411
4397
4337
4346
4337
4327
4333
4337
4337
4333
4321
4377
4387
4392
4379
4372
4451
4438
4417
4457
4452
4468
4441
4424
4418
4415
4430
4393
4416
4391
4399
4410
4404
4404
4429
4436
4435
4440
4445
4443
4394
4358
4358
4372
4375
4373
4364
4359
4363
4384
4359
4352
4343
4358
4361
4353
4372
4392
4353
4361
4298
4304
4310
4315
4305
4300
4313
4318
4267
4257
4273
4284
4282
4298
4326
4332
4318
4310
4318
4308
4323
4309
4332
4350
4366
4365
4356
4329
4326
4339
4338
4335
4300
4305
4323
4311
4271
4303
4316
4308
4301
4325
4312
4228
4205
4219
4235
4252
4262
4258
4304
4306
4329
4339
4359
4355
4353
4336
4291
4296
4310
4306
4299
4301
4310
4311
4349
4339
4382
4399
4382
4397
4285
4242
4268
4271
4287
4284
4243
4169
4186
4173
4152
4164
4170
4113
4330
4369
4350
4375
4421
4450
4487
4498
4506
4493
4510
4515
4530
4495
4531
4524
4547
4561
4540
4544
4545
4527
4526
4496
4512
4511
4507
4489
4463
4466
4505
4510
4516
4561
4565
4620
4625
4641
4642
4650
4660
4666
4671
4655
4647
4654
4655
4660
4643
4677
4700
4683
4675
4695
4735
4728
4721
4706
4690
4657
4649
4635
4623
4619
4634
4629
4603
4606
4615
4646
4653
4636
4650
4612
4645
4680
4623
4505
4515
4492
4501
4442
4436
4408
4420
4427
4404
4393
4396
4413
4405
4401
4395
4381
4374
4374
4373
4371
4375
4383
4390
4381
4385
4394
4411
4412
4436
4395
4395
4393
4402
4402
4404
4410
4373
4365
4370
4368
4348
4376
4383
4370
4357
4376
4379
4401
4379
4382
4381
4367
4367
4377
4388
4399
4408
4422
4410
4414
4428
4448
4461
4427
4445
4476
4389
4388
4398
4394
4381
4381
4410
4399
4440
4407
4420
4397
4375
4386
4416
4341
4315
4270
4249
4270
4310
4363
4373
4382
4420
4444
4467
4542
4550
4583
4575
4579
4606
4600
4591
4586
4612
4594
4595
4598
4602
4590
4514
4505
4541
4547
4540
4556
4576
4587
4591
4594
4567
4544
4595
4587
4582
4606
4658
4582
4594
4619
4627
4609
4655
4671
4684
4697
4720
4749
4750
4770
4789
4798
4809
4810
4815
4796
4799
4806
4808
4796
4802
4800
4804
4811
4838
4845
4850
4845
4864
4869
4869
4856
4849
4862
4865
4884
4890
4860
4869
4858
4860
4856
4819
4804
4810
4809
4806
4808
4808
4811
4807
4798
4796
4791
4792
4796
4791
4801
4800
4814
4820
4807
4804
4810
4797
4814
4819
4824
4839
4816
4812
4810
4804
4826
4815
4804
4784
4784
4797
4794
4787
4773
4755
4766
4769
4733
4750
4803
4796
4794
4822
4826
4806
4790
4814
4825
4790
4820
4782
4799
4750
4782
4782
4836
4835
4811
4797
4803
4799
4807
4790
4736
4740
4751
4698
4861
4853
4846
4894
4895
4912
4882
4923
4931
4968
4962
4960
4956
4963
4970
4969
4984
4988
4990
4994
4995
4985
4985
5008
4980
4901
4900
4917
4884
4905
4881
4890
4929
4934
4942
4931
4937
4985
4981
4991
5029
5025
5028
5026
5038
5038
5012
5013
5047
5030
5025
5022
5054
5051
5052
5059
5068
5063
5063
5048
5044
5046
5050
5075
5019
5018
4997
5032
5034
5021
5037
5044
5067
5128
5103
5099
5116
5125
5138
5096
5097
5076
5084
5087
5111
5087
5087
5121
5080
5070
5099
5099
5128
5116
5113
5133
5130
5141
5110
5124
5137
5146
5153
5159
5139
5166
5210
5214
5224
5234
5230
5241
5243
5231
5231
5236
5236
5252
5255
5263
5262
5264
5272
5274
5265
5265
5265
5253
5254
5256
5253
5250
5282
5282
5286
5289
5285
5282
5293
5295
5316
5310
5302
5297
5291
5272
5268
5265
5268
5270
5278
5288
5307
5305
5275
5236
5211
5213
5257
5244
5249
5243
5271
5273
5263
5258
5278
5279
5266
5255
5248
5275
5234
5195
5237
5237
5246
5265
5256
5246
5288
5292
5323
5320
5369
5375
5377
5383
5387
5388
5384
5390
5374
5358
5376
5387
5391
5387
5379
5373
5370
5379
5393
5393
5403
5391
5406
5410
5416
5416
5415
5415
5415
5408
5420
5407
5420
5362
5441
5448
5452
5451
5457
5464
5472
5469
5477
5494
5494
5488
5479
5493
5490
5499
5502
5499
5503
5506
5504
5514
5509
5509
5509
5508
5512
5514
5512
5511
5514
5506
5511
5509
5505
5512
5510
5506
5512
5507
5508
5507
5506
5506
5507
5509
5518
5515
5500
5500
5504
5500
5502
5509
5513
5515
5516
5516
5524
5515
5507
5513
5510
5489
5545
5547
5547
5549
5550
5547
5549
5545
5540
5545
5554
5552
5553
5548
5552
5555
5551
5552
5550
5552
5555
5553
5552
5551
5546
5539
5538
5533
5536
5532
5529
5534
5531
5529
5531
5537
5538
5538
5541
5541
5543
5540
5540
5538
5534
5530
5535
5529
5523
5524
5524
5526
5532
5549
5550
5553
5540
5540
5543
5545
5541
5568
5564
5567
5564
5565
5563
5563
5558
5560
5581
5580
5575
5563
5580
5579
5579
5569
5553
5551
5545
5538
5529
5528
5528
5528
5527
5527
5530
5531
5531
5531
5530
5531
5529
5529
5526
5531
5537
5536
5538
5538
5537
5536
5536
5535
5541
5541
5541
5540
5545
5544
5542
5541
5536
5535
5533
5534
5531
5532
5537
5540
5538
5535
5534
5532
5534
5532
5533
5533
5533
5533
5531
5531
5525
5532
5530
5529
5529
5529
5533
5523
5522
5521
5515
5520
5525
5524
5524
5523
5527
5527
5528
5530
5530
5529
5527
5530
5530
5529
5536
5530
5526
5523
5529
5521
5518
5519
5520
5520
5520
5516
5519
5517
5514
5513
5516
5516
5517
5517
5507
5505
5512
5517
5517
5516
5518
5518
5518
5519
5520
5524
5527
5526
5525
5525
5524
5524
5526
5527
5531
5528
5528
5528
5535
5534
5528
5529
5528
5525
5525
5527
5531
5533
5533
5533
5532
5533
5532
5525
5520
5525
5543
5543
5541
5544
5544
5548
5548
5546
5543
5546
5541
5541
5541
5540
5540
5540
5540
5544
5545
5547
5550
5550
5545
5543
5545
5543
5541
5540
5543
5544
5547
5543
5540
5538
5535
5538
5537
5531
5529
5529
5534
5534
5534
5539
5537
5537
5546
5545
5548
5552
5543
5547
5546
5550
5539
5545
5546
5540
5546
5547
5542
5535
5537
5531
5532
5532
5530
5525
5535
5530
5528
5526
5530
5532
5535
5528
5518
5518
5510
5518
5514
5513
5514
5513
5512
5509
5514
5503
5504
5506
5514
5514
5513
5515
5515
5515
5515
5517
5515
5519
5516
5516
5516
5517
5513
5513
5508
5513
5503
5495
5495
5500
5494
5495
5498
5498
5501
5490
5491
5490
5490
5489
5493
5493
5490
5495
5501
5501
5496
5493
5490
5490
5493
5493
5493
5486
5476
5474
5478
5478
5488
5488
5488
5489
5494
5494
5498
5497
5496
5496
5492
5490
5499
5507
5500
5495
5501
5504
5501
5500
5497
5495
5495
5496
5496
5493
5490
5487
5488
5493
5493
5493
5493
5484
5495
5496
5496
5488
5496
5493
5493
5491
5487
5482
5485
5489
5489
5486
5482
5473
5473
5471
5476
5477
5482
5485
5495
5490
5488
5488
5495
5497
5495
5497
5511
5514
5520
5512
5512
5513
5519
5532
5530
5489
5489
5484
5484
5484
5483
5483
5485
5481
5485
5485
5485
5483
5482
5485
5485
5485
5485
5485
5485
5485
5485
5490
5493
5491
5491
5475
5470
5472
5473
5469
5480
5494
5496
5492
5491
5489
5494
5497
5505
5486
5489
5489
5487
5484
5489
5485
5490
5490
5488
5478
5478
5480
5478
5477
5477
5477
5478
5489
5494
5494
5491
5496
5488
5477
5472
5468
5468
5468
5466
5473
5469
5469
5464
5468
5468
5473
5467
5466
5460
5466
5479
5479
5480
5480
5489
5482
5494
5495
5494
5491
5492
5495
5495
5494
5491
5481
5489
5484
5484
5479
5490
5490
5483
5489
5485
5486
5484
5487
5489
5498
5500
5491
5488
5488
5482
5489
5490
5491
5480
5491
5483
5474
5466
5464
5475
5475
5475
5475
5473
5473
5475
5475
5472
5471
5472
5464
5463
5462
5462
5466
5458
5461
5456
5460
5465
5465
5467
5467
5467
5477
5479
5475
5479
5480
5473
5484
5477
5475
5471
5466
5461
5463
5464
5466
5460
5457
5457
5462
5469
5476
5478
5473
5473
5478
5473
5473
5470
5469
5469
5474
5478
5479
5480
5473
5472
5479
5482
5483
5479
5468
5470
5466
5470
5479
5479
5478
5479
5480
5490
5490
5489
5489
5495
5489
5502
5498
5502
5502
5502
5495
5495
5492
5502
5502
5502
5500
5500
5484
5485
5492
5489
5492
5499
5502
5508
5496
5510
5501
5506
5495
5515
5510
5512
5507
5490
5485
5475
5463
5428
5438
5430
5440
5424
5423
5434
5437
5432
5450
5450
5460
5459
5455
5465
5444
5502
5501
5502
5500
5500
5500
5502
5503
5505
5504
5506
5512
5511
5506
5505
5510
5508
5487
5499
5494
5488
5503
5506
5514
5509
5507
5523
5526
5526
5527
5530
5527
5529
5529
5535
5535
5535
5537
5536
5534
5525
5530
5532
5532
5533
5535
5535
5534
5536
5535
5533
5535
5534
5535
5545
5549
5550
5549
5550
5551
5551
5550
5550
5551
5543
5543
5536
5539
5532
5532
5531
5531
5535
5536
5542
5546
5532
5554
5554
5555
5560
5562
5549
5545
5544
5557
5560
5560
5557
5557
5563
5554
5558
5547
5548
5549
5557
5547
5552
5549
5545
5549
5549
5537
5524
5528
5526
5529
5530
5535
5530
5534
5536
5527
5528
5544
5544
5545
5545
5544
5542
5551
5551
5545
5542
5544
5558
5562
5557
5560
5560
5576
5565
5571
5555
5551
5551
5556
5539
5539
5539
5540
5540
5533
5537
5541
5532
5539
5549
5531
5537
5545
5491
5479
5471
5514
5518
5525
5525
5525
5518
5515
5519
5522
5524
5523
5533
5528
5524
5526
5534
5528
5513
5513
5521
5510
5517
5526
5537
5541
5549
5549
5542
5546
5534
5539
5534
5534
5534
5534
5523
5531
5530
5533
5525
5530
5542
5549
5546
5554
5554
5556
5544
5545
5540
5545
5543
5540
5542
5547
5545
5548
5548
5560
5561
5554
5555
5553
5553
5547
5551
5554
5555
5559
5557
5561
5561
5560
5571
5571
5574
5573
5576
5574
5569
5564
5567
5567
5574
5574
5570
5557
5559
5553
5553
5560
5560
5552
5555
5531
5533
5533
5531
5530
5529
5524
5528
5547
5546
5550
5544
5548
5553
5550
5548
5549
5547
5542
5551
5544
5544
5557
5572
5557
5564
5588
5585
5584
5573
5554
5556
5571
5575
5542
5546
5512
5508
5502
5491
5486
5489
5490
5490
5490
5492
5490
5504
5505
5492
5493
5484
5466
5476
5474
5465
5464
5453
5439
5430
5417
5427
5429
5433
5445
5440
5436
5440
5450
5443
5458
5480
5483
5485
5476
5495
5478
5475
5493
5492
5500
5500
5497
5491
5509
5513
5540
5540
5539
5547
5543
5536
5536
5540
5540
5531
5540
5534
5504
5504
5498
5488
5493
5498
5500
5508
5505
5509
5518
5504
5498
5510
5504
5509
5480
5480
5485
5492
5508
5510
5501
5495
5500
5503
5500
5490
5511
5494
5494
5525
5519
5481
5469
5449
5421
5454
5443
5441
5427
5435
5437
5427
5424
5436
5411
5405
5355
5255
5200
5248
5250
5271
5291
5309
5291
5352
5362
5392
5384
5375
5380
5370
5370
5360
5363
5384
5400
5396
5400
5411
5412
5414
5417
5420
5418
5420
5406
5406
5399
5402
5398
5390
5392
5395
5394
5388
5421
5421
5420
5419
5429
5431
5423
5425
5428
5426
5423
5401
5406
5407
5405
5410
5426
5428
5428
5423
5419
5385
5388
5388
5360
5406
5390
5413
5390
5384
5368
5441
5509
5558
5556
5551
5549
5557
5564
5559
5559
5552
5549
5546
5536
5534
5529
5538
5547
5550
5553
5556
5560
5557
5554
5570
5568
5569
5566
5568
5574
5574
5570
5566
5579
5580
5576
5553
5568
5564
5564
5569
5571
5565
5555
5556
5547
5535
5543
5531
5524
5514
5544
5547
5548
5546
5547
5547
5542
5540
5546
5555
5562
5560
5558
5540
5532
5526
5547
5548
5541
5550
5551
5551
5557
5544
5553
5552
5547
5516
5506
5515
5523
5526
5530
5530
5528
5489
5495
5504
5502
5541
5561
5566
5542
5546
5550
5557
5535
5554
5564
5565
5547
5547
5560
5544
5544
5533
5491
5514
5530
5540
5537
5524
5576
5577
5568
5586
5572
5569
5564
5591
5591
5597
5596
5597
5590
5598
5570
5567
5567
5568
5574
5577
5570
5573
5586
5625
5609
5616
5598
5582
5582
5593
5560
5579
5580
5589
5568
5565
5557
5575
5577
5565
5578
5567
5597
5567
5563
5569
5560
5540
5537
5530
5507
5504
5533
5537
5527
5525
5529
5520
5508
5500
5545
5540
5530
5526
5525
5538
5545
5553
5548
5407
5395
5388
5419
5390
5368
5404
5391
5345
5345
5435
5443
5460
5475
5529
5473
5475
5458
5460
5474
5478
5414
5432
5500
5530
5527
5580
5579
5584
5592
5587
5559
5565
5664
5672
5682
5690
5716
5708
5697
5690
5702
5688
5714
5674
5650
5640
5633
5615
5608
5604
5605
5541
5560
5576
5586
5586
5599
5575
5667
5693
5703
5650
5700
5650
5561
5760
5825
5841
5837
5917
6048
6051
6082
6144
6148
6143
6148
6151
6162
6160
6158
6161
6167
6167
6155
6172
6149
6177
6178
6177
6182
6182
6191
6190
6204
6202
6200
6201
6207
6202
6206
6203
6205
6206
6201
6202
6205
6208
6208
6213
6216
6213
6219
6215
6219
6210
6212
6210
6202
6202
6198
6184
6180
6178
6172
6187
6191
6191
6192
6183
6176
6195
6199
6210
6235
6242
6253
6267
6261
6265
6268
6272
6268
6267
6259
6263
6263
6261
6264
6271
6274
6274
6276
6280
6287
6285
6284
6283
6282
6282
6282
6281
6277
6279
6276
6282
6280
6280
6279
6291
6295
6290
6287
6287
6287
6289
6290
6289
6290
6291
6288
6290
6275
6278
6274
6274
6273
6274
6272
6272
6268
6268
6271
6270
6268
6268
6268
6267
6267
6269
6267
6269
6270
6264
6264
6264
6267
6266
6262
6264
6264
6262
6266
6265
6268
6265
6264
6265
6264
6264
6268
6269
6262
6263
6264
6268
6268
6264
6268
6270
6266
6266
6269
6266
6267
6272
6271
6271
6270
6268
6266
6274
6275
6267
6265
6263
6264
6260
6269
6269
6260
6256
6259
6259
6259
6262
6261
6262
6261
6260
6259
6259
6251
6247
6243
6255
6267
6266
6267
6267
6274
6275
6272
6267
6272
6280
6286
6274
6281
6276
6276
6281
6280
6284
6283
6283
6282
6282
6282
6279
6282
6279
6275
6272
6281
6281
6281
6281
6282
6282
6282
6282
6289
6284
6288
6286
6295
6292
6290
6281
6280
6284
6279
6277
6275
6274
6272
6269
6274
6274
6270
6266
6266
6269
6269
6271
6295
6296
6302
6300
6294
6297
6298
6298
6301
6304
6309
6306
6296
6295
6296
6302
6308
6307
6308
6301
6293
6297
6291
6281
6285
6290
6289
6286
6277
6283
6283
6284
6289
6287
6290
6292
6286
6290
6291
6289
6292
6278
6280
6279
6281
6281
6287
6286
6282
6277
6281
6280
6278
6286
6295
6288
6287
6289
6300
6302
6306
6305
6306
6300
6300
6300
6295
6292
6292
6291
6291
6293
6289
6289
6290
6290
6292
6293
6294
6294
6295
6293
6293
6293
6285
6286
6282
6282
6282
6284
6286
6291
6294
6287
6289
6276
6281
6283
6283
6283
6283
6283
6282
6282
6281
6281
6282
6283
6283
6282
6282
6282
6281
6288
6286
6288
6288
6282
6282
6282
6278
6272
6272
6279
6282
6267
6283
6284
6286
6301
6301
6305
6305
6305
6302
6302
6302
6294
6294
6294
6292
6292
6292
6289
6289
6287
6289
6291
6296
6298
6297
6297
6296
6301
6304
6304
6304
6304
6304
6304
6304
6309
6305
6306
6302
6302
6299
6299
6296
6293
6294
6293
6293
6292
6291
6291
6290
6292
6292
6292
6292
6295
6295
6295
6295
6295
6295
6295
6301
6300
6302
6309
6304
6304
6304
6304
6301
6301
6300
6298
6303
6305
6305
6299
6299
6310
6300
6297
6288
6292
6291
6292
6288
6293
6290
6283
6287
6292
6292
6278
6287
6289
6277
6283
6288
6288
6289
6297
6291
6290
6301
6312
6315
6310
6311
6311
6310
6315
6315
6320
6327
6325
6325
6316
6316
6312
6310
6315
6316
6317
6323
6318
6318
6316
6316
6316
6314
6313
6321
6311
6310
6315
6319
6313
6319
6316
6316
6310
6316
6304
6304
6306
6305
6308
6309
6309
6308
6304
6300
6302
6307
6305
6308
6308
6307
6307
6314
6326
6326
6326
6326
6323
6326
6328
6329
6329
6330
6333
6334
6333
6331
6330
6331
6330
6330
6329
6326
6329
6332
6335
6327
6326
6327
6325
6316
6316
6315
6315
6315
6318
6327
6331
6331
6333
6332
6335
6335
6333
6335
6335
6334
6335
6333
6334
6335
6336
6338
6336
6336
6334
6334
6337
6337
6338
6338
6338
6339
6340
6340
6341
6339
6339
6339
6338
6338
6339
6339
6339
6343
6348
6353
6353
6355
6355
6355
6362
6352
6356
6355
6357
6357
6357
6367
6371
6374
6368
6369
6372
6370
6366
6367
6370
6371
6368
6371
6368
6370
6370
6373
6368
6364
6367
6366
6370
6370
6367
6369
6369
6367
6369
6370
6370
6370
6364
6364
6364
6364
6363
6363
6367
6363
6364
6364
6361
6360
6359
6354
6359
6358
6354
6354
6352
6350
6352
6352
6353
6355
6355
6358
6358
6354
6356
6354
6355
6349
6349
6350
6356
6361
6362
6363
6362
6364
6363
6365
6360
6360
6360
6362
6360
6360
6358
6357
6362
6355
6351
6350
6350
6350
6343
6346
6349
6347
6350
6348
6348
6350
6347
6349
6350
6350
6352
6357
6360
6360
6356
6355
6348
6359
6360
6364
6364
6364
6368
6368
6370
6370
6371
6373
6373
6372
6372
6372
6373
6370
6372
6371
6369
6370
6369
6367
6369
6369
6369
6369
6369
6366
6366
6367
6371
6367
6369
6365
6362
6358
6358
6355
6359
6361
6361
6364
6369
6374
6374
6374
6374
6375
6371
6371
6373
6372
6372
6373
6371
6367
6368
6367
6369
6366
6370
6366
6367
6366
6363
6363
6363
6363
6366
6367
6374
6374
6372
6369
6372
6364
6367
6368
6372
6371
6370
6366
6369
6373
6368
6374
6374
6370
6380
6380
6380
6353
6359
6358
6328
6328
6327
6323
6322
6318
6315
6313
6314
6310
6312
6310
6314
6314
6317
6320
6320
6320
6315
6310
6320
6321
6320
6318
6321
6317
6317
6311
6316
6310
6315
6319
6322
6324
6326
6333
6333
6333
6333
6333
6333
6333
6334
6332
6333
6330
6330
6328
6327
6326
6324
6322
6321
6325
6330
6327
6329
6329
6330
6330
6319
6318
6317
6318
6320
6320
6320
6318
6315
6315
6315
6317
6318
6311
6318
6315
6307
6309
6307
6306
6304
6307
6308
6310
6310
6308
6309
6310
6310
6310
6305
6305
6314
6315
6318
6318
6314
6313
6312
6310
6302
6300
6299
6289
6318
6332
6333
6333
6333
6333
6330
6334
6338
6338
6338
6338
6338
6338
6340
6342
6342
6341
6337
6334
6337
6334
6337
6337
6336
6336
6340
6336
6335
6336
6327
6342
6342
6342
6340
6345
6347
6349
6348
6349
6349
6349
6348
6349
6349
6345
6345
6344
6344
6345
6342
6341
6335
6335
6339
6340
6346
6340
6334
6336
6336
6336
6341
6345
6343
6348
6348
6353
6346
6350
6346
6345
6345
6346
6343
6342
6341
6340
6346
6347
6348
6347
6345
6343
6343
6342
6342
6334
6338
6351
6353
6353
6356
6356
6356
6357
6360
6360
6357
6359
6359
6362
6362
6358
6363
6362
6363
6358
6360
6360
6360
6360
6357
6357
6357
6357
6356
6360
6360
6360
6360
6355
6360
6361
6363
6363
6363
6362
6358
6358
6354
6354
6360
6362
6360
6357
6359
6359
6360
6360
6355
6362
6359
6361
6361
6360
6360
6360
6358
6357
6357
6355
6355
6355
6352
6352
6351
6349
6350
6350
6350
6352
6355
6357
6357
6357
6356
6355
6352
6351
6348
6348
6351
6350
6350
6350
6350
6350
6350
6350
6350
6349
6348
6350
6350
6350
6344
6348
6350
6350
6349
6346
6343
6343
6343
6346
6346
6342
6346
6346
6346
6346
6350
6351
6350
6350
6350
6357
6360
6357
6357
6359
6360
6360
6358
6358
6358
6355
6359
6356
6356
6362
6362
6359
6355
6357
6361
6357
6358
6362
6362
6359
6361
6361
6360
6359
6359
6359
6360
6351
6351
6349
6351
6355
6359
6361
6361
6361
6365
6364
6364
6364
6364
6364
6364
6363
6359
6359
6359
6362
6364
6363
6360
6363
6361
6364
6361
6368
6368
6367
6367
6362
6362
6363
6368
6365
6363
6362
6363
6363
6363
6363
6363
6360
6359
6359
6359
6360
6360
6360
6358
6361
6358
6358
6359
6358
6358
6358
6358
6358
6358
6358
6358
6357
6358
6355
6359
6352
6352
6352
6352
6353
6356
6355
6356
6357
6359
6358
6356
6360
6359
6359
6359
6363
6359
6363
6362
6366
6366
6366
6366
6366
6366
6366
6367
6364
6369
6371
6369
6369
6369
6372
6370
6370
6370
6368
6368
6368
6368
6368
6368
6368
6368
6368
6363
6359
6359
6359
6361
6359
6359
6360
6360
6360
6360
6360
6362
6362
6358
6360
6358
6358
6359
6360
6359
6357
6367
6367
6367
6367
6353
6358
6356
6353
6361
6360
6360
6359
6369
6359
6367
6367
6367
6367
6372
6367
6372
6371
6364
6375
6372
6369
6366
6363
6373
6373
6372
6365
6359
6365
6364
6361
6361
6363
6356
6364
6362
6364
6369
6360
6365
6365
6359
6359
6352
6352
6359
6359
6359
6359
6359
6355
6355
6355
6355
6354
6353
6344
6344
6344
6344
6340
6343
6334
6339
6343
6345
6343
6343
6343
6352
6355
6356
6354
6355
6354
6350
6353
6356
6351
6356
6356
6356
6353
6346
6356
6356
6345
6350
6360
6360
6360
6360
6360
6360
6364
6359
6364
6364
6362
6363
6363
6361
6358
6361
6350
6364
6362
6352
6357
6356
6349
6347
6345
6348
6347
6352
6352
6352
6354
6352
6356
6355
6352
6362
6359
6352
6356
6355
6352
6352
6352
6352
6352
6352
6360
6352
6356
6353
6349
6357
6345
6345
6347
6347
6347
6347
6347
6341
6341
6340
6341
6341
6341
6341
6341
6341
6339
6339
6339
6339
6339
6339
6339
6335
6335
6335
6335
6336
6346
6346
6342
6341
6346
6345
6345
6344
6345
6340
6345
6345
6341
6341
6344
6343
6343
6339
6331
6335
6342
6335
6331
6333
6333
6330
6329
6333
6333
6331
6330
6331
6328
6332
6330
6330
6330
6325
6325
6336
6336
6336
6336
6336
6333
6330
6320
6326
6322
6326
6327
6327
6325
6326
6325
6323
6324
6320
6325
6323
6321
6320
6324
6326
6321
6327
6325
6327
6322
6315
6313
6308
6312
6313
6310
6309
6314
6315
6316
6327
6328
6338
6338
6338
6334
6335
6341
6344
6344
6341
6341
6343
6344
6344
6343
6341
6343
6341
6340
6340
6335
6335
6334
6334
6335
6335
6333
6329
6336
6340
6342
6342
6339
6340
6341
6340
6341
6341
6340
6338
6345
6345
6346
6345
6345
6345
6345
6345
6345
6346
6346
6346
6346
6346
6347
6346
6347
6347
6347
6347
6347
6347
6347
6347
6347
6343
6344
6342
6346
6347
6345
6347
6347
6347
6345
6345
6343
6343
6338
6343
6345
6340
6338
6337
6332
6333
6331
6332
6321
6319
6327
6339
6336
6339
6339
6340
6343
6347
6349
6349
6348
6347
6339
6338
6347
6351
6349
6348
6351
6364
6362
6360
6358
6350
6355
6354
6359
6359
6359
6358
6355
6356
6357
6358
6357
6359
6355
6354
6352
6354
6350
6349
6352
6354
6357
6355
6358
6353
6354
6354
6352
6354
6354
6354
6352
6351
6355
6350
6352
6350
6355
6351
6351
6335
6340
6346
6338
6385
6387
6400
6398
6400
6400
6405
6405
6405
6406
6407
6408
6410
6410
6414
6412
6403
6404
6404
6402
6403
6403
6403
6406
6406
6406
6404
6401
6404
6405
6402
6401
6406
6402
6403
6406
6405
6405
6402
6402
6404
6404
6404
6404
6402
6400
6399
6396
6396
6396
6399
6400
6397
6400
6400
6401
6400
6400
6399
6408
6405
6400
6401
6398
6402
6402
6399
6400
6404
6399
6405
6399
6402
6399
6396
6394
6395
6394
6392
6392
6394
6399
6395
6396
6397
6400
6404
6404
6405
6408
6408
6410
6408
6407
6404
6406
6406
6410
6406
6410
6406
6406
6409
6405
6404
6404
6402
6402
6405
6406
6405
6404
6409
6410
6410
6412
6411
6413
6414
6413
6414
6411
6411
6411
6409
6408
6410
6409
6406
6412
6409
6402
6406
6403
6400
6407
6404
6401
6397
6397
6405
6405
6407
6408
6408
6405
6423
6421
6424
6429
6429
6425
6420
6420
6421
6419
6419
6419
6415
6422
6422
6422
6426
6425
6425
6425
6423
6425
6421
6428
6425
6426
6426
6426
6426
6425
6427
6427
6429
6431
6429
6425
6423
6419
6422
6416
6414
6410
6410
6412
6414
6412
6411
6410
6410
6410
6407
6405
6417
6419
6423
6423
6415
6419
6423
6429
6429
6428
6423
6423
6425
6428
6427
6421
6423
6425
6421
6421
6421
6412
6408
6412
6406
6417
6421
6420
6420
6423
6420
6416
6418
6420
6421
6414
6415
6421
6421
6468
6468
6468
6472
6467
6465
6465
6463
6465
6471
6475
6472
6475
6484
6484
6483
6482
6483
6482
6482
6482
6482
6481
6481
6482
6473
6470
6472
6475
6479
6479
6476
6476
6481
6476
6474
6474
6472
6472
6476
6475
6467
6464
6466
6471
6474
6470
6467
6470
6471
6470
6469
6468
6466
6463
6460
6458
6456
6460
6460
6468
6466
6465
6466
6464
6466
6466
6461
6462
6461
6460
6457
6461
6462
6461
6458
6458
6454
6454
6454
6458
6452
6453
6453
6450
6453
6457
6453
6453
6454
6454
6455
6456
6450
6450
6448
6448
6448
6446
6450
6447
6446
6446
6449
6451
6452
6452
6453
6453
6454
6454
6462
6460
6459
6458
6459
6457
6459
6454
6453
6450
6449
6451
6451
6447
6449
6452
6449
6449
6449
6449
6449
6449
6449
6447
6449
6447
6454
6453
6454
6451
6450
6446
6445
6442
6444
6451
6452
6449
6449
6448
6448
6453
6454
6448
6453
6448
6447
6447
6442
6440
6441
6444
6447
6448
6451
6456
6455
6449
6452
6462
6459
6456
6454
6459
6451
6455
6461
6493
6495
6496
6489
6488
6488
6488
6489
6492
6491
6492
6491
6491
6490
6492
6493
6501
6504
6499
6499
6497
6499
6499
6498
6501
6505
6505
6504
6504
6504
6503
6501
6501
6502
6502
6501
6505
6506
6507
6501
6500
6500
6500
6501
6501
6499
6498
6498
6500
6501
6501
6501
6500
6498
6497
6497
6500
6500
6498
6495
6498
6501
6501
6501
6500
6501
6501
6501
6498
6496
6497
6502
6511
6506
6511
6509
6511
6509
6508
6504
6506
6500
6500
6508
6510
6510
6509
6510
6510
6510
6510
6510
6510
6510
6510
6514
6511
6510
6511
6510
6510
6514
6514
6514
6514
6514
6514
6515
6513
6513
6514
6513
6507
6508
6513
6513
6513
6507
6508
6508
6510
6510
6512
6508
6504
6506
6504
6503
6506
6506
6505
6508
6507
6504
6502
6499
6502
6499
6498
6500
6499
6497
6496
6496
6493
6493
6494
6494
6498
6501
6501
6495
6496
6499
6500
6502
6501
6506
6520
6522
6513
6512
6509
6510
6510
6508
6508
6510
6507
6503
6503
6508
6504
6505
6506
6506
6507
6506
6506
6506
6507
6499
6500
6500
6496
6492
6493
6494
6497
6506
6508
6508
6508
6509
6504
6505
6505
6508
6500
6500
6504
6505
6509
6510
6515
6515
6515
6516
6515
6515
6514
6515
6514
6515
6516
6514
6516
6515
6522
6522
6523
6520
6525
6518
6520
6522
6522
6531
6531
6532
6530
6530
6522
6522
6520
6511
6505
6508
6508
6506
6506
6506
6506
6504
6505
6504
6504
6504
6507
6507
6514
6510
6511
6510
6510
6510
6510
6510
6508
6509
6506
6506
6503
6506
6508
6512
6512
6499
6496
6501
6501
6505
6500
6502
6503
6502
6501
6503
6505
6507
6510
6511
6511
6511
6510
6510
6510
6511
6506
6508
6507
6507
6506
6509
6510
6520
6521
6522
6519
6516
6515
6515
6515
6517
6518
6518
6519
6519
6523
6523
6526
6526
6523
6530
6529
6530
6538
6533
6530
6529
6531
6526
6526
6527
6528
6520
6518
6512
6511
6510
6514
6514
6513
6510
6501
6505
6511
6500
6500
6505
6504
6512
6516
6508
6501
6520
6535
6516
6471
6469
6450
6450
6445
6450
6442
6444
6438
6440
6443
6435
6435
6434
6435
6439
6438
6439
6439
6440
6442
6441
6447
6441
6441
6438
6426
6425
6426
6421
6425
6424
6423
6422
6420
6420
6420
6420
6420
6418
6418
6420
6420
6421
6420
6420
6419
6419
6419
6418
6420
6418
6418
6418
6418
6418
6416
6416
6417
6416
6415
6413
6413
6413
6413
6417
6417
6419
6423
6423
6423
6423
6423
6423
6423
6423
6424
6424
6423
6422
6424
6422
6423
6420
6420
6422
6425
6426
6426
6425
6424
6423
6422
6426
6423
6423
6428
6429
6429
6429
6426
6427
6424
6424
6423
6423
6423
6423
6422
6422
6422
6419
6421
6420
6420
6421
6421
6419
6418
6421
6420
6420
6426
6427
6433
6437
6437
6437
6439
6432
6431
6426
6423
6420
6416
6416
6414
6409
6409
6410
6416
6416
6419
6415
6414
6416
6417
6415
6415
6416
6416
6414
6412
6411
6411
6412
6415
6414
6410
6418
6422
6416
6415
6412
6406
6406
6408
6404
6410
6407
6411
6420
6411
6407
6406
6407
6406
6408
6401
6401
6398
6397
6398
6401
6394
6391
6397
6402
6409
6409
6411
6410
6414
6413
6413
6418
6418
6418
6420
6422
6413
6418
6419
6418
6422
6424
6422
6425
6425
6420
6430
6456
6440
6424
6416
6414
6414
6413
6412
6413
6413
6419
6420
6417
6417
6419
6418
6420
6419
6417
6419
6416
6414
6418
6422
6420
6418
6411
6409
6410
6405
6405
6405
6405
6400
6399
6396
6401
6401
6401
6397
6397
6400
6400
6404
6404
6404
6402
6400
6402
6403
6403
6402
6398
6394
6394
6397
6398
6398
6399
6400
6397
6397
6406
6400
6399
6401
6401
6401
6398
6400
6400
6400
6399
6400
6395
6395
6392
6394
6391
6391
6391
6391
6391
6390
6388
6389
6390
6391
6391
6391
6388
6388
6391
6390
6389
6388
6388
6388
6388
6388
6388
6388
6387
6389
6388
6388
6400
6401
6401
6400
6400
6399
6398
6402
6407
6407
6406
6405
6408
6406
6406
6404
6403
6402
6408
6408
6408
6403
6405
6401
6400
6407
6407
6403
6406
6404
6400
6404
6404
6405
6405
6405
6405
6404
6404
6398
6400
6401
6401
6401
6399
6402
6400
6399
6403
6402
6400
6401
6402
6391
6390
6389
6393
6393
6397
6397
6402
6402
6402
6402
6402
6402
6402
6402
6400
6401
6401
6401
6402
6402
6402
6400
6400
6398
6398
6396
6401
6396
6391
6388
6386
6385
6382
6382
6379
6384
6380
6379
6379
6379
6380
6380
6381
6377
6381
6378
6378
6379
6388
6382
6379
6373
6375
6372
6372
6372
6372
6385
6387
6387
6388
6386
6389
6389
6388
6388
6387
6400
6398
6400
6404
6404
6405
6406
6408
6412
6412
6409
6409
6407
6410
6413
6417
6412
6412
6412
6410
6405
6406
6408
6412
6411
6416
6417
6417
6416
6420
6410
6410
6410
6409
6411
6412
6415
6414
6409
6409
6418
6421
6422
6421
6415
6415
6406
6404
6405
6403
6403
6401
6398
6398
6403
6401
6400
6406
6409
6410
6410
6410
6408
6406
6404
6403
6400
6397
6397
6401
6400
6401
6403
6402
6400
6400
6400
6407
6403
6402
6399
6398
6398
6398
6398
6397
6400
6400
6400
6397
6397
6397
6399
6402
6403
6397
6400
6402
6402
6402
6402
6402
6400
6400
6402
6402
6400
6397
6397
6396
6398
6398
6398
6398
6398
6388
6399
6399
6399
6403
6403
6407
6407
6409
6412
6411
6411
6412
6412
6412
6411
6411
6411
6412
6412
6412
6412
6412
6412
6412
6412
6412
6412
6415
6415
6413
6413
6412
6412
6412
6412
6410
6410
6410
6406
6406
6406
6406
6406
6408
6406
6405
6405
6406
6407
6409
6406
6405
6407
6403
6405
6405
6405
6408
6408
6408
6406
6406
6409
6408
6410
6410
6414
6415
6417
6417
6419
6416
6420
6422
6422
6422
6421
6421
6421
6421
6420
6420
6420
6421
6421
6421
6420
6419
6419
6421
6417
6411
6420
6415
6415
6419
6419
6418
6420
6422
6422
6422
6425
6425
6431
6432
6434
6435
6435
6436
6438
6435
6432
6439
6433
6430
6430
6428
6429
6423
6421
6421
6425
6430
6422
6424
6419
6423
6425
6417
6417
6423
6426
6424
6421
6420
6412
6404
6404
6403
6410
6409
6408
6415
6410
6412
6410
6410
6413
6415
6420
6417
6416
6420
6420
6413
6423
6421
6425
6414
6416
6410
6413
6417
6419
6419
6419
6412
6420
6420
6423
6424
6424
6423
6423
6429
6433
6433
6439
6439
6442
6446
6444
6429
6437
6435
6452
6449
6461
6420
6415
6408
6412
6409
6415
6419
6420
6416
6409
6405
6407
6408
6399
6408
6408
6408
6412
6411
6414
6412
6414
6407
6438
6387
6361
6361
6363
6360
6356
6358
6352
6349
6344
6345
6345
6345
6346
6346
6356
6355
6354
6354
6345
6345
6345
6343
6343
6343
6343
6343
6343
6343
6343
6343
6343
6343
6343
6343
6345
6341
6342
6340
6342
6342
6341
6341
6341
6329
6344
6344
6345
6345
6349
6346
6346
6343
6343
6340
6340
6339
6338
6338
6338
6338
6335
6339
6338
6331
6330
6334
6334
6334
6334
6337
6337
6343
6342
6343
6342
6343
6342
6343
6340
6336
6333
6334
6334
6334
6334
6334
6334
6331
6331
6332
6333
6338
6338
6338
6340
6340
6340
6340
6340
6340
6340
6340
6340
6337
6339
6340
6337
6335
6337
6338
6336
6337
6333
6349
6338
6335
6338
6336
6335
6332
6332
6329
6332
6331
6328
6332
6332
6331
6331
6331
6330
6330
6327
6328
6328
6328
6331
6328
6330
6330
6328
6331
6331
6330
6330
6330
6330
6330
6330
6328
6326
6328
6329
6329
6329
6328
6327
6326
6327
6328
6329
6326
6326
6327
6325
6325
6327
6325
6323
6328
6329
6325
6326
6326
6326
6323
6323
6326
6323
6325
6326
6330
6330
6329
6329
6329
6329
6326
6328
6332
6331
6328
6334
6334
6334
6327
6327
6327
6329
6329
6327
6327
6322
6327
6328
6328
6333
6317
6322
6319
6319
6323
6323
6335
6335
6334
6335
6335
6329
6330
6330
6330
6330
6330
6330
6330
6330
6329
6329
6329
6330
6330
6330
6330
6330
6333
6333
6333
6333
6332
6335
6335
6335
6335
6335
6335
6329
6331
6335
6333
6337
6340
6337
6336
6341
6342
6341
6340
6340
6338
6335
6335
6334
6334
6334
6333
6333
6330
6330
6330
6327
6330
6330
6327
6330
6330
6330
6330
6327
6330
6329
6330
6327
6327
6327
6327
6330
6329
6330
6329
6329
6325
6327
6325
6328
6328
6328
6329
6329
6329
6329
6328
6328
6329
6327
6327
6327
6327
6330
6327
6330
6327
6330
6330
6327
6330
6330
6328
6330
6330
6330
6327
6327
6330
6327
6330
6330
6330
6331
6330
6331
6331
6326
6324
6324
6325
6324
6324
6321
6323
6325
6325
6321
6319
6317
6321
6326
6327
6317
6322
6321
6323
6323
6327
6330
6330
6330
6330
6330
6328
6332
6332
6334
6328
6327
6325
6327
6327
6327
6327
6327
6326
6324
6323
6327
6330
6330
6332
6330
6330
6325
6327
6322
6323
6322
6324
6324
6327
6326
6327
6323
6323
6321
6327
6330
6327
6323
6317
6319
6340
6339
6338
6338
6338
6340
6342
6339
6342
6342
6340
6340
6340
6343
6339
6339
6339
6336
6339
6339
6340
6340
6340
6340
6337
6337
6340
6340
6338
6338
6338
6338
6340
6339
6340
6341
6341
6340
6340
6337
6341
6340
6342
6342
6339
6339
6339
6342
6340
6339
6338
6339
6338
6337
6338
6338
6338
6335
6335
6337
6338
6338
6339
6339
6339
6340
6338
6338
6338
6338
6332
6336
6337
6337
6338
6338
6338
6341
6341
6339
6341
6341
6341
6339
6339
6339
6339
6337
6336
6347
6347
6347
6347
6347
6347
6347
6347
6346
6348
6348
6348
6348
6348
6348
6348
6348
6347
6347
6348
6350
6350
6350
6347
6345
6345
6341
6345
6345
6346
6346
6346
6347
6349
6349
6349
6349
6351
6350
6350
6355
6355
6343
6345
6353
6350
6347
6345
6345
6343
6345
6345
6346
6346
6347
6350
6348
6350
6350
6347
6349
6348
6349
6349
6348
6354
6351
6352
6352
6352
6351
6348
6345
6348
6351
6344
6354
6348
6351
6351
6350
6350
6351
6350
6349
6351
6352
6352
6351
6351
6351
6353
6353
6352
6354
6352
6351
6351
6353
6351
6350
6350
6356
6358
6356
6355
6354
6353
6353
6350
6350
6348
6350
6348
6348
6350
6348
6350
6350
6350
6352
6350
6351
6350
6351
6350
6351
6354
6353
6349
6351
6347
6347
6353
6352
6354
6352
6355
6355
6354
6352
6356
6351
6352
6350
6353
6353
6353
6353
6352
6349
6350
6350
6353
6350
6353
6350
6355
6357
6357
6365
6363
6363
6361
6361
6359
6357
6357
6357
6356
6356
6361
6362
6361
6361
6361
6357
6357
6364
6364
6363
6371
6370
6362
6362
6365
6362
6362
6360
6360
6361
6361
6362
6361
6357
6357
6355
6355
6353
6356
6353
6353
6355
6360
6360
6357
6357
6348
6348
6342
6342
6344
6348
6346
6349
6352
6351
6350
6350
6350
6351
6350
6351
6350
6350
6346
6347
6347
6345
6347
6347
6345
6345
6346
6344
6342
6342
6341
6342
6342
6340
6340
6340
6337
6337
6341
6340
6338
6336
6337
6334
6342
6344
6343
6342
6342
6340
6338
6338
6337
6337
6337
6337
6336
6340
6339
6343
6340
6343
6343
6342
6342
6342
6342
6342
6342
6343
6342
6343
6343
6343
6343
6346
6347
6348
6347
6347
6347
6347
6348
6348
6348
6349
6347
6344
6350
6349
6350
6350
6350
6351
6350
6350
6353
6353
6350
6353
6351
6351
6351
6354
6354
6351
6353
6353
6352
6349
6351
6354
6354
6354
6357
6357
6357
6356
6358
6357
6360
6360
6359
6358
6359
6365
6356
6355
6351
6356
6355
6355
6355
6355
6354
6352
6352
6356
6355
6354
6354
6353
6350
6353
6349
6349
6354
6359
6361
6359
6363
6361
6361
6366
6366
6374
6372
6372
6370
6366
6372
6372
6373
6371
6369
6369
6370
6370
6364
6367
6365
6365
6361
6356
6358
6356
6356
6354
6353
6354
6352
6358
6342
6343
6341
6342
6339
6340
6340
6338
6342
6339
6344
6342
6346
6345
6340
6345
6342
6340
6338
6338
6340
6340
6336
6334
6334
6336
6336
6337
6339
6339
6337
6337
6345
6347
6344
6352
6337
6342
6342
6338
6338
6334
6334
6332
6334
6330
6332
6335
6338
6338
6333
6329
6334
6329
6319
6320
6320
6319
6318
6320
6322
6320
6322
6321
6319
6319
6319
6314
6314
6319
6324
6319
6316
6315
6315
6315
6315
6315
6313
6315
6314
6315
6312
6314
6315
6315
6312
6309
6307
6309
6310
6310
6310
6310
6310
6309
6306
6307
6305
6304
6305
6304
6305
6305
6306
6306
6306
6305
6305
6307
6305
6307
6308
6306
6305
6308
6308
6304
6304
6307
6309
6309
6305
6305
6305
6309
6309
6308
6309
6309
6309
6308
6306
6307
6307
6305
6307
6307
6307
6306
6306
6302
6304
6305
6306
6306
6303
6303
6301
6303
6302
6301
6301
6302
6302
6306
6304
6304
6302
6306
6306
6306
6306
6306
6301
6307
6310
6310
6310
6311
6310
6310
6310
6310
6307
6310
6307
6309
6309
6309
6309
6312
6308
6309
6309
6309
6309
6309
6307
6307
6307
6308
6308
6310
6307
6308
6307
6307
6308
6307
6308
6308
6308
6308
6308
6306
6305
6305
6305
6305
6303
6306
6307
6302
6308
6308
6308
6307
6310
6311
6309
6308
6310
6307
6310
6310
6310
6302
6300
6300
6300
6307
6306
6306
6300
6298
6298
6297
6299
6300
6300
6297
6297
6298
6299
6294
6295
6297
6302
6301
6301
6301
6301
6301
6301
6301
6301
6301
6301
6299
6299
6299
6299
6299
6298
6298
6298
6297
6296
