7491
7492
7493
7482
7486
7492
7486
7494
7493
7491
7479
7490
7479
7486
7464
7468
7491
7501
7499
7505
7500
7500
7500
7509
7508
7499
7525
7521
7511
7515
7525
7525
7525
7521
7524
7537
7519
7507
7514
7516
7511
7511
7508
7506
7496
7500
7514
7512
7511
7450
7451
7446
7450
7445
7445
7439
7437
7435
7438
7440
7442
7437
7440
7442
7443
7443
7441
7447
7439
7441
7441
7439
7417
7412
7414
7416
7409
7421
7436
7437
7439
7441
7440
7449
7450
7440
7440
7429
7434
7438
7436
7433
7412
7413
7408
7408
7399
7393
7418
7419
7422
7423
7420
7418
7409
7417
7419
7419
7419
7420
7421
7413
7422
7428
7428
7444
7445
7438
7439
7438
7438
7440
7427
7432
7431
7435
7425
7438
7440
7435
7431
7429
7429
7429
7434
7441
7443
7438
7436
7441
7447
7433
7437
7439
7439
7442
7437
7431
7426
7432
7435
7423
7423
7420
7423
7427
7411
7412
7419
7412
7411
7421
7413
7420
7428
7424
7425
7423
7423
7415
7421
7423
7421
7427
7418
7419
7411
7419
7420
7415
7410
7412
7402
7392
7400
7400
7404
7396
7389
7386
7388
7412
7386
7401
7403
7399
7531
7566
7567
7565
7558
7559
7562
7554
7547
7551
7540
7540
7531
7537
7546
7542
7541
7544
7522
7544
7541
7543
7541
7538
7545
7524
7580
7585
7583
7580
7583
7580
7580
7600
7589
7584
7582
7580
7582
7577
7571
7566
7563
7572
7569
7568
7569
7589
7589
7589
7579
7572
7584
7582
7578
7592
7578
7589
7575
7553
7543
7540
7547
7550
7533
7539
7534
7546
7494
7488
7487
7493
7490
7493
7491
7495
7496
7498
7497
7499
7497
7491
7490
7488
7487
7491
7482
7488
7479
7479
7484
7489
7486
7493
7484
7491
7488
7484
7488
7494
7471
7472
7479
7485
7497
7494
7498
7500
7484
7489
7490
7483
7476
7480
7481
7491
7499
7498
7502
7505
7498
7512
7511
7502
7497
7487
7492
7491
7493
7491
7500
7502
7501
7498
7486
7503
7505
7505
7497
7481
7507
7505
7510
7510
7505
7511
7516
7512
7512
7512
7501
7504
7497
7493
7491
7475
7472
7475
7475
7470
7484
7485
7480
7474
7480
7475
7455
7443
7446
7455
7446
7453
7445
7447
7456
7545
7546
7546
7550
7555
7554
7559
7555
7549
7546
7543
7543
7540
7543
7543
7549
7547
7550
7552
7549
7562
7555
7552
7528
7541
7542
7557
7548
7550
7551
7545
7542
7545
7542
7538
7535
7539
7545
7550
7553
7553
7559
7560
7557
7551
7564
7555
7554
7569
7568
7570
7568
7592
7569
7571
7580
7564
7570
7570
7565
7564
7555
7555
7555
7551
7549
7544
7549
7535
7548
7542
7547
7551
7550
7543
7540
7540
7531
7525
7541
7531
7545
7545
7555
7550
7549
7550
7554
7549
7541
7544
7537
7541
7543
7549
7543
7558
7554
7559
7573
7574
7567
7554
7550
7538
7544
7544
7538
7550
7543
7544
7546
7544
7538
7537
7532
7538
7538
7538
7538
7535
7532
7526
7513
7524
7523
7520
7521
7526
7544
7536
7557
7557
7557
7562
7561
7568
7560
7553
7550
7547
7543
7546
7536
7551
7553
7550
7554
7550
7547
7548
7540
7553
7545
7553
7553
7553
7550
7540
7550
7546
7539
7542
7545
7537
7517
7529
7532
7530
7541
7540
7527
7511
7530
7543
7531
7530
7542
7548
7555
7544
7562
7537
7533
7535
7528
7537
7537
7542
7532
7537
7531
7529
7518
7513
7532
7553
7568
7570
7565
7563
7564
7564
7570
7575
7570
7565
7559
7551
7551
7554
7553
7568
7588
7574
7560
7577
7493
7492
7500
7497
7490
7499
7480
7482
7489
7493
7491
7484
7485
7477
7480
7490
7482
7398
7386
7375
7374
7381
7370
7368
7367
7358
7358
7365
7366
7366
7367
7368
7369
7370
7370
7372
7362
7361
7357
7374
7374
7366
7366
7364
7359
7353
7361
7359
7342
7342
7337
7339
7340
7341
7336
7339
7343
7341
7350
7350
7340
7341
7342
7348
7350
7345
7352
7340
7347
7353
7354
7348
7356
7351
7354
7359
7355
7355
7367
7364
7361
7358
7361
7350
7373
7369
7371
7364
7371
7375
7372
7384
7388
7379
7374
7370
7372
7366
7365
7360
7361
7358
7351
7353
7347
7356
7347
7346
7346
7335
7356
7355
7359
7347
7345
7345
7348
7351
7345
7338
7346
7345
7342
7339
7332
7332
7338
7341
7341
7345
7345
7345
7334
7330
7329
7325
7330
7326
7326
7319
7322
7331
7326
7339
7336
7344
7338
7332
7331
7330
7328
7326
7342
7340
7319
7316
7314
7308
7315
7315
7301
7300
7303
7305
7305
7300
7300
7299
7305
7299
7302
7294
7305
7307
7304
7310
7306
7307
7317
7315
7307
7316
7319
7317
7319
7318
7319
7317
7313
7313
7320
7320
7318
7318
7317
7318
7316
7314
7313
7308
7310
7321
7316
7310
7295
7300
7294
7298
7295
7293
7325
7345
7342
7342
7342
7341
7338
7342
7345
7348
7345
7337
7335
7332
7326
7333
7356
7346
7354
7337
7327
7335
7344
7349
7350
7349
7369
7431
7496
7500
7499
7503
7502
7488
7505
7505
7503
7508
7520
7520
7506
7505
7503
7493
7493
7487
7500
7509
7520
7521
7528
7527
7516
7518
7522
7528
7526
7522
7529
7539
7535
7537
7533
7532
7536
7525
7532
7529
7516
7505
7502
7504
7498
7500
7488
7488
7513
7516
7515
7513
7511
7506
7501
7490
7494
7510
7498
7498
7497
7488
7487
7492
7490
7496
7486
7491
7486
7474
7462
7457
7471
7471
7469
7472
7473
7453
7463
7473
7458
7478
7476
7473
7485
7484
7485
7493
7493
7469
7472
7470
7478
7480
7469
7465
7450
7486
7505
7515
7519
7510
7493
7499
7499
7502
7500
7500
7502
7502
7503
7503
7503
7502
7503
7509
7493
7498
7498
7496
7493
7486
7492
7494
7473
7477
7477
7477
7468
7482
7482
7476
7498
7496
7501
7496
7493
7491
7490
7485
7482
7486
7482
7489
7487
7497
7501
7511
7500
7491
7498
7506
7507
7519
7520
7524
7518
7515
7515
7523
7521
7520
7520
7520
7516
7533
7534
7536
7531
7528
7540
7546
7511
7506
7497
7497
7494
7501
7494
7487
7489
7491
7490
7482
7478
7471
7463
7461
7442
7446
7446
7450
7462
7466
7469
7457
7453
7444
7452
7450
7454
7463
7465
7473
7454
7450
7453
7450
7427
7420
7415
7424
7406
7421
7423
7462
7464
7465
7460
7456
7488
7487
7493
7494
7495
7490
7499
7495
7494
7510
7502
7500
7499
7498
7491
7480
7490
7512
7512
7506
7485
7503
7516
7497
7487
7495
7486
7490
7485
7495
7482
7468
7465
7471
7474
7468
7470
7459
7457
7472
7468
7459
7458
7462
7466
7464
7461
7449
7489
7486
7486
7489
7497
7489
7499
7500
7495
7499
7529
7493
7484
7476
7506
7441
7429
7432
7437
7436
7418
7431
7433
7429
7422
7428
7426
7417
7441
7435
7428
7426
7416
7418
7425
7431
7436
7430
7430
7419
7420
7418
7420
7420
7401
7406
7394
7401
7412
7418
7406
7414
7418
7421
7422
7425
7422
7415
7419
7411
7415
7421
7422
7421
7404
7407
7415
7428
7436
7446
7451
7457
7435
7432
7433
7439
7450
7456
7428
7402
7417
7408
7407
7383
7387
7390
7389
7416
7416
7418
7411
7430
7433
7408
7390
7411
7412
7409
7397
7400
7437
7424
7440
7452
7414
7300
7287
7260
7175
7179
7145
7154
7155
7156
7154
7144
7141
7138
7145
7137
7138
7122
7122
7121
7130
7135
7130
7135
7112
7112
7111
7103
7113
7106
7113
7120
7113
7121
7123
7125
7120
7120
7125
7122
7122
7121
7137
7135
7147
7154
7137
7138
7146
7142
7144
7142
7142
7113
7113
7115
7110
7109
7100
7100
7110
7110
7109
7118
7110
7115
7103
7103
7103
7118
7105
7120
7110
7112
7112
7089
7100
7097
7098
7095
7104
7094
7111
7105
7120
7120
7135
7128
7122
7128
7131
7131
7136
7139
7137
7124
7128
7134
7119
7114
7123
7118
7128
7125
7125
7116
7107
7122
7108
7108
7099
7107
7116
7112
7095
7095
7099
7084
7094
7079
7088
7086
7098
7107
7103
7100
7103
7079
7064
7090
7098
7097
7108
7113
7123
7131
7131
7114
7127
7131
7127
7130
7123
7112
7112
7118
7108
7120
7119
7103
7109
7125
7122
7135
7129
7126
7103
7113
7100
7098
7116
7110
7109
7109
7161
7166
7166
7174
7166
7169
7185
7185
7170
7180
7184
7176
7184
7178
7180
7160
7164
7210
7222
7224
7228
7226
7250
7248
7248
7248
7235
7235
7246
7256
7256
7255
7247
7226
7227
7236
7236
7235
7234
7228
7220
7221
7226
7219
7224
7229
7227
7231
7236
7235
7240
7240
7232
7241
7239
7235
7229
7229
7228
7230
7229
7227
7229
7220
7225
7229
7212
7226
7235
7233
7225
7232
7228
7243
7245
7236
7242
7230
7237
7245
7248
7242
7242
7223
7268
7271
7270
7275
7272
7270
7277
7276
7275
7277
7284
7288
7280
7278
7284
7278
7285
7282
7280
7273
7277
7277
7279
7283
7280
7276
7270
7267
7270
7280
7288
7283
7281
7281
7278
7283
7290
7278
7286
7259
7250
7259
7258
7265
7256
7264
7249
7215
7186
7186
7220
7228
7220
7230
7216
7214
7232
7230
7230
7225
7239
7235
7232
7240
7241
7242
7230
7225
7235
7230
7242
7235
7236
7235
7238
7235
7217
7223
7228
7233
7228
7231
7240
7241
7240
7247
7238
7240
7235
7232
7232
7240
7238
7229
7233
7238
7228
7233
7237
7224
7223
7240
7233
7240
7241
7237
7230
7231
7222
7239
7230
7228
7235
7220
7218
7212
7205
7195
7220
7212
7214
7226
7216
7204
7226
7215
7223
7224
7181
7173
7200
7265
7332
7325
7322
7348
7345
7354
7349
7328
7329
7337
7338
7331
7332
7332
7331
7327
7362
7364
7370
7365
7365
7384
7385
7390
7378
7367
7377
7378
7362
7385
7386
7384
7386
7384
7375
7375
7381
7386
7384
7377
7383
7372
7367
7368
7368
7362
7364
7361
7361
7359
7367
7365
7370
7373
7365
7365
7373
7368
7355
7357
7338
7347
7349
7349
7336
7344
7330
7337
7333
7348
7320
7381
7371
7364
7358
7357
7358
7356
7352
7354
7352
7349
7338
7337
7335
7342
7348
7358
7351
7340
7348
7325
7339
7330
7335
7344
7344
7345
7344
7347
7350
7360
7352
7350
7339
7350
7350
7349
7332
7339
7337
7337
7335
7319
7328
7341
7345
7333
7341
7335
7330
7337
7340
7334
7333
7335
7315
7324
7322
7330
7315
7333
7312
7311
7317
7333
7325
7335
7331
7316
7319
7324
7311
7302
7304
7305
7304
7300
7300
7307
7304
7306
7305
7300
7307
7297
7293
7300
7295
7299
7315
7300
7293
7309
7332
7368
7370
7371
7387
7360
7362
7353
7353
7345
7342
7342
7338
7337
7338
7333
7335
7338
7350
7346
7353
7349
7354
7350
7354
7350
7357
7358
7345
7339
7345
7344
7341
7343
7342
7333
7334
7345
7336
7356
7350
7336
7349
7330
7323
7315
7327
7327
7317
7302
7301
7297
7298
7298
7306
7309
7302
7308
7303
7312
7306
7291
7290
7306
7313
7305
7319
7322
7306
7320
7326
7316
7317
7307
7321
7320
7332
7332
7332
7332
7336
7338
7336
7334
7331
7346
7331
7324
7325
7330
7328
7329
7335
7336
7314
7313
7304
7326
7330
7336
7339
7344
7334
7333
7335
7357
7374
7340
7335
7334
7329
7331
7328
7321
7319
7318
7327
7327
7327
7324
7319
7323
7341
7347
7307
7276
7306
7315
7331
7315
7312
7317
7320
7324
7316
7290
7284
7285
7285
7278
7288
7288
7291
7298
7294
7292
7293
7300
7301
7294
7295
7305
7309
7309
7300
7298
7300
7297
7295
7292
7288
7288
7288
7287
7288
7284
7282
7267
7301
7300
7293
7303
7295
7305
7305
7306
7305
7304
7310
7311
7304
7305
7310
7310
7313
7296
7284
7295
7296
7300
7298
7291
7294
7293
7279
7280
7281
7280
7283
7299
7305
7314
7305
7315
7304
7311
7301
7302
7309
7316
7317
7312
7310
7320
7309
7313
7323
7312
7318
7280
7295
7291
7315
7311
7296
7281
7302
7302
7267
7262
7262
7262
7266
7265
7267
7274
7274
7270
7255
7251
7252
7255
7243
7241
7231
7233
7284
7297
7311
7323
7325
7331
7321
7336
7336
7331
7321
7329
7315
7311
7310
7317
7331
7330
7329
7325
7325
7329
7335
7322
7323
7330
7340
7351
7450
7466
7445
7442
7442
7440
7443
7461
7512
7532
7549
7555
7550
7530
7548
7549
7520
7521
7533
7533
7532
7537
7529
7524
7531
7531
7523
7526
7532
7531
7522
7525
7530
7530
7536
7537
7529
7537
7537
7525
7515
7536
7531
7540
7538
7535
7532
7553
7554
7546
7546
7546
7539
7542
7559
7559
7550
7557
7556
7559
7562
7555
7550
7547
7543
7546
7549
7542
7538
7539
7535
7538
7538
7543
7529
7520
7520
7529
7523
7520
7520
7523
7535
7539
7527
7536
7533
7549
7548
7530
7520
7530
7530
7530
7520
7524
7540
7539
7539
7535
7540
7547
7537
7546
7545
7554
7547
7537
7543
7533
7523
7522
7529
7522
7521
7514
7526
7529
7522
7527
7531
7532
7523
7491
7491
7520
7524
7528
7526
7526
7530
7545
7537
7538
7534
7542
7544
7544
7539
7543
7540
7548
7535
7532
7531
7541
7545
7540
7544
7537
7535
7523
7528
7520
7520
7536
7524
7536
7543
7541
7543
7544
7549
7548
7559
7568
7546
7548
7550
7547
7545
7544
7538
7541
7550
7553
7539
7545
7538
7538
7532
7538
7540
7555
7559
7559
7565
7553
7559
7556
7554
7561
7563
7550
7559
7566
7560
7588
7619
7505
7426
7426
7428
7423
7419
7416
7429
7422
7420
7418
7423
7420
7425
7424
7427
7433
7433
7437
7425
7427
7443
7430
7443
7430
7416
7411
7410
7404
7399
7400
7411
7403
7397
7389
7385
7386
7386
7392
7385
7389
7407
7410
7410
7411
7412
7412
7406
7395
7393
7404
7394
7398
7421
7426
7443
7436
7437
7435
7422
7433
7433
7434
7434
7426
7432
7434
7425
7434
7429
7427
7428
7424
7427
7426
7426
7433
7432
7436
7444
7441
7437
7445
7446
7459
7459
7455
7454
7452
7452
7450
7445
7446
7443
7432
7430
7432
7431
7434
7432
7434
7428
7431
7431
7447
7444
7438
7444
7429
7435
7439
7457
7459
7452
7452
7452
7453
7444
7443
7443
7444
7454
7467
7462
7499
7422
7398
7402
7400
7405
7405
7401
7399
7395
7361
7404
7388
7411
7404
7400
7421
7443
7438
7440
7445
7433
7439
7442
7442
7447
7433
7433
7433
7433
7429
7427
7425
7423
7427
7419
7430
7435
7448
7461
7455
7455
7459
7449
7441
7435
7442
7424
7412
7417
7409
7416
7417
7410
7400
7408
7412
7374
7394
7422
7412
7433
7434
7432
7434
7424
7420
7424
7418
7421
7427
7430
7418
7423
7423
7432
7428
7429
7438
7450
7442
7441
7423
7418
7417
7459
7440
7432
7442
7447
7454
7442
7449
7453
7492
7484
7487
7497
7498
7483
7491
7499
7480
7481
7482
7474
7478
7498
7508
7497
7498
7497
7493
7492
7494
7490
7459
7468
7468
7467
7468
7457
7454
7472
7462
7469
7486
7489
7489
7500
7499
7507
7501
7500
7500
7492
7490
7485
7494
7495
7496
7496
7500
7489
7500
7487
7482
7490
7503
7493
7502
7511
7516
7498
7499
7513
7506
7518
7515
7520
7520
7475
7458
7464
7468
7467
7460
7481
7440
7421
7410
7400
7379
7366
7371
7423
7438
7427
7408
7413
7433
7423
7443
7453
7435
7429
7430
7434
7428
7413
7459
7449
7439
7438
7434
7446
7439
7445
7454
7466
7462
7437
7437
7449
7452
7447
7418
7430
7427
7407
7435
7417
7409
7414
7420
7446
7420
7425
7413
7399
7409
7416
7406
7425
7418
7421
7484
7487
7505
7506
7557
7575
7583
7620
7609
7623
7610
7619
7633
7628
7620
7624
7630
7630
7628
7618
7607
7609
7604
7607
7596
7591
7592
7604
7611
7604
7602
7588
7581
7591
7588
7584
7573
7562
7586
7580
7594
7597
7594
7600
7594
7599
7616
7606
7600
7601
7603
7588
7585
7585
7584
7583
7580
7573
7585
7586
7588
7590
7588
7604
7602
7605
7584
7583
7603
7623
7627
7612
7620
7635
7597
7592
7574
7569
7566
7570
7572
7563
7563
7545
7545
7526
7550
7555
7550
7556
7561
7559
7541
7529
7533
7543
7543
7560
7560
7563
7572
7577
7580
7575
7550
7553
7553
7556
7555
7580
7583
7580
7568
7577
7577
7583
7579
7594
7587
7555
7542
7541
7549
7525
7530
7530
7530
7525
7505
7506
7521
7521
7495
7497
7491
7521
7536
7535
7554
7555
7550
7564
7562
7557
7561
7557
7536
7534
7527
7528
7536
7530
7560
7557
7572
7578
7595
7590
7587
7588
7585
7571
7584
7584
7577
7582
7603
7589
7608
7619
7602
7594
7570
7577
7582
7545
7546
7556
7551
7547
7549
7532
7502
7506
7503
7489
7511
7514
7524
7511
7516
7516
7512
7514
7474
7509
7521
7519
7509
7511
7511
7517
7508
7500
7507
7521
7525
7527
7536
7526
7524
7537
7535
7537
7559
7552
7548
7562
7540
7555
7524
7522
7526
7518
7514
7510
7525
7543
7539
7505
7494
7497
7489
7489
7498
7480
7469
7491
7499
7500
7513
7520
7517
7510
7495
7500
7519
7527
7534
7486
7345
7330
7310
7343
7342
7342
7360
7373
7371
7355
7325
7365
7360
7355
7374
7366
7371
7375
7368
7367
7357
7385
7392
7379
7381
7381
7359
7368
7390
7334
7319
7320
7310
7298
7367
7347
7360
7409
7397
7390
7374
7368
7362
7354
7368
7375
7373
7347
7326
7348
7354
7330
7324
7312
7317
7339
7339
7360
7393
7403
7409
7419
7421
7399
7418
7417
7413
7410
7396
7402
7384
7388
7424
7492
7516
7508
7540
7565
7552
7558
7579
7572
7587
7587
7628
7640
7650
7664
7665
7675
7665
7669
7655
7644
7632
7634
7648
7677
7689
7707
7697
7693
7689
7694
7673
7692
7697
7708
7708
7703
7707
7709
7711
7720
7706
7714
7714
7717
7719
7726
7708
7703
7700
7714
7720
7725
7695
7708
7705
7650
7645
7626
7638
7623
7622
7629
7630
7627
7650
7625
7624
7625
7626
7601
7588
7582
7590
7580
7578
7585
7585
7586
7594
7588
7578
7592
7598
7597
7608
7607
7593
7594
7580
7582
7595
7607
7614
7648
7633
7631
7625
7615
7596
7583
7577
7578
7590
7580
7585
7578
7573
7582
7535
7539
7535
7543
7540
7521
7510
7518
7521
7524
7525
7541
7540
7533
7531
7539
7479
7488
7498
7487
7525
7545
7532
7515
7526
7575
7575
7593
7596
7583
7557
7569
7569
7584
7589
7597
7599
7600
7599
7608
7626
7626
7623
7612
7578
7570
7580
7578
7569
7575
7573
7586
7579
7560
7551
7544
7581
7564
7595
7597
7606
7631
7604
7597
7593
7604
7606
7554
7534
7547
7519
7512
7515
7521
7514
7501
7510
7486
7466
7535
7547
7540
7536
7516
7500
7494
7506
7500
7504
7516
7534
7534
7511
7474
7470
7465
7457
7541
7533
7548
7539
7567
7618
7636
7630
7630
7622
7628
7631
7619
7617
7624
7635
7619
7635
7603
7578
7650
7637
7722
7753
7743
7823
7906
7900
7883
7880
7876
7876
7880
7888
7874
7878
7875
7874
7872
7884
7890
7891
7875
7902
7907
7921
7919
7921
7926
7908
7909
7907
7895
7904
7915
7916
7921
7912
7914
7925
7945
7930
7935
7913
7908
7864
7865
7869
7870
7861
7867
7845
7843
7844
7845
7834
7829
7823
7827
7827
7840
7846
7870
7866
7850
7846
7859
7860
7877
7880
7882
7894
7885
7891
7898
7890
7899
7900
7897
7890
7894
7835
7844
7844
7851
7867
7861
7836
7816
7813
7837
7826
7838
7835
7855
7849
7857
7848
7859
7850
7840
7841
7842
7817
7823
7812
7840
7817
7855
7858
7864
7880
7862
7856
7867
7854
7841
7851
7841
7850
7860
7900
7910
7905
7884
7892
7895
7906
7918
7924
7921
7938
7928
7945
7952
7940
7943
7938
7940
7930
7921
7912
7922
7916
7935
7935
7927
7923
7913
7914
7919
7910
7920
7920
7889
7898
7900
7900
7900
7911
7912
7917
7897
7890
7890
7873
7895
7898
7913
7922
7936
7925
7925
7948
7956
7960
7943
7938
7920
7918
7897
7894
7911
7913
7904
7917
7909
7900
7901
7880
7880
7880
7883
7882
7890
7891
7880
7882
7900
7895
7900
7899
7890
7905
7879
7880
7901
7888
7890
7881
7887
7870
7866
7873
7915
7960
7967
8009
8005
8019
8020
8016
8000
8013
8018
8014
8020
7983
8007
7990
7994
7981
7977
8059
8064
8091
8085
8083
8081
8086
8086
8086
8085
8077
8069
8076
8076
8086
8088
8059
8073
8095
8099
8160
8172
8190
8205
8185
8185
8187
8170
8181
8182
8177
8185
8173
8174
8163
8185
8199
8179
8181
8223
8226
8214
8200
8212
8212
8227
8221
8213
8212
8198
8215
8208
8205
8198
8192
8206
8220
8217
8218
8230
8230
8226
8226
8237
8227
8229
8221
8217
8223
8225
8230
8237
8238
8240
8241
8243
8235
8235
8232
8231
8232
8232
8229
8231
8230
8226
8230
8226
8229
8240
8240
8236
8237
8217
8217
8212
8235
8235
8238
8239
8240
8236
8232
8226
8226
8208
8208
8193
8213
8221
8229
8232
8232
8228
8221
8220
8211
8201
8207
8211
8209
8200
8191
8186
8197
8183
8170
8160
8151
8149
8169
8175
8183
8182
8172
8196
8186
8190
8232
8222
8229
8212
8208
8200
8228
8229
8241
8248
8249
8259
8263
8267
8265
8248
8249
8257
8261
8260
8260
8260
8250
8250
8242
8250
8241
8248
8250
8245
8253
8258
8256
8267
8259
8250
8240
8296
8298
8301
8306
8318
8321
8312
8319
8308
8313
8306
8310
8308
8315
8300
8318
8314
8307
8307
8321
8320
8325
8331
8326
8323
8310
8306
8297
8315
8311
8311
8317
8315
8338
8339
8335
8330
8339
8297
8297
8295
8314
8309
8294
8303
8302
8303
8295
8301
8300
8283
8287
8293
8290
8282
8288
8308
8316
8305
8305
8312
8312
8325
8312
8316
8326
8315
8312
8304
8305
8306
8297
8303
8309
8303
8300
8305
8298
8303
8280
8276
8289
8285
8296
8292
8309
8328
8314
8333
8308
8317
8337
8336
8377
8378
8391
8385
8382
8387
8401
8393
8395
8398
8404
8403
8399
8401
8414
8392
8397
8401
8402
8389
8401
8396
8411
8420
8416
8420
8422
8400
8400
8406
8410
8400
8379
8381
8379
8385
8386
8380
8380
8380
8378
8380
8380
8387
8395
8394
8407
8419
8404
8414
8420
8419
8419
8409
8396
8410
8405
8399
8399
8382
8382
8379
8382
8381
8382
8382
8379
8382
8361
8365
8372
8366
8366
8356
8350
8348
8367
8362
8351
8350
8341
8351
8352
8335
8352
8352
8351
8343
8336
8390
8407
8403
8400
8399
8399
8400
8400
8396
8400
8400
8388
8392
8392
8396
8381
8377
8372
8397
8403
8403
8403
8412
8407
8407
8391
8390
8391
8402
8403
8395
8410
8420
8415
8424
8404
8400
8393
8410
8408
8408
8388
8386
8398
8407
8405
8421
8416
8445
8473
8467
8475
8481
8486
8490
8500
8499
8504
8495
8506
8500
8500
8498
8500
8501
8500
8500
8503
8497
8483
8471
8485
8489
8489
8497
8489
8490
8470
8474
8465
8477
8470
8461
8451
8455
8459
8462
8475
8475
8482
8490
8484
8489
8480
8477
8466
8461
8451
8453
8473
8479
8475
8483
8488
8490
8484
8494
8489
8509
8515
8517
8522
8517
8520
8510
8509
8513
8501
8534
8530
8522
8539
8531
8541
8538
8527
8525
8527
8536
8536
8538
8549
8543
8557
8546
8520
8496
8488
8488
8489
8486
8480
8486
8490
8488
8491
8504
8506
8506
8506
8496
8503
8499
8513
8512
8520
8519
8521
8518
8514
8505
8499
8499
8503
8494
8508
8498
8516
8515
8511
8502
8514
8513
8494
8489
8492
8483
8488
8486
8507
8502
8514
8506
8511
8503
8507
8504
8508
8506
8496
8505
8513
8511
8509
8480
8476
8480
8480
8480
8480
8469
8480
8469
8467
8472
8465
8469
8472
8486
8486
8470
8480
8479
8487
8483
8475
8474
8475
8480
8471
8481
8481
8480
8488
8485
8504
8502
8499
8518
8520
8524
8515
8515
8513
8505
8501
8517
8519
8513
8512
8510
8501
8483
8495
8500
8500
8504
8526
8526
8547
8547
8530
8523
8535
8540
8545
8536
8537
8540
8534
8546
8561
8562
8565
8560
8558
8558
8554
8524
8523
8526
8529
8537
8519
8520
8516
8504
8512
8510
8501
8506
8501
8481
8491
8490
8495
8514
8514
8516
8524
8519
8520
8511
8512
8522
8532
8532
8520
8531
8520
8524
8532
8523
8503
8504
8507
8502
8510
8516
8517
8498
8483
8482
8478
8472
8483
8484
8468
8481
8482
8498
8501
8488
8488
8489
8502
8485
8501
8490
8521
8500
8485
8380
8377
8360
8375
8374
8352
8337
8346
8340
8349
8349
8343
8333
8346
8343
8331
8322
8326
8321
8331
8326
8334
8321
8336
8324
8305
8310
8313
8311
8310
8300
8337
8338
8343
8340
8350
8340
8343
8340
8338
8343
8333
8331
8332
8337
8357
8357
8357
8355
8343
8357
8336
8337
8335
8337
8354
8357
8355
8356
8356
8356
8340
8352
8351
8339
8345
8298
8289
8287
8283
8290
8287
8280
8273
8280
8284
8284
8284
8274
8272
8289
8291
8283
8273
8268
8276
8276
8261
8266
8266
8270
8268
8261
8261
8253
8263
8249
8251
8247
8255
8265
8265
8266
8260
8265
8262
8276
8276
8259
8270
8260
8270
8256
8255
8244
8250
8263
8264
8258
8261
8250
8250
8242
8248
8256
8251
8256
8270
8270
8260
8274
8274
8274
8262
8274
8257
8274
8269
8267
8242
8246
8246
8251
8261
8273
8276
8284
8283
8285
8278
8284
8273
8270
8276
8276
8266
8273
8269
8262
8250
8250
8245
8244
8231
8220
8217
8222
8226
8241
8236
8235
8216
8222
8221
8215
8220
8223
8224
8223
8225
8220
8215
8219
8210
8191
8192
8183
8195
8196
8205
8206
8207
8220
8209
8225
8227
8221
8225
8254
8236
8238
8224
8233
8228
8212
8223
8223
8235
8207
8209
8230
8200
8210
8217
8212
8201
8212
8219
8222
8225
8225
8228
8219
8228
8231
8200
8200
8200
8196
8196
8225
8233
8241
8236
8241
8232
8233
8224
8252
8252
8250
8259
8261
8273
8288
8296
8291
8288
8288
8299
8316
8311
8311
8313
8308
8308
8305
8310
8311
8314
8303
8302
8292
8286
8288
8288
8288
8296
8289
8298
8291
8300
8305
8306
8292
8291
8312
8315
8330
8323
8301
8296
8303
8304
8301
8307
8288
8283
8290
8305
8293
8311
8294
8278
8297
8300
8299
8299
8297
8288
8299
8294
8305
8303
8310
8299
8303
8311
8300
8302
8314
8314
8316
8313
8306
8302
8300
8299
8305
8298
8291
8288
8284
8289
8309
8305
8310
8318
8320
8324
8320
8320
8316
8316
8313
8324
8309
8309
8317
8309
8304
8302
8303
8300
8307
8314
8309
8313
8317
8318
8309
8337
8330
8337
8350
8374
8351
8349
8353
8344
8343
8336
8338
8338
8335
8341
8350
8343
8280
8272
8247
8248
8248
8247
8245
8243
8243
8235
8233
8234
8245
8245
8242
8239
8227
8244
8233
8239
8249
8216
8214
8210
8200
8205
8205
8209
8202
8211
8217
8205
8210
8222
8214
8215
8222
8228
8230
8214
8214
8209
8200
8200
8211
8193
8198
8185
8185
8193
8188
8182
8194
8183
8177
8183
8155
8182
8170
8182
8191
8179
8186
8188
8187
8176
8180
8216
8220
8216
8227
8229
8227
8217
8225
8217
8226
8223
8232
8230
8244
8244
8242
8241
8240
8232
8233
8239
8244
8243
8238
8237
8228
8229
8223
8231
8221
8231
8226
8222
8233
8224
8232
8239
8235
8225
8242
8227
8226
8235
8222
8228
8234
8235
8243
8243
8248
8248
8249
8230
8234
8238
8233
8246
8234
8240
8219
8235
8233
8244
8235
8233
8235
8225
8234
8185
8202
8200
8200
8201
8200
8209
8216
8217
8200
8214
8206
8205
8190
8200
8195
8195
8197
8198
8207
8201
8205
8198
8196
8220
8227
8233
8217
8225
8210
8220
8220
8226
8242
8248
8254
8251
8249
8249
8237
8236
8243
8237
8237
8237
8229
8237
8222
8226
8245
8226
8247
8234
8235
8221
8243
8244
8232
8244
8250
8251
8241
8240
8235
8249
8249
8255
8258
8259
8256
8247
8249
8245
8244
8247
8243
8226
8225
8222
8225
8229
8212
8225
8233
8222
8222
8225
8247
8235
8238
8247
8241
8237
8211
8239
8229
8271
8275
8264
8245
8255
8253
8248
8244
8223
8215
8218
8216
8215
8207
8192
8127
8124
8131
8124
8124
8118
8113
8109
8107
8106
8096
8094
8101
8106
8109
8111
8111
8110
8096
8102
8115
8108
8116
8116
8122
8131
8130
8118
8135
8142
8130
8111
8119
8091
8095
8101
8107
8095
8113
8090
8112
8111
8117
8115
8117
8117
8120
8124
8088
8096
8087
8082
8081
8083
8080
8085
8069
8062
8055
8058
8070
8074
8078
8062
8079
8081
8082
8075
8079
8062
8083
8092
8097
8101
8102
8102
8100
8090
8112
8121
8124
8113
8126
8129
8108
8114
8092
8112
8113
8116
8113
8117
8128
8114
8126
8132
8119
8115
8112
8108
8101
8089
8101
8117
8127
8129
8120
8097
8092
8096
8108
8117
8098
8080
8098
8105
8111
8118
8124
8120
8132
8118
8125
8144
8137
8122
8123
8124
8128
8118
8118
8126
8129
8123
8139
8135
8121
8097
8109
8109
8103
8105
8101
8113
8123
8129
8122
8127
8122
8129
8125
8118
8099
8104
8093
8102
8097
8102
8102
8119
8095
8103
8097
8110
8107
8123
8118
8109
8096
8096
8127
8040
8030
8000
7999
7986
8030
8042
8040
8037
8025
8028
8037
8046
8030
8024
8023
8028
8043
8043
8038
8044
8044
8020
8026
8034
8023
8029
8046
8052
8073
8054
8024
8044
8015
8006
8002
8011
8019
8003
8015
8003
8004
8004
8002
8003
7998
7995
8000
8005
8011
8005
8003
8016
8016
8014
8010
8001
7998
8005
8001
8016
8000
8002
8002
8016
8003
7983
7972
7961
7974
7963
7965
7974
7975
7967
7989
7987
7999
7998
7989
7985
7985
7970
7970
7942
7952
7930
7947
7969
7968
7943
7960
7945
8024
8038
8038
8049
8049
8030
8018
8020
8035
8047
8091
8088
8093
8095
8080
8081
8088
8088
8094
8087
8082
8080
8073
8093
8064
8054
8069
8066
8052
8057
8052
8009
8007
8019
8039
8033
8130
8158
8160
8161
8178
8192
8178
8176
8172
8190
8195
8182
8193
8209
8205
8213
8213
8213
8196
8219
8206
8212
8209
8220
8218
8216
8221
8213
8202
8230
8225
8212
8204
8171
8180
8178
8179
8177
8179
8170
8176
8179
8177
8162
8176
8185
8185
8164
8166
8168
8162
8172
8166
8166
8177
8152
8168
8176
8171
8243
8257
8243
8255
8260
8266
8246
8246
8249
8261
8261
8262
8257
8248
8269
8246
8260
8267
8244
8247
8261
8261
8263
8263
8266
8271
8282
8260
8260
8252
8246
8256
8274
8294
8283
8301
8315
8314
8313
8302
8311
8311
8309
8316
8309
8311
8295
8312
8307
8316
8307
8310
8302
8321
8312
8329
8324
8319
8313
8308
8354
8311
8302
8303
8304
8304
8303
8300
8306
8302
8301
8296
8296
8296
8296
8295
8290
8296
8302
8299
8303
8275
8275
8269
8271
8271
8275
8276
8257
8269
8259
8280
8298
8295
8305
8315
8319
8318
8310
8322
8331
8335
8323
8301
8309
8302
8294
8287
8295
8290
8303
8292
8292
8292
8289
8308
8317
8317
8317
8312
8288
8293
8288
8289
8279
8273
8276
8270
8279
8286
8279
8294
8278
8274
8291
8291
8287
8280
8298
8287
8273
8277
8257
8268
8271
8272
8274
8260
8267
8281
8277
8279
8280
8278
8263
8334
8327
8335
8348
8331
8350
8359
8360
8357
8365
8376
8368
8362
8358
8356
8369
8355
8353
8342
8348
8349
8343
8354
8351
8357
8341
8357
8343
8341
8371
8353
8316
8333
8322
8365
8365
8372
8369
8367
8370
8371
8370
8359
8375
8370
8370
8355
8342
8348
8350
8349
8346
8353
8371
8368
8380
8393
8394
8382
8407
8408
8384
8384
8369
8368
8363
8361
8375
8370
8370
8385
8386
8374
8378
8400
8389
8366
8355
8356
8376
8331
8338
8333
8335
8344
8323
8354
8351
8365
8351
8365
8363
8362
8370
8358
8315
8358
8343
8356
8358
8377
8351
8349
8359
8347
8358
8347
8318
8315
8308
8297
8297
8310
8301
8309
8308
8283
8277
8302
8303
8306
8299
8327
8327
8305
8295
8295
8303
8306
8304
8288
8288
8275
8281
8268
8285
8285
8285
8307
8306
8308
8284
8294
8300
8295
8292
8298
8290
8290
8281
8263
8260
8267
8270
8264
8251
8302
8291
8369
8326
8312
8303
8280
8287
8283
8283
8300
8311
8318
8318
8309
8318
8327
8338
8320
8300
8310
8310
8311
8302
8319
8327
8306
8282
8288
8286
8276
8283
8292
8319
8307
8300
8308
8299
8292
8297
8270
8271
8282
8274
8274
8237
8305
8302
8310
8300
8310
8297
8274
8280
8278
8284
8320
8310
8311
8324
8320
8326
8362
8225
8233
8226
8212
8217
8219
8225
8230
8229
8229
8217
8208
8210
8197
8224
8208
8209
8217
8218
8198
8184
8195
8195
8185
8199
8176
8200
8226
8228
8240
8225
8222
8220
8195
8217
8232
8374
8377
8377
8375
8361
8384
8390
8380
8372
8374
8365
8374
8376
8381
8384
8380
8391
8390
8390
8418
8430
8431
8423
8397
8379
8398
8384
8379
8380
8379
8378
8376
8376
8378
8377
8400
8378
8390
8388
8379
8377
8372
8251
8247
8251
8240
8244
8236
8242
8242
8242
8236
8252
8225
8223
8218
8227
8235
8217
8219
8240
8212
8223
8230
8250
8246
8253
8255
8240
8240
8238
8215
8200
8223
8226
8233
8233
8233
8238
8255
8249
8249
8242
8226
8243
8244
8239
8240
8227
8222
8230
8223
8211
8217
8210
8234
8226
8218
8211
8235
8181
8188
8186
8186
8173
8190
8183
8181
8193
8190
8216
8211
8230
8212
8229
8205
8211
8233
8218
8237
8226
8217
8175
8180
8181
8187
8183
8173
8168
8168
8162
8163
8165
8187
8197
8184
8206
8201
8164
8161
8157
8123
8142
8135
8141
8140
8160
8150
8166
8163
8152
8157
8155
8128
8150
8297
8311
8315
8320
8320
8316
8312
8309
8320
8325
8330
8329
8309
8402
8440
8454
8458
8461
8462
8468
8436
8447
8450
8477
8495
8494
8494
8488
8489
8478
8483
8467
8488
8469
8496
8495
8488
8492
8481
8497
8481
8505
8486
8481
8471
8462
8462
8442
8450
8456
8487
8485
8497
8500
8508
8501
8515
8483
8492
8517
8508
8525
8525
8521
8517
8522
8505
8516
8518
8516
8532
8521
8522
8536
8531
8520
8515
8520
8525
8530
8541
8518
8530
8521
8514
8514
8531
8541
8570
8528
8475
8482
8494
8478
8478
8491
8492
8477
8487
8505
8502
8498
8486
8508
8493
8500
8498
8486
8494
8497
8505
8510
8469
8488
8470
8537
8552
8544
8541
8512
8531
8547
8525
8551
8561
8550
8551
8535
8540
8544
8553
8555
8550
8542
8555
8564
8566
8573
8555
8534
8531
8533
8525
8534
8528
8504
8510
8503
8499
8497
8529
8528
8538
8537
8536
8526
8526
8532
8540
8534
8550
8541
8532
8540
8549
8523
8523
8509
8510
8515
8521
8538
8516
8538
8728
8759
8751
8746
8757
8759
8734
8741
8743
8745
8722
8724
8724
8714
8737
8727
8750
8759
8765
8772
8780
8775
8765
8774
8763
8761
8767
8766
8763
8771
8776
8786
8770
8759
8756
8752
8760
8758
8755
8748
8743
8759
8780
8784
8788
8788
8784
8775
8790
8808
8841
8821
8723
8713
8715
8710
8709
8701
8705
8726
8728
8731
8730
8731
8736
8732
8735
8731
8730
8730
8734
8741
8728
8721
8724
8721
8728
8733
8721
8703
8693
8697
8691
8706
8691
8676
8685
8695
8698
8677
8676
8679
8750
8749
8744
8740
8749
8734
8734
8745
8744
8746
8727
8731
8730
8730
8740
8749
8747
8766
8762
8751
8750
8737
8751
8743
8741
8735
8777
8773
8765
8776
8780
8734
8728
8724
8730
8733
8733
8735
8725
8726
8730
8715
8705
8705
8702
8718
8720
8717
8717
8731
8729
8718
8725
8726
8739
8705
8705
8705
8708
8709
8715
8710
8702
8702
8704
8704
8705
8686
8675
8657
8661
8664
8671
8667
8665
8685
8659
8665
8676
8677
8687
8680
8691
8697
8693
8685
8681
8700
8684
8714
8682
8678
8679
8680
8667
8663
8671
8673
8666
8682
8700
8697
8717
8714
8708
8711
8717
8714
8734
8724
8704
8729
8745
8747
8728
8729
8741
8670
8675
8671
8668
8668
8677
8692
8682
8675
8655
8658
8659
8663
8650
8644
8651
8656
8654
8631
8633
8641
8659
8670
8656
8665
8655
8651
8657
8676
8681
8684
8701
8685
8710
8701
8688
8721
8685
8692
8773
8762
8784
8829
8832
8838
8815
8846
8856
8842
8868
8848
8878
8858
8769
8758
8750
8751
8759
8754
8758
8760
8753
8757
8764
8736
8732
8741
8747
8752
8752
8752
8759
8757
8760
8756
8759
8762
8764
8767
8735
8734
8728
8732
8746
8734
8737
8746
8746
8746
8760
8755
8755
8738
8750
8747
8735
8732
8749
8765
8756
8770
8780
8785
8770
8760
8764
8781
8798
8778
8778
8789
8784
8787
8796
8756
8765
8787
8789
8797
8790
8804
8753
8760
8755
8757
8762
8759
8737
8763
8767
8751
8757
8756
8750
8768
8778
8775
8724
8698
8757
8707
8701
8481
8439
8408
8405
8374
8368
8406
8400
8400
8404
8404
8391
8430
8438
8438
8430
8430
8425
8419
8413
8409
8404
8425
8425
8420
8399
8408
8395
8447
8434
8427
8451
8457
8448
8452
8456
8434
8433
8426
8429
8419
8424
8425
8395
8395
8404
8388
8346
8392
8391
8384
8384
8402
8412
8408
8387
8412
8427
8439
8441
8427
8433
8423
8422
8441
8446
8440
8428
8398
8389
8392
8379
8372
8380
8374
8363
8371
8369
8389
8374
8369
8356
8374
8364
8369
8354
8334
8338
8346
8364
8389
8388
8387
8391
8359
8369
8356
8356
8340
8350
8375
8354
8340
8338
8310
8318
8330
8340
8350
8352
8368
8364
8359
8358
8357
8359
8356
8358
8347
8359
8393
8399
8401
8402
8402
8384
8411
8413
8382
8416
8403
8413
8478
8504
8526
8628
8618
8637
8613
8656
8662
8653
8643
8655
8678
8701
8701
8696
8700
8700
8700
8697
8697
8702
8694
8690
8694
8688
8689
8668
8678
8678
8687
8686
8692
8701
8705
8659
8655
8641
8627
8619
8663
8671
8711
8711
8681
8692
8705
8694
8729
8733
8716
8730
8737
8751
8725
8733
8723
8738
8699
8711
8712
8701
8697
8689
8654
8692
8690
8701
8702
8703
8716
8714
8700
8740
8756
8738
8732
8726
8721
8707
8717
8650
8650
8644
8653
8646
8653
8645
8631
8620
8626
8617
8618
8623
8609
8620
8626
8623
8617
8603
8631
8640
8636
8628
8636
8629
8635
8619
8623
8633
8622
8601
8596
8590
8585
8578
8564
8579
8591
8601
8597
8624
8649
8643
8660
8658
8664
8661
8661
8644
8644
8652
8662
8673
8645
8646
8663
8664
8644
8623
8614
8614
8611
8614
8610
8597
8601
8619
8612
8637
8620
8617
8643
8624
8611
8599
8592
8580
8602
8591
8594
8595
8568
8575
8565
8554
8553
8545
8550
8538
8561
8577
8583
8587
8571
8585
8566
8571
8563
8577
8583
8594
8583
8567
8573
8564
8566
8581
8566
8571
8579
8579
8580
8568
8566
8572
8574
8564
8563
8560
8559
8552
8550
8556
8561
8578
8579
8576
8579
8575
8570
8583
8593
8601
8585
8576
8474
8445
8430
8422
8425
8432
8414
8420
8442
8441
8441
8442
8446
8444
8422
8417
8437
8458
8466
8474
8468
8459
8463
8463
8467
8453
8464
8438
8458
8468
8474
8462
8463
8460
8469
8441
8449
8464
8467
8456
8494
8483
8475
8496
8481
8402
8401
8390
8390
8394
8390
8413
8415
8414
8396
8400
8388
8378
8383
8375
8364
8362
8361
8353
8343
8356
8392
8395
8400
8412
8426
8435
8428
8435
8420
8448
8456
8444
8442
8443
8451
8437
8434
8435
8405
8411
8424
8419
8403
8404
8423
8422
8423
8426
8421
8394
8377
8384
8384
8408
8410
8391
8383
8389
8436
8451
8433
8448
8443
8442
8464
8464
8459
8462
8450
8440
8434
8449
8452
8452
8450
8444
8433
8426
8432
8462
8444
8453
8485
8477
8494
8490
8511
8517
8487
8478
8486
8466
8455
8467
8465
8454
8465
8440
8500
8525
8525
8510
8509
8493
8508
8519
8540
8501
8484
8465
8462
8473
8485
8494
8454
8424
8443
8450
8461
8419
8422
8404
8402
8388
8388
8403
8401
8399
8400
8373
8356
8361
8367
8364
8365
8354
8406
8437
8458
8484
8461
8469
8462
8463
8463
8482
8480
8485
8472
8512
8463
8454
8445
8443
8464
8443
8451
8433
8410
8357
8366
8365
8373
8353
8350
8350
8340
8339
8352
8355
8355
8351
8352
8378
8360
8388
8398
8366
8355
8363
8330
8314
8301
8332
8344
8349
8290
8339
8356
8338
8371
8372
8373
8376
8397
8377
8372
8350
8339
8352
8382
8394
8370
8416
8479
8520
8506
8497
8500
8520
8511
8486
8526
8522
8532
8526
8549
8575
8580
8580
8571
8572
8564
8567
8582
8599
8613
8601
8590
8599
8585
8603
8607
8604
8626
8639
8622
8645
8632
8622
8600
8581
8582
8575
8580
8578
8590
8599
8591
8549
8527
8531
8508
8517
8522
8542
8532
8543
8549
8579
8545
8548
8536
8549
8563
8525
8506
8484
8516
8506
8489
8530
8442
8289
8280
8269
8280
8269
8264
8264
8260
8254
8275
8271
8278
8266
8268
8282
8302
8302
8307
8295
8296
8300
8310
8298
8297
8305
8312
8312
8317
8309
8311
8314
8332
8320
8329
8322
8325
8318
8292
8299
8312
8322
8326
8310
8326
8319
8313
8280
8257
8280
8223
8237
8241
8253
8255
8278
8288
8276
8311
8334
8303
8314
8327
8354
8365
8355
8350
8337
8331
8343
8319
8301
8340
8338
8381
8388
8380
8390
8386
8391
8405
8405
8408
8398
8393
8410
8428
8429
8437
8418
8434
8437
8422
8416
8393
8393
8403
8407
8406
8385
8389
8428
8430
8432
8432
8442
8430
8446
8435
8452
8438
8437
8424
8450
8438
8425
8422
8440
8443
8443
8453
8451
8440
8441
8465
8460
8468
8426
8460
8457
8449
8449
8454
8460
8453
8433
8441
8445
8413
8432
8426
8448
8462
8441
8447
8427
8424
8435
8454
8446
8450
8467
8458
8445
8452
8450
8407
8413
8398
8385
8410
8416
8397
8407
8430
8431
8432
8439
8420
8421
8420
8445
8440
8466
8424
8420
8428
8423
8413
8426
8439
8425
8452
8434
8437
8451
8431
8410
8400
8393
8387
8405
8360
8410
8410
8410
8401
8408
8401
8413
8450
8450
8442
8436
8449
8414
8411
8582
8592
8591
8603
8607
8603
8601
8623
8624
8626
8596
8619
8620
8653
8643
8647
8659
8644
8654
8648
8668
8684
8631
8613
8614
8614
8617
8610
8620
8615
8634
8627
8613
8603
8630
8600
8598
8580
8574
8560
8574
8619
8622
8615
8622
8633
8631
8622
8616
8641
8628
8629
8653
8668
8648
8653
8625
8607
8592
8603
8593
8589
8596
8603
8604
8612
8601
8598
8600
8583
8563
8552
8589
8601
8607
8620
8612
8602
8595
8587
8617
8619
8625
8643
8621
8606
8607
8583
8588
8562
8574
8539
8544
8538
8563
8565
8558
8529
8566
8580
8568
8568
8600
8555
8546
8539
8521
8531
8555
8562
8511
8547
8551
8565
8521
8621
8645
8681
8687
8711
8722
8717
8713
8710
8700
8692
8718
8720
8729
8728
8724
8752
8731
8734
8742
8764
8751
8745
8727
8733
8760
8755
8732
8725
8724
8721
8721
8707
8695
8709
8742
8746
8754
8757
8780
8770
8795
8786
8796
8818
8781
8766
8790
8765
8740
8703
8688
8750
8744
8745
8769
8813
8830
8814
8807
8879
8890
8865
8916
8972
8969
8971
8981
8995
8998
8974
8978
8977
9000
8983
8983
8974
8975
8962
8973
8962
8950
8950
8938
8938
8964
8965
8954
8933
8930
8929
8933
8930
8931
8940
8931
8913
8924
8925
8927
8923
8912
8921
8928
8927
8905
8910
8911
8939
8945
8945
8951
8947
8941
8932
8935
8932
8925
8927
8941
8929
8923
8940
8944
8940
8936
8938
8933
8940
8930
8928
8934
8917
8907
8899
8900
8888
8905
8882
8889
8891
8892
8908
8911
8912
8891
8903
8870
8994
9000
9020
9008
9032
9023
9026
9061
9083
9088
9080
9069
9069
9076
9082
9098
9094
9098
9101
9091
9083
9082
9060
9060
9077
9097
9092
9095
9099
9105
9117
9119
9107
9114
9100
9126
9116
9093
9098
9096
9088
9095
9088
9096
9104
9091
9080
9091
9112
9087
9082
9089
9074
9068
9066
9086
9096
9121
9124
9129
9124
9106
9109
9081
9116
9114
9120
9120
9121
9124
9125
9129
9134
9140
9131
9108
9121
9144
9113
9102
9100
9100
9091
9136
9155
9152
9173
9120
9163
9294
9347
9351
9353
9355
9365
9348
9351
9350
9362
9362
9356
9349
9350
9346
9341
9338
9329
9330
9336
9330
9336
9332
9332
9331
9337
9343
9313
9316
9318
9320
9340
9337
9338
9340
9330
9327
9330
9340
9338
9354
9341
9359
9359
9367
9350
9364
9355
9356
9359
9358
9370
9372
9372
9331
9348
9347
9339
9335
9335
9348
9335
9333
9333
9323
9322
9327
9319
9335
9331
9323
9330
9333
9330
9332
9340
9336
9334
9336
9335
9360
9358
9377
9380
9357
9354
9361
9359
9350
9333
9325
9320
9326
9320
9320
9325
9334
9336
9340
9346
9335
9342
9334
9348
9337
9334
9333
9322
9334
9335
9343
9349
9340
9345
9362
9356
9367
9350
9350
9350
9358
9356
9355
9350
9366
9381
9382
9360
9340
9326
9315
9320
9291
9291
9296
9294
9292
9294
9283
9267
9278
9255
9259
9279
9285
9297
9309
9298
9318
9305
9293
9307
9304
9302
9287
9291
9297
9320
9328
9335
9342
9335
9345
9340
9339
9337
9330
9330
9330
9317
9316
9328
9316
9325
9319
9334
9333
9332
9322
9316
9325
9327
9340
9325
9328
9332
9332
9325
9321
9323
9317
9325
9330
9320
9320
9323
9316
9311
9304
9290
9304
9312
9323
9302
9309
9309
9301
9302
9305
9317
9318
9313
9303
9311
9291
9288
9275
9287
9288
9308
9300
9301
9305
9305
9313
9312
9308
9316
9314
9331
9317
9331
9308
9310
9323
9335
9338
9337
9347
9335
9337
9311
9310
9306
9316
9307
9305
9295
9304
9301
9280
9280
9284
9290
9297
9312
9302
9316
9328
9330
9318
9314
9318
9310
9325
9325
9324
9325
9318
9318
9265
9257
9249
9249
9250
9242
9251
9245
9240
9250
9256
9234
9221
9220
9250
9244
9239
9240
9247
9250
9255
9262
9268
9270
9287
9278
9272
9277
9276
9286
9281
9286
9285
9288
9284
9275
9281
9286
9288
9284
9282
9284
9275
9265
9264
9257
9257
9264
9259
9269
9274
9279
9270
9270
9283
9285
9291
9304
9311
9322
9322
9326
9328
9329
9315
9325
9295
9295
9307
9326
9322
9326
9334
9333
9324
9348
9352
9339
9360
9303
9304
9303
9296
9292
9288
9291
9294
9290
9286
9279
9276
9273
9270
9279
9290
9286
9293
9295
9293
9304
9298
9274
9303
9303
9300
9268
9268
9268
9261
9261
9279
9276
9276
9275
9266
9263
9254
9252
9262
9265
9264
9267
9284
9273
9274
9274
9269
9269
9268
9252
9256
9273
9275
9275
9274
9278
9275
9287
9279
9313
9312
9265
9219
9218
9231
9219
9242
9230
9240
9212
9219
9188
9186
9189
9197
9169
9164
9149
9136
9140
9116
9115
9108
9110
9124
9100
9102
9098
9098
9102
9101
9107
9101
9100
9126
9132
9116
9110
9100
9119
9120
9125
9114
9103
9111
9115
9110
9110
9112
9102
9097
9089
9067
9061
9035
9038
9035
9065
9077
9070
9070
9079
9083
9081
9077
9076
9070
9073
9088
9085
9076
9073
9067
9064
9053
9058
9061
9046
9076
9072
9067
9069
9064
9035
9036
9040
9044
9039
9039
9044
9050
9033
9022
9013
9073
9076
9080
9066
9065
9051
9045
9045
9048
9043
9016
9031
9011
9009
8979
9012
9038
9025
9036
9033
9065
9064
9060
9048
9028
9044
9053
9038
9016
9049
9006
9030
9055
9076
9077
9076
9089
9104
9111
9156
9150
9157
9159
9154
9157
9157
9164
9156
9151
9151
9153
9147
9148
9143
9130
9130
9131
9135
9161
9162
9154
9149
9155
9181
9187
9186
9140
9142
9142
9150
9179
9168
9189
9243
9214
9235
9226
9227
9227
9218
9227
9230
9222
9215
9208
9198
9198
9243
9236
9218
9205
9214
9214
9214
9221
9199
9213
9204
9180
9188
9210
9226
9215
9216
9197
9201
9189
9178
9178
9168
9177
9185
9172
9157
9161
9166
9166
9175
9181
9215
9207
9196
9211
9191
9209
9220
9232
9232
9232
9212
9214
9237
9246
9246
9218
9217
9222
9210
9214
9220
9223
9216
9219
9215
9222
9207
9200
9205
9210
9221
9232
9222
9197
9213
9200
9202
9245
9188
9107
9106
9113
9115
9125
9127
9135
9137
9138
9144
9158
9159
9150
9139
9124
9125
9124
9121
9114
9105
9121
9130
9124
9145
9132
9141
9138
9144
9153
9157
9156
9175
9151
9164
9140
9140
9144
9113
9126
9137
9142
9130
9143
9142
9140
9141
9138
9129
9129
9123
9120
9141
9129
9128
9122
9114
9146
9150
9136
9143
9135
9128
9128
9122
9125
9118
9122
9116
9119
9119
9115
9124
9142
9133
9101
9114
9118
9131
9131
9149
9146
9152
9160
9143
9156
9131
9129
9115
9138
9129
9128
9122
9110
9106
9086
9101
9119
9111
9097
9086
9142
9165
9196
9200
9201
9217
9200
9186
9193
9209
9254
9271
9255
9256
9274
9288
9280
9295
9312
9312
9320
9298
9300
9284
9290
9271
9289
9285
9275
9272
9300
9297
9293
9309
9323
9321
9325
9343
9340
9370
9362
9361
9365
9370
9366
9357
9367
9357
9357
9367
9367
9363
9354
9366
9351
9345
9353
9345
9337
9327
9335
9329
9328
9325
9320
9338
9359
9349
9344
9348
9361
9328
9313
9324
9327
9331
9336
9331
9375
9370
9366
9367
9376
9405
9414
9416
9411
9413
9407
9401
9401
9396
9395
9412
9414
9408
9409
9414
9402
9410
9416
9423
9420
9430
9436
9405
9411
9405
9401
9379
9391
9431
9416
9439
9450
9439
9430
9435
9423
9438
9430
9425
9412
9402
9391
9388
9392
9405
9409
9426
9422
9420
9420
9420
9419
9416
9420
9410
9389
9376
9376
9377
9378
9372
9371
9360
9368
9369
9372
9374
9369
9390
9369
9364
9351
9355
9358
9335
9318
9310
9295
9291
9301
9308
9312
9324
9290
9277
9312
9328
9314
9306
9353
9365
9370
9366
9357
9351
9380
9395
9388
9387
9387
9382
9395
9402
9425
9429
9430
9434
9429
9426
9442
9443
9441
9424
9440
9403
9401
9407
9402
9397
9391
9410
9410
9404
9418
9420
9436
9425
9415
9417
9437
9396
9371
9364
9362
9372
9364
9366
9362
9357
9350
9363
9371
9370
9358
9348
9352
9366
9367
9390
9382
9367
9372
9370
9386
9384
9366
9368
9359
9363
9338
9346
9347
9353
9343
9342
9355
9352
9360
9385
9382
9382
9382
9365
9354
9357
9349
9347
9339
9339
9332
9326
9319
9345
9342
9321
9325
9326
9298
9303
9311
9304
9315
9302
9263
9214
9197
9217
9215
9228
9199
9266
9269
9284
9316
9321
9311
9310
9305
9295
9298
9299
9271
9270
9309
9309
9308
9321
9337
9337
9336
9332
9334
9324
9327
9324
9340
9361
9356
9349
9344
9335
9331
9330
9331
9325
9311
9296
9318
9310
9316
9317
9312
9318
9322
9320
9300
9274
9290
9291
9291
9292
9306
9296
9308
9303
9294
9306
9306
9311
9293
9271
9307
9307
9302
9282
9282
9261
9298
9300
9322
9322
9320
9315
9313
9310
9341
9345
9341
9359
9343
9388
9382
9379
9363
9389
9287
9285
9301
9301
9277
9257
9282
9327
9336
9328
9342
9321
9354
9360
9337
9343
9356
9358
9376
9361
9356
9357
9358
9373
9366
9341
9342
9339
9316
9298
9298
9278
9300
9334
9328
9315
9322
9321
9330
9322
9321
9321
9334
9350
9347
9330
9350
9350
9340
9318
9320
9300
9278
9274
9279
9255
9230
9229
9230
9246
9235
9247
9261
9279
9275
9282
9273
9282
9282
9279
9287
9299
9290
9302
9300
9311
9298
9334
9322
9324
9328
9312
9317
9301
9274
9303
9311
9311
9303
9307
9296
9285
9292
9323
9320
9357
9329
9342
9373
9412
9405
9393
9504
9534
9546
9563
9573
9568
9596
9619
9622
9624
9626
9627
9614
9612
9615
9604
9577
9566
9571
9559
9550
9565
9570
9566
9558
9560
9566
9562
9609
9609
9610
9610
9583
9578
9575
9575
9565
9520
9517
9510
9511
9513
9507
9513
9511
9511
9519
9519
9505
9493
9494
9495
9514
9514
9540
9531
9535
9515
9502
9495
9485
9489
9494
9509
9512
9516
9525
9509
9506
9477
9482
9494
9497
9494
9498
9504
9513
9506
9519
9525
9526
9522
9547
9541
9540
9543
9527
9510
9516
9506
9509
9550
9560
9560
9558
9556
9556
9552
9552
9553
9552
9558
9570
9568
9568
9566
9576
9566
9553
9541
9541
9551
9544
9536
9534
9538
9544
9543
9523
9538
9534
9548
9538
9540
9541
9540
9500
9480
9483
9477
9462
9473
9485
9488
9498
9488
9489
9477
9472
9465
9457
9450
9464
9475
9479
9486
9495
9492
9513
9514
9507
9518
9514
9526
9550
9545
9538
9538
9529
9546
9573
9585
9539
9506
9509
9503
9496
9495
9502
9504
9499
9483
9479
9461
9457
9449
9440
9436
9385
9427
9435
9436
9426
9512
9522
9534
9525
9526
9531
9524
9520
9501
9485
9496
9499
9523
9544
9554
9566
9565
9571
9571
9560
9560
9550
9565
9576
9576
9572
9564
9533
9526
9508
9493
9529
9524
9520
9523
9510
9500
9486
9510
9486
9492
9557
9564
9570
9575
9561
9608
9632
9667
9659
9665
9660
9659
9660
9655
9646
9630
9624
9606
9635
9640
9637
9633
9650
9659
9646
9630
9646
9612
9677
9689
9659
9729
9733
9754
9740
9733
9767
9769
9767
9761
9748
9729
9731
9790
9797
9786
9804
9810
9809
9854
9847
9851
9846
9848
9841
9836
9847
9845
9855
9862
9852
9871
9848
9842
9840
9842
9844
9845
9856
9854
9859
9855
9854
9854
9837
9844
9834
9834
9819
9812
9820
9817
9833
9859
9866
9858
9877
9888
9888
9884
9888
9860
9860
9859
9860
9871
9880
9865
9880
9886
9868
9875
9883
9883
9889
9885
9886
9914
9898
9897
9881
9880
9888
9873
9891
9902
9878
9846
9819
9815
9805
9805
9820
9823
9812
9806
9822
9797
9802
9804
9802
9791
9806
9797
9788
9810
9827
9829
9817
9846
9818
9801
9814
9808
9805
9800
9809
9800
9800
9815
9811
9809
9811
9799
9795
9774
9766
9769
9757
9759
9749
9736
9737
9737
9757
9758
9758
9752
9744
9740
9738
9738
9725
9758
9748
9745
9701
9702
9703
9703
9728
9725
9743
9744
9752
9760
9800
9823
9824
9827
9827
9832
9844
9839
9838
9833
9844
9847
9839
9847
9847
9844
9853
9826
9834
9835
9843
9835
9835
9836
9838
9833
9833
9812
9827
9820
9844
9838
9807
9814
9812
9806
9819
9847
9852
9891
9895
9899
9901
9884
9889
9894
9894
9893
9898
9889
9884
9876
9885
9892
9898
9899
9900
9886
9890
9892
9881
9866
9846
9845
9874
9901
9905
9907
9909
9885
9880
9907
9911
9919
9917
9924
9923
9919
9919
9912
9919
9918
9913
9917
9913
9921
9930
9925
9919
9908
9913
9911
9909
9883
9900
9909
9932
9928
9936
9930
9924
9911
9925
9921
9922
9911
9906
9897
9898
9902
9926
9931
9921
9903
9907
9896
9873
9872
9864
9862
9874
9870
9868
9869
9881
9876
9868
9850
9858
9835
9903
9928
9931
9926
9912
9894
9885
9879
9901
9851
9824
9819
9834
9828
9834
9829
9844
9845
9832
9824
9841
9848
9824
9820
9832
9812
9808
9811
9825
9825
9825
9831
9823
9840
9822
9797
9788
9783
9784
9779
9784
9783
9775
9775
9787
9788
9784
9787
9779
9790
9786
9795
9795
9796
9776
9764
9771
9766
9768
9760
9761
9771
9776
9774
9775
9778
9782
9791
9777
9808
9809
9803
9795
9789
9793
9799
9791
9791
9808
9797
9811
9811
9802
9823
9804
9794
9814
9813
9857
9850
9850
9851
9838
9831
9835
9835
9837
9832
9838
9836
9838
9820
9824
9827
9833
9820
9823
9804
9817
9824
9818
9814
9813
9805
9790
9822
9827
9817
9804
9802
9794
9803
9835
9827
9829
9829
9855
9841
9753
9748
9746
9744
9752
9738
9731
9721
9737
9715
9721
9735
9756
9755
9744
9757
9740
9719
9736
9738
9717
9705
9693
9698
9703
9700
9721
9708
9674
9674
9689
9695
9697
9698
9702
9709
9689
9706
9715
9716
9710
9722
9733
9727
9714
9726
9718
9724
9716
9708
9688
9692
9693
9702
9692
9711
9736
9750
9730
9717
9725
9693
9692
9692
9714
9728
9728
9728
9727
9727
9713
9713
9705
9700
9700
9692
9680
9685
9655
9636
9642
9638
9635
9644
9652
9659
9653
9668
9669
9683
9690
9665
9645
9649
9650
9650
9641
9643
9637
9629
9631
9631
9625
9630
9630
9637
9632
9635
9634
9624
9627
9631
9620
9636
9641
9642
9640
9640
9646
9646
9658
9659
9650
9660
9659
9650
9662
9662
9633
9647
9667
9675
9666
9637
9633
9641
9639
9616
9621
9617
9624
9614
9599
9595
9590
9610
9589
9596
9601
9596
9636
9674
9670
9677
9691
9690
9684
9677
9691
9680
9677
9679
9677
9651
9662
9662
9659
9639
9642
9630
9639
9660
9651
9634
9642
9647
9670
9687
9699
9682
9685
9679
9689
9686
9694
9685
9662
9668
9700
9721
9714
9730
9728
9743
9733
9717
9726
9729
9714
9672
9664
9671
9670
9668
9672
9672
9659
9649
9657
9661
9662
9670
9663
9678
9707
9706
9700
9705
9708
9711
9697
9700
9708
9697
9689
9683
9696
9708
9718
9715
9725
9704
9689
9666
9675
9665
9673
9646
9709
9720
9743
9771
9755
9756
9765
9761
9743
9741
9735
9745
9756
9737
9720
9680
9658
9665
9674
9676
9666
9670
9675
9667
9640
9635
9634
9652
9663
9677
9678
9672
9608
9606
9606
9606
9617
9590
9596
9615
9610
9600
9600
9606
9596
9607
9620
9618
9607
9625
9628
9619
9619
9627
9632
9630
9620
9610
9611
9620
9612
9615
9612
9605
9608
9610
9595
9581
9575
9578
9550
9605
9620
9627
9628
9627
9627
9615
9620
9605
9602
9595
9604
9650
9635
9616
9615
9609
9600
9612
9613
9622
9616
9584
9584
9579
9593
9625
9615
9596
9600
9610
9600
9589
9621
9606
9569
9740
9746
9747
9747
9750
9790
9777
9740
9740
9767
9778
9776
9707
9670
9642
9638
9635
9644
9640
9648
9638
9645
9645
9649
9652
9646
9655
9649
9645
9663
9652
9655
9664
9655
9658
9665
9655
9663
9630
9630
9623
9630
9631
9632
9616
9622
9611
9620
9629
9654
9650
9651
9655
9654
9597
9605
9630
9630
9630
9629
9630
9656
9669
9701
9680
9682
9695
9670
9690
9660
9662
9653
9654
9645
9653
9650
9653
9653
9625
9662
9669
9695
9711
9712
9705
9699
9650
9602
9599
9610
9575
9574
9583
9600
9600
9571
9578
9560
9558
9580
9585
9482
9460
9426
9424
9415
9429
9419
9421
9420
9437
9447
9449
9449
9415
9416
9396
9403
9399
9395
9405
9414
9408
9413
9412
9413
9400
9437
9431
9422
9424
9421
9414
9425
9425
9426
9410
9413
9423
9418
9427
9441
9436
9441
9443
9434
9430
9373
9355
9351
9354
9357
9324
9324
9314
9328
9330
9325
9320
9318
9329
9288
9278
9247
9262
9235
9235
9251
9233
9202
9198
9190
9196
9179
9188
9181
9201
9208
9216
9215
9220
9220
9217
9205
9218
9211
9214
9222
9190
9174
9184
9203
9203
9206
9186
9204
9205
9215
9212
9209
9204
9204
9215
9224
9226
9225
9215
9215
9218
9220
9198
9198
9205
9204
9211
9212
9216
9217
9220
9211
9243
9231
9246
9244
9243
9242
9235
9230
9228
9229
9217
9214
9207
9213
9203
9202
9210
9220
9210
9214
9220
9214
9199
9202
9202
9205
9200
9172
9175
9183
9202
9181
9238
9254
9245
9273
9262
9257
9270
9260
9266
9270
9271
9271
9248
9266
9270
9262
9248
9248
9240
9248
9236
9250
9239
9234
9228
9236
9226
9217
9216
9240
9245
9241
9254
9250
9238
9237
9231
9222
9225
9235
9230
9231
9227
9232
9227
9215
9215
9206
9210
9205
9208
9205
9199
9202
9227
9227
9238
9231
9232
9227
9212
9208
9193
9198
9188
9188
9192
9202
9205
9211
9191
9200
9209
9211
9202
9224
9235
9225
9213
9217
9217
9214
9220
9205
9204
9214
9241
9235
9224
9235
9233
9236
9233
9239
9240
9257
9246
9225
9235
9240
9235
9216
9205
9207
9224
9240
9250
9250
9240
9242
9240
9203
9199
9188
9190
9215
9200
9166
9166
9165
9115
9115
9100
9111
9113
9104
9106
9104
9100
9077
9070
9061
9053
9063
9083
9101
9103
9111
9119
9120
9118
9114
9108
9110
9105
9116
9115
9115
9122
9106
9107
9098
9100
9098
9104
9114
9118
9101
9112
9114
9107
9117
9115
9115
9115
9112
9107
9113
9126
9125
9121
9130
9139
9135
9129
9135
9130
9135
9130
