4747
4741
4739
4733
4729
4725
4730
4721
4730
4733
4733
4730
4730
4729
4729
4730
4729
4717
4700
4705
4700
4700
4705
4694
4686
4693
4682
4684
4692
4710
4716
4714
4717
4710
4710
4710
4719
4722
4721
4701
4699
4699
4697
4690
4691
4720
4718
4725
4741
4740
4730
4727
4725
4725
4734
4740
4740
4739
4735
4741
4753
4752
4752
4753
4742
4750
4750
4750
4750
4745
4748
4748
4742
4742
4752
4759
4759
4757
4761
4758
4753
4758
4758
4758
4766
4760
4753
4754
4754
4754
4754
4755
4771
4774
4771
4765
4772
4770
4772
4767
4774
4774
4767
4763
4762
4757
4763
4764
4756
4759
4750
4745
4741
4742
4742
4741
4742
4742
4740
4740
4734
4734
4737
4737
4738
4732
4726
4717
4727
4730
4729
4730
4733
4736
4733
4739
4740
4741
4741
4740
4737
4741
4740
4734
4734
4730
4730
4729
4738
4739
4739
4740
4740
4740
4740
4740
4736
4738
4738
4740
4738
4740
4740
4735
4734
4741
4738
4738
4735
4730
4724
4725
4717
4724
4721
4727
4724
4722
4735
4728
4720
4740
4731
4763
4755
4752
4750
4750
4740
4740
4740
4740
4740
4737
4737
4730
4738
4736
4740
4729
4722
4728
4734
4728
4731
4730
4734
4732
4722
4730
4725
4720
4730
4732
4732
4728
4732
4732
4731
4733
4733
4734
4732
4740
4740
4735
4730
4735
4734
4730
4718
4719
4704
4704
4704
4700
4700
4701
4714
4711
4711
4698
4691
4691
4680
4725
4725
4730
4718
4724
4713
4728
4728
4725
4726
4733
4725
4728
4722
4725
4719
4717
4701
4699
4700
4692
4700
4697
4698
4689
4698
4698
4694
4688
4684
4672
4679
4680
4684
4683
4681
4682
4675
4687
4685
4687
4687
4686
4687
4687
4685
4674
4670
4656
4665
4660
4657
4648
4648
4648
4641
4647
4650
4635
4620
4620
4620
4620
4620
4610
4610
4601
4601
4601
4596
4600
4601
4602
4606
4608
4601
4609
4602
4616
4612
4606
4613
4607
4617
4612
4613
4616
4617
4616
4618
4608
4631
4633
4620
4622
4624
4624
4622
4614
4617
4616
4616
4610
4602
4604
4599
4595
4590
4590
4603
4590
4600
4617
4612
4615
4624
4628
4624
4624
4624
4621
4619
4620
4615
4617
4618
4614
4613
4615
4605
4607
4607
4601
4606
4615
4615
4616
4615
4620
4616
4618
4619
4624
4619
4615
4605
4607
4616
4624
4624
4624
4624
4621
4620
4619
4619
4619
4618
4618
4618
4613
4613
4613
4617
4617
4610
4611
4601
4606
4607
4604
4597
4597
4597
4607
4607
4610
4597
4607
4610
4610
4612
4607
4606
4599
4603
4601
4600
4600
4598
4598
4588
4589
4596
4592
4590
4587
4590
4581
4573
4587
4578
4586
4588
4582
4587
4582
4578
4587
4584
4583
4587
4585
4583
4580
4580
4577
4578
4577
4577
4568
4573
4572
4572
4567
4564
4575
4575
4578
4568
4575
4570
4568
4570
4570
4570
4570
4568
4566
4564
4565
4563
4558
4573
4568
4572
4577
4577
4577
4573
4573
4563
4567
4565
4560
4559
4552
4553
4550
4552
4550
4537
4546
4544
4544
4560
4566
4560
4552
4557
4567
4564
4556
4565
4565
4569
4567
4573
4567
4574
4577
4577
4577
4579
4579
4580
4580
4576
4585
4585
4585
4585
4586
4586
4580
4587
4583
4584
4584
4577
4578
4578
4580
4580
4578
4575
4583
4583
4583
4578
4584
4577
4584
4577
4576
4578
4576
4583
4584
4577
4584
4579
4576
4578
4575
4573
4573
4567
4572
4567
4560
4555
4555
4548
4548
4548
4554
4545
4550
4550
4555
4547
4554
4554
4546
4554
4544
4550
4556
4557
4562
4563
4565
4572
4565
4560
4566
4567
4565
4558
4565
4563
4563
4559
4564
4561
4565
4563
4557
4555
4555
4550
4538
4538
4532
4531
4528
4524
4526
4525
4535
4533
4545
4533
4549
4555
4555
4550
4515
4526
4525
4533
4500
4500
4500
4499
4503
4513
4514
4510
4510
4523
4509
4516
4528
4534
4539
4550
4558
4544
4555
4550
4582
4580
4585
4580
4587
4585
4584
4579
4580
4593
4590
4582
4579
4570
4573
4578
4575
4595
4595
4591
4599
4609
4610
4613
4614
4619
4612
4620
4624
4624
4620
4620
4624
4624
4618
4619
4619
4619
4621
4624
4630
4630
4630
4622
4617
4619
4613
4613
4610
4605
4605
4613
4602
4609
4603
4614
4610
4629
4620
4623
4623
4634
4634
4623
4625
4617
4615
4614
4614
4615
4607
4607
4602
4598
4605
4604
4602
4601
4596
4599
4600
4608
4602
4606
4609
4600
4603
4606
4606
4606
4619
4610
4599
4601
4599
4599
4599
4605
4608
4611
4610
4612
4619
4614
4621
4620
4618
4615
4626
4627
4608
4628
4624
4625
4625
4622
4607
4609
4608
4610
4605
4597
4597
4588
4588
4594
4589
4584
4580
4577
4586
4579
4575
4573
4579
4586
4595
4598
4608
4605
4605
4600
4599
4588
4596
4590
4589
4593
4591
4590
4590
4582
4582
4583
4583
4586
4591
4592
4586
4595
4592
4590
4599
4615
4620
4623
4623
4613
4613
4631
4624
4620
4625
4617
4593
4593
4581
4582
4599
4600
4606
4605
4605
4605
4600
4600
4605
4594
4592
4581
4586
4586
4583
4584
4576
4575
4575
4578
4583
4581
4574
4575
4568
4570
4570
4569
4569
4565
4565
4560
4562
4563
4569
4563
4570
4579
4587
4585
4586
4579
4579
4570
4578
4560
4560
4559
4553
4556
4556
4550
4549
4549
4536
4541
4549
4550
4550
4545
4540
4540
4552
4558
4559
4559
4559
4558
4564
4559
4570
4573
4584
4589
4578
4587
4590
4599
4600
4594
4580
4610
4606
4606
4560
4569
4552
4556
4574
4575
4568
4577
4589
4583
4590
4590
4600
4601
4568
4539
4603
4555
4470
4444
4431
4439
4423
4443
4451
4438
4444
4431
4425
4413
4410
4412
4400
4397
4384
4365
4371
4373
4371
4387
4387
4387
4378
4380
4379
4380
4400
4385
4389
4389
4369
4367
4361
4364
4364
4364
4364
4364
4363
4360
4355
4359
4353
4353
4348
4348
4350
4357
4357
4359
4359
4357
4355
4355
4359
4361
4364
4362
4359
4364
4364
4364
4364
4364
4364
4364
4364
4364
4362
4362
4362
4361
4361
4355
4361
4357
4352
4349
4341
4338
4339
4346
4347
4353
4364
4364
4364
4364
4364
4361
4363
4364
4364
4364
4364
4364
4359
4360
4364
4364
4364
4364
4364
4370
4370
4366
4370
4374
4380
4374
4380
4380
4373
4380
4385
4385
4385
4385
4383
4385
4381
4392
4392
4392
4393
4394
4384
4385
4382
4384
4384
4384
4378
4378
4378
4385
4385
4382
4393
4393
4386
4392
4400
4392
4390
4389
4386
4379
4378
4376
4377
4373
4373
4364
4366
4364
4356
4363
4365
4363
4357
4356
4362
4370
4372
4367
4373
4368
4373
4368
4373
4376
4376
4376
4377
4368
4377
4379
4366
4370
4362
4362
4360
4368
4366
4366
4368
4368
4373
4370
4367
4375
4370
4375
4381
4373
4383
4380
4380
4380
4384
4379
4373
4378
4368
4375
4375
4375
4375
4370
4372
4380
4375
4375
4365
4372
4370
4366
4366
4368
4369
4375
4371
4381
4375
4375
4372
4374
4374
4384
4385
4383
4382
4373
4363
4356
4356
4352
4350
4350
4349
4348
4338
4348
4340
4335
4333
4335
4335
4339
4331
4330
4331
4333
4334
4330
4343
4344
4340
4340
4340
4340
4340
4340
4338
4340
4340
4340
4333
4333
4340
4338
4342
4335
4335
4333
4325
4335
4334
4335
4335
4336
4339
4332
4340
4333
4346
4344
4336
4334
4325
4330
4330
4316
4332
4322
4320
4320
4316
4320
4300
4298
4300
4300
4293
4290
4281
4291
4291
4299
4305
4308
4312
4313
4310
4309
4302
4313
4314
4314
4314
4314
4314
4313
4313
4306
4313
4313
4310
4318
4318
4318
4315
4315
4310
4310
4310
4310
4305
4300
4311
4296
4305
4308
4310
4310
4316
4325
4319
4318
4318
4319
4319
4319
4319
4319
4319
4312
4312
4319
4318
4318
4318
4312
4318
4315
4317
4318
4322
4323
4320
4323
4295
4299
4277
4290
4291
4294
4281
4295
4285
4295
4295
4299
4300
4300
4289
4292
4291
4270
4270
4268
4270
4262
4273
4272
4275
4278
4283
4272
4274
4274
4273
4278
4285
4283
4270
4270
4261
4270
4270
4266
4266
4249
4236
4238
4247
4247
4249
4249
4241
4249
4236
4236
4249
4239
4246
4244
4237
4228
4228
4222
4228
4215
4215
4216
4215
4215
4209
4227
4217
4213
4211
4227
4231
4231
4246
4241
4228
4244
4228
4216
4210
4211
4222
4228
4204
4195
4178
4170
4221
4216
4238
4241
4264
4267
4271
4272
4286
4289
4285
4290
4285
4285
4290
4290
4290
4290
4290
4302
4310
4302
4302
4309
4301
4305
4309
4309
4305
4309
4311
4311
4307
4306
4308
4309
4310
4312
4309
4308
4306
4308
4306
4293
4297
4301
4299
4310
4300
4301
4297
4299
4307
4315
4309
4310
4312
4319
4305
4318
4310
4318
4333
4332
4332
4335
4333
4340
4331
4330
4340
4331
4343
4343
4343
4340
4340
4340
4339
4341
4331
4342
4342
4342
4333
4332
4332
4335
4335
4335
4343
4334
4334
4342
4352
4353
4350
4347
4347
4346
4345
4350
4355
4364
4359
4358
4355
4357
4364
4356
4365
4360
4355
4355
4355
4350
4350
4349
4348
4343
4347
4342
4341
4340
4354
4344
4345
4345
4345
4345
4345
4345
4342
4343
4343
4345
4349
4351
4358
4351
4351
4346
4346
4346
4347
4347
4347
4341
4346
4346
4346
4345
4339
4346
4340
4346
4337
4343
4355
4340
4350
4346
4346
4349
4355
4351
4345
4354
4348
4349
4349
4336
4344
4344
4344
4340
4340
4343
4332
4329
4335
4330
4330
4330
4326
4332
4328
4328
4328
4328
4316
4316
4326
4327
4323
4323
4319
4318
4318
4317
4317
4321
4323
4332
4340
4329
4340
4327
4329
4335
4342
4341
4333
4334
4348
4349
4344
4344
4344
4339
4339
4330
4312
4319
4319
4319
4310
4316
4321
4310
4311
4322
4320
4310
4320
4320
4310
4319
4318
4319
4321
4320
4318
4318
4318
4333
4332
4330
4330
4318
4318
4317
4323
4329
4330
4328
4333
4344
4345
4348
4340
4333
4340
4338
4345
4336
4344
4344
4353
4344
4345
4355
4359
4353
4359
4350
4350
4350
4350
4356
4358
4360
4356
4346
4346
4354
4354
4344
4338
4333
4333
4333
4329
4333
4330
4319
4330
4326
4322
4327
4311
4324
4340
4332
4342
4342
4334
4343
4343
4344
4344
4344
4337
4331
4339
4340
4341
4334
4352
4346
4330
4330
4333
4354
4345
4344
4350
4350
4359
4350
4349
4356
4360
4360
4360
4365
4372
4375
4376
4380
4381
4377
4384
4382
4380
4382
4382
4382
4382
4382
4384
4385
4381
4386
4385
4387
4377
4362
4362
4358
4360
4349
4344
4340
4339
4339
4328
4328
4339
4332
4337
4331
4340
4333
4331
4334
4333
4333
4331
4328
4333
4328
4328
4325
4331
4331
4343
4344
4336
4326
4333
4333
4339
4329
4340
4338
4340
4332
4332
4320
4320
4320
4323
4321
4328
4329
4326
4336
4335
4340
4340
4336
4337
4335
4340
4340
4336
4344
4336
4344
4344
4344
4340
4344
4344
4344
4340
4340
4332
4332
4332
4332
4327
4332
4332
4331
4332
4332
4331
4332
4333
4333
4348
4343
4345
4342
4349
4350
4342
4341
4341
4334
4329
4320
4315
4315
4315
4312
4300
4301
4301
4301
4301
4300
4288
4288
4288
4281
4281
4280
4281
4275
4274
4281
4273
4281
4281
4280
4293
4296
4296
4296
4300
4290
4290
4290
4288
4293
4290
4297
4292
4292
4298
4298
4288
4293
4293
4293
4290
4290
4290
4299
4300
4295
4287
4286
4286
4280
4277
4278
4278
4283
4286
4283
4281
4281
4281
4276
4282
4284
4287
4277
4278
4269
4279
4280
4279
4273
4290
4280
4276
4276
4275
4275
4272
4277
4265
4273
4261
4260
4265
4270
4276
4269
4261
4261
4255
4278
4279
4276
4282
4292
4301
4298
4295
4307
4307
4296
4307
4309
4300
4305
4307
4305
4307
4305
4301
4310
4310
4306
4312
4304
4305
4305
4307
4307
4307
4302
4302
4305
4307
4305
4305
4308
4300
4300
4303
4297
4303
4293
4300
4300
4304
4309
4295
4294
4302
4300
4300
4325
4320
4327
4327
4333
4325
4327
4328
4330
4335
4335
4333
4333
4326
4330
4335
4336
4331
4343
4337
4337
4337
4337
4336
4333
4317
4320
4312
4305
4310
4313
4315
4313
4310
4310
4318
4314
4320
4315
4313
4308
4304
4308
4320
4315
4320
4311
4319
4319
4305
4295
4277
4292
4280
4284
4298
4298
4295
4298
4302
4310
4315
4317
4317
4312
4317
4317
4320
4313
4313
4313
4312
4304
4310
4310
4310
4307
4305
4291
4291
4283
4287
4287
4272
4256
4287
4286
4293
4291
4299
4304
4307
4317
4320
4320
4301
4319
4310
4310
4295
4300
4299
4315
4312
4320
4314
4313
4314
4310
4310
4333
4329
4326
4321
4359
4353
4353
4355
4352
4354
4361
4368
4369
4369
4368
4350
4364
4370
4370
4356
4350
4348
4336
4342
4344
4330
4339
4340
4340
4356
4358
4352
4357
4362
4369
4369
4357
4357
4356
4350
4339
4339
4333
4316
4340
4355
4356
4356
4354
4347
4344
4344
4344
4347
4352
4340
4336
4341
4341
4335
4329
4331
4324
4317
4327
4307
4307
4299
4310
4295
4328
4322
4343
4343
4282
4285
4279
4340
4345
4350
4344
4349
4432
4432
4430
4432
4432
4427
4427
4432
4432
4435
4435
4432
4425
4432
4421
4418
4421
4418
4418
4423
4424
4421
4418
4428
4425
4417
4420
4406
4417
4421
4421
4415
4418
4418
4419
4419
4416
4402
4428
4432
4450
4441
4448
4445
4440
4443
4443
4432
4430
4430
4420
4430
4430
4425
4420
4414
4410
4419
4418
4409
4400
4360
4360
4370
4369
4360
4370
4366
4366
4365
4365
4355
4354
4359
4355
4355
4351
4354
4354
4353
4353
4354
4352
4351
4350
4342
4350
4350
4339
4345
4345
4340
4343
4343
4336
4345
4344
4339
4339
4348
4345
4345
4345
4340
4335
4333
4354
4354
4354
4343
4339
4340
4336
4340
4340
4353
4354
4348
4356
4356
4356
4370
4367
4367
4367
4362
4356
4367
4359
4369
4365
4364
4373
4371
4373
4370
4369
4365
4369
4350
4352
4350
4350
4350
4348
4339
4329
4325
4338
4342
4343
4337
4337
4341
4350
4349
4349
4342
4342
4345
4348
4348
4336
4326
4334
4331
4327
4330
4330
4325
4312
4326
4309
4309
4306
4307
4300
4306
4320
4317
4315
4320
4305
4300
4310
4310
4309
4322
4323
4330
4322
4322
4325
4320
4315
4313
4322
4324
4339
4345
4347
4336
4335
4339
4334
4334
4329
4324
4324
4323
4316
4308
4301
4333
4334
4325
4313
4337
4333
4330
4351
4351
4351
4350
4339
4338
4345
4341
4339
4339
4335
4337
4337
4341
4341
4335
4340
4350
4357
4360
4346
4368
4350
4350
4347
4328
4346
4334
4334
4334
4330
4323
4303
4303
4322
4315
4313
4310
4313
4318
4330
4319
4333
4337
4325
4311
4325
4312
4300
4296
4296
4296
4285
4285
4272
4270
4265
4230
4228
4234
4231
4226
4220
4227
4223
4222
4209
4203
4222
4222
4217
4227
4230
4228
4222
4230
4226
4227
4227
4226
4230
4228
4228
4224
4219
4219
4225
4223
4225
4225
4224
4224
4217
4209
4225
4220
4218
4212
4212
4212
4212
4208
4194
4193
4189
4189
4186
4191
4193
4190
4200
4200
4200
4194
4200
4199
4192
4210
4212
4207
4225
4229
4222
4231
4233
4234
4225
4236
4225
4237
4232
4222
4232
4230
4222
4232
4230
4227
4239
4214
4214
4208
4220
4228
4221
4221
4232
4229
4227
4230
4228
4206
4199
4200
4199
4195
4186
4186
4186
4170
4170
4167
4160
4165
4170
4170
4165
4159
4137
4141
4150
4152
4160
4160
4160
4163
4169
4170
4170
4171
4167
4173
4164
4154
4165
4163
4171
4175
4165
4166
4172
4172
4171
4160
4159
4154
4151
4160
4163
4161
4165
4162
4160
4153
4161
4171
4162
4159
4161
4166
4157
4157
4170
4165
4173
4186
4182
4181
4182
4177
4177
4179
4174
4180
4179
4171
4163
4157
4164
4164
4154
4150
4160
4163
4161
4159
4159
4160
4138
4130
4140
4140
4139
4134
4131
4131
4131
4131
4130
4131
4126
4140
4140
4133
4130
4140
4139
4121
4122
4124
4130
4130
4124
4123
4123
4118
4118
4102
4090
4105
4107
4097
4100
4100
4093
4099
4100
4125
4122
4111
4094
4109
4105
4109
4110
4111
4132
4127
4128
4142
4146
4160
4160
4143
4135
4145
4142
4146
4163
4165
4151
4158
4146
4157
4152
4144
4144
4130
4130
4126
4130
4130
4121
4114
4115
4115
4104
4110
4117
4119
4126
4133
4139
4136
4137
4141
4124
4119
4121
4131
4132
4132
4128
4125
4139
4139
4133
4130
4139
4123
4111
4102
4111
4108
4122
4120
4109
4101
4084
4103
4102
4099
4080
4101
4071
4080
4076
4063
4063
4063
4068
4080
4076
4085
4091
4092
4094
4108
4096
4106
4113
4103
4113
4112
4107
4106
4085
4102
4105
4113
4112
4120
4120
4117
4081
4065
4073
4070
4080
4101
4086
4100
4098
4103
4098
4068
4100
4104
4125
4133
4136
4131
4128
4120
4142
4132
4153
4145
4163
4157
4154
4154
4158
4155
4159
4165
4154
4161
4148
4161
4165
4165
4149
4166
4145
4160
4148
4161
4158
4160
4191
4198
4178
4207
4209
4202
4202
4187
4204
4227
4234
4230
4228
4217
4225
4214
4220
4215
4220
4214
4210
4210
4210
4207
4207
4200
4200
4200
4195
4189
4188
4183
4185
4185
4169
4183
4169
4170
4171
4176
4176
4186
4180
4170
4181
4181
4191
4191
4191
4191
4195
4190
4191
4190
4182
4197
4193
4180
4198
4199
4199
4178
4175
4187
4180
4175
4183
4172
4196
4199
4210
4194
4209
4196
4194
4210
4200
4210
4218
4220
4249
4237
4249
4229
4228
4227
4231
4232
4220
4217
4207
4207
4212
4212
4225
4207
4214
4214
4216
4215
4229
4215
4215
4223
4228
4226
4228
4235
4232
4241
4242
4238
4210
4213
4220
4220
4220
4234
4233
4233
4209
4190
4207
4160
4130
4130
4125
4126
4120
4119
4103
4103
4103
4103
4098
4100
4100
4095
4097
4097
4097
4100
4110
4093
4107
4098
4095
4095
4095
4088
4079
4089
4099
4102
4091
4102
4103
4104
4103
4103
4104
4105
4102
4103
4101
4099
4103
4103
4100
4100
4100
4098
4077
4078
4066
4067
4069
4075
4057
4064
4065
4067
4075
4075
4084
4093
4089
4090
4095
4095
4095
4081
4091
4089
4089
4095
4095
4102
4085
4106
4089
4113
4109
4114
4115
4115
4078
4089
4070
4064
4075
4074
4109
4115
4130
4130
4120
4140
4123
4124
4122
4117
4115
4115
4093
4105
4103
4105
4093
4082
4078
4075
4070
4077
4073
4070
4070
4070
4064
4069
4069
4079
4062
4073
4068
4093
4093
4082
4075
4075
4062
4030
4024
4025
4027
4034
4049
4055
4065
4053
4062
4074
4085
4100
4102
4109
4094
4101
4091
4099
4099
4091
4095
4068
4068
4075
4070
4069
4050
4088
4105
4090
4070
4075
4080
4090
4095
4094
4094
4132
4102
4105
4090
4106
4115
4114
4093
4098
4095
4118
4134
4108
4102
4134
4087
4080
4046
4037
4018
4008
4010
3997
4010
3991
3990
3990
4013
3980
3960
3962
3962
3962
3962
3959
3941
3949
3949
3949
3940
3927
3930
3913
3915
3915
3905
3905
3906
3910
3912
3900
3915
3909
3914
3914
3923
3911
3922
3918
3920
3880
3876
3880
3885
3902
3904
3904
3904
3913
3920
3916
3919
3920
3925
3925
3920
3917
3920
3923
3935
3931
3959
3956
3957
3951
3959
3954
3960
3960
3957
3946
3934
3898
3899
3896
3893
3894
3882
3887
3887
3892
3890
3895
3890
3898
3890
3896
3887
3888
3894
3896
3890
3883
3878
3869
3870
3873
3872
3869
3881
3900
3903
3897
3897
3891
3896
3895
3885
3890
3910
3901
3890
3910
3927
3894
3875
3856
3882
3850
3845
3795
3799
3761
3779
3790
3787
3796
3781
3772
3780
3798
3788
3796
3788
3787
3770
3759
3815
3821
3826
3832
3833
3830
3813
3814
3806
3789
3792
3782
3807
3751
3751
3747
3737
3726
3733
3726
3742
3622
3650
3667
3680
3720
3720
3714
3704
3695
3750
3846
3859
3850
3846
3862
3879
3876
3880
3884
3885
3873
3878
3867
3872
3890
3886
3885
3894
3854
3849
3864
3850
3843
3845
3845
3826
3815
3870
3871
3876
3847
3859
3889
3869
3870
3884
3962
3973
3972
3981
3982
3979
3975
3962
3977
3993
3988
3991
3990
3985
3976
3979
3965
3998
3978
3982
3996
4002
4007
4007
4007
4007
4015
4010
4020
4014
4005
4004
4013
4004
4004
4027
4012
4031
4031
4032
4035
4042
4030
4030
4022
4022
4022
4012
4007
4004
4004
4000
4004
4000
3996
3995
3999
3998
4000
4000
4004
3994
3987
4002
4003
4004
4010
4007
4017
4014
4010
4019
4019
4018
4019
4019
4015
4013
4001
4001
4010
4018
4016
3999
3999
3983
3995
3985
3984
3988
3986
3987
3985
3985
3985
3990
3978
3982
3998
4006
4009
4000
4005
3999
4012
3999
4004
4009
4007
4009
4008
4013
4014
4013
4013
4015
4003
4006
4009
4012
4003
4015
4010
3996
3990
3998
4005
4013
4008
4013
4021
4029
4033
4025
4026
4023
4021
4030
4010
4000
4009
4002
4002
3982
3992
3992
3997
4010
4010
4009
4003
4003
4004
4011
3998
3990
3997
4002
4002
4015
4009
4015
4000
3992
3998
4025
4022
4040
4040
4039
4040
4040
4040
4032
4040
4035
4037
4040
4030
4032
4044
4033
4047
4049
4044
4054
4054
4053
4060
4056
4059
4059
4061
4073
4070
4069
4062
4063
4063
4062
4066
4069
4069
4057
4062
4062
4062
4062
4057
4056
4045
4045
4051
4060
4051
4050
4060
4043
4038
4044
4042
4049
4044
4049
4047
4042
4036
4042
4037
4032
4020
4015
4016
4020
4017
4017
4012
4022
4022
4015
4018
4022
4001
3998
4010
4019
4014
4012
4014
4012
3995
3984
3992
3989
4002
3982
3970
3964
3975
3970
3974
3974
3965
4004
4011
4015
4007
4010
4005
4016
4022
4035
4035
4039
4043
4039
4055
4054
4060
4058
4056
4055
4040
4054
4045
4043
4043
4038
4038
4032
4030
4032
4043
4044
4043
4048
4042
4042
4048
4046
4045
4033
4034
4045
4041
4045
4045
4035
4045
4040
4046
4041
4032
4037
4039
4042
4042
4061
4053
4065
4061
4068
4064
4061
4059
4067
4065
4079
4073
4063
4073
4059
4068
4065
4063
4054
4063
4065
4068
4064
4067
4075
4061
4068
4057
4061
4054
4058
4060
4036
4056
4086
4087
4081
4081
4092
4081
4081
4081
4081
4091
4086
4099
4103
4093
4094
4100
4101
4094
4093
4093
4079
4092
4083
4083
4075
4078
4078
4079
4065
4082
4071
4074
4074
4085
4086
4078
4067
4064
4065
4056
4067
4074
4092
4079
4093
4093
4085
4094
4099
4100
4088
4085
4085
4090
4093
4073
4085
4084
4100
4100
4098
4076
4072
4080
4070
4050
4050
4050
4050
4053
4062
4062
4063
4056
4063
4070
4072
4069
4075
4075
4075
4075
4065
4058
4060
4063
4064
4064
4071
4057
4056
4046
4048
4039
4043
4025
4039
4040
4039
4029
4047
4041
4050
4045
4045
4039
4040
4035
4030
4037
4042
4030
4044
4030
4044
4044
4044
4029
4020
4025
4013
4011
4019
4024
4021
4016
4017
4024
4027
4024
4020
4020
4033
4023
4033
4034
4042
4046
4046
4033
4073
4056
4045
4070
4074
4060
4034
4020
4031
4020
4045
4044
4029
4019
4034
4022
4035
4040
4039
4033
4050
4050
4073
4091
4088
4082
4082
4099
4103
4097
4103
4100
4101
4098
4093
4095
4100
4097
4086
4088
4076
4075
4063
4066
4077
4083
4086
4075
4078
4095
4100
4115
4121
4122
4125
4124
4114
4114
4117
4124
4115
4115
4095
4102
4095
4099
4099
4084
4100
4084
4091
4085
4085
4080
4085
4073
4080
4066
4062
4062
4060
4060
4063
4055
4055
4060
4054
4060
4047
4061
4050
4035
4056
4055
4052
4046
4043
4043
4053
4036
4038
4030
4040
4075
4073
4080
4070
4047
4051
4046
4046
4051
4053
4055
4050
4049
4036
4043
4045
4050
4047
4050
4050
4056
4046
4035
4033
4017
4030
4028
4032
4027
4041
4037
4026
4027
4026
4032
4060
4048
4044
4045
4056
4050
4041
4025
4025
4025
4020
4035
4032
4048
4036
4029
4028
4026
4002
4012
4010
4003
4019
4029
4020
4009
4013
4045
4050
4049
4042
4050
4050
4050
4047
4048
4049
4049
4045
4059
4053
4085
4084
4101
4095
4112
4115
4107
4117
4127
4115
4115
4103
4114
4101
4101
4101
4091
4100
4100
4122
4113
4106
4090
4085
4089
4090
4089
4090
4077
4078
4089
4094
4110
4110
4108
4108
4105
4109
4099
4093
4096
4099
4088
4085
4080
4056
4053
4030
4039
4040
4028
4038
4030
4033
4030
4035
4049
4055
4054
4053
4054
4038
4055
4049
4043
4020
4043
4039
4051
4049
4046
4051
4046
4045
4035
4035
4039
4016
4040
4032
4031
4017
4017
4019
4010
4006
4011
4019
4010
4018
4018
4004
3992
3992
3982
3997
3986
3998
3970
3947
3960
3960
3949
3949
3930
3936
3983
3968
3970
3980
3981
3945
3945
3931
3942
3938
3940
3940
3937
3950
3950
3926
3993
3993
4008
4020
4020
4008
4000
4008
4003
4020
4039
4039
4038
4040
4040
4040
4050
4038
4050
4041
4035
4037
4045
4036
4095
4070
4069
4070
4110
4121
4079
4079
4045
4023
3960
3950
3956
3960
3955
3955
3949
3956
3941
3965
3929
3946
3966
3967
3974
3982
3982
3988
4024
4012
4027
4030
4026
4017
4026
4010
4029
4034
4039
4050
4050
4074
4070
4035
4016
4016
4016
4024
4024
4025
4019
3999
3986
3987
3966
4000
4002
4000
4015
4019
4035
4047
4020
4020
4040
4040
4040
4040
4022
4018
4018
4016
4000
4003
4002
3994
4004
4004
4004
4007
4000
3999
3984
3962
3970
3944
3970
4019
4019
4000
4000
4023
4031
4039
4020
4066
4060
4067
4064
4066
4063
4070
4070
4060
4066
4058
4088
4095
4099
4096
4089
4089
4098
4108
4108
4123
4128
4127
4128
4128
4128
4128
4128
4117
4126
4113
4112
4108
4120
4100
4100
4105
4119
4128
4137
4141
4128
4144
4140
4128
4132
4149
4160
4160
4160
4160
4160
4150
4150
4138
4146
4150
4148
4139
4139
4139
4162
4148
4143
4145
4152
4148
4156
4156
4150
4188
4188
4179
4182
4188
4177
4168
4175
4160
4160
4164
4159
4146
4136
4136
4122
4118
4118
4106
4109
4100
4100
4111
4106
4095
4103
4119
4118
4122
4130
4119
4115
4116
4117
4104
4115
4112
4093
4100
4135
4080
4075
4093
4097
4085
4061
4045
3979
3982
3986
4008
4007
3985
3972
4046
4046
4056
4040
4041
4020
4015
4063
4072
4060
4088
4109
4105
4099
4090
4075
4050
4047
4050
4063
4020
4001
4062
4055
4060
4100
4115
4149
4169
4161
4163
4175
4175
4173
4170
4170
4170
4160
4140
4138
4170
4190
4166
4172
4172
4161
4182
4162
4141
4215
4221
4229
4229
4236
4220
4227
4234
4248
4244
4258
4264
4262
4266
4255
4250
4246
4247
4261
4259
4254
4239
4230
4225
4225
4224
4221
4222
4221
4239
4235
4241
4238
4240
4235
4238
4224
4217
4219
4220
4226
4223
4223
4239
4233
4240
4264
4270
4275
4275
4265
4273
4257
4265
4269
4281
4283
4283
4289
4303
4304
4300
4307
4309
4310
4314
4321
4318
4327
4326
4335
4334
4335
4325
4339
4315
4310
4309
4308
4316
4305
4308
4305
4304
4337
4345
4348
4346
4338
4331
4333
4333
4333
4346
4339
4347
4347
4347
4341
4337
4338
4350
4348
4345
4341
4327
4330
4324
4326
4291
4294
4295
4300
4295
4300
4293
4293
4286
4286
4290
4289
4293
4286
4290
4280
4284
4277
4262
4297
4306
4307
4310
4306
4310
4310
4295
4304
4304
4305
4295
4294
4294
4273
4271
4280
4287
4286
4282
4274
4287
4282
4283
4290
4290
4298
4295
4297
4301
4300
4302
4305
4305
4314
4315
4308
4325
4319
4318
4287
4285
4279
4282
4283
4280
4270
4257
4251
4243
4237
4250
4243
4257
4262
4263
4270
4272
4269
4268
4266
4266
4256
4277
4281
4270
4273
4260
4259
4255
4249
4255
4273
4264
4270
4270
4269
4259
4250
4251
4245
4251
4232
4206
4207
4212
4215
4216
4219
4218
4205
4210
4234
4258
4250
4251
4253
4252
4252
4252
4248
4277
4292
4305
4284
4290
4298
4298
4284
4293
4284
4301
4298
4281
4284
4292
4289
4315
4319
4310
4314
4328
4322
4328
4324
4319
4317
4318
4311
4321
4330
4330
4320
4320
4311
4311
4295
4279
4329
4330
4310
4318
4328
4330
4344
4338
4332
4328
4337
4350
4350
4336
4330
4329
4308
4291
4279
4255
4270
4279
4279
4279
4280
4282
4287
4270
4290
4311
4299
4300
4290
4270
4270
4277
4277
4253
4250
4249
4241
4223
4241
4245
4245
4241
4235
4235
4275
4287
4273
4274
4259
4260
4237
4220
4256
4295
4333
4330
4311
4314
4310
4303
4337
4321
4320
4325
4336
4317
4319
4314
4311
4295
4322
4330
4320
4329
4284
4355
4341
4308
4353
4410
4399
4447
4452
4449
4449
4454
4460
4465
4470
4466
4467
4460
4450
4453
4445
4460
4466
4463
4450
4432
4437
4437
4428
4428
4426
4430
4426
4428
4430
4417
4420
4423
4412
4410
4414
4420
4426
4426
4420
4426
4430
4434
4433
4423
4428
4428
4410
4422
4428
4443
4449
4449
4449
4448
4438
4439
4439
4441
4477
4458
4458
4457
4465
4449
4446
4466
4462
4446
4446
4436
4424
4420
4425
4424
4415
4440
4449
4444
4434
4435
4440
4440
4440
4430
4448
4420
4438
4450
4424
4423
4420
4419
4396
4389
4375
4369
4359
4356
4355
4360
4351
4370
4360
4360
4371
4357
4350
4343
4350
4339
4332
4339
4350
4345
4330
4330
4302
4310
4308
4311
4311
4300
4298
4318
4329
4321
4308
4307
4303
4312
4314
4315
4303
4310
4310
4317
4308
4292
4318
4314
4305
4317
4315
4307
4294
4298
4287
4299
4269
4264
4245
4271
4244
4257
4252
4256
4256
4251
4297
4312
4325
4330
4323
4317
4320
4315
4313
4300
4311
4300
4300
4299
4300
4315
4302
4304
4328
4310
4304
4304
4303
4326
4339
4354
4359
4355
4355
4360
4360
4360
4356
4352
4340
4357
4357
4368
4358
4363
4373
4369
4377
4379
4372
4376
4373
4363
4349
4334
4329
4329
4329
4324
4319
4320
4329
4311
4311
4310
4307
4317
4320
4310
4309
4310
4314
4310
4284
4297
4303
4328
4330
4319
4316
4333
4348
4325
4309
4310
4344
4340
4336
4326
4336
4332
4322
4326
4327
4322
4318
4315
4311
4314
4320
4313
4286
4280
4286
4295
4310
4309
4308
4305
4291
4281
4296
4305
4275
4260
4265
4260
4250
4260
4260
4270
4262
4261
4266
4273
4289
4294
4287
4282
4285
4275
4295
4298
4290
4279
4275
4309
4300
4304
4315
4310
4292
4285
4295
4290
4271
4295
4315
4317
4315
4323
4312
4310
4314
4322
4322
4325
4340
4334
4335
4352
4333
4297
4276
4294
4280
4288
4287
4303
4286
4283
4269
4255
4261
4209
4179
4122
4108
4109
4120
4101
4100
4101
4120
4120
4117
4122
4121
4116
4110
4117
4117
4122
4122
4110
4120
4088
4094
4088
4079
4092
4095
4084
4096
4106
4102
4119
4120
4083
4078
4070
4062
4066
4065
4061
4068
4055
4040
4034
4045
4055
4071
4088
4089
4083
4092
4085
4085
4085
4079
4064
4064
4082
4085
4075
4060
4065
4068
4080
4074
4090
4102
4105
4110
4118
4118
4126
4126
4126
4115
4113
4115
4107
4120
4145
4145
4134
4141
4134
4138
4125
4123
4130
4137
4149
4150
4143
4150
4150
4155
4143
4092
4079
4076
4078
4057
4047
4048
4070
4060
4083
4061
4083
4090
4079
4074
4057
4075
4080
4090
4101
4097
4088
4077
4079
4079
4073
4085
4074
4063
4050
4036
4043
4043
4043
4024
4005
4005
3989
3974
3974
3964
3960
3960
3950
3980
3972
3969
3969
3969
4005
3988
3985
3984
3974
3966
3965
3964
4033
4027
4035
4044
4030
4038
4029
4031
4031
4060
4061
4062
4065
4069
4066
4066
4058
4050
4052
4070
4070
4080
4074
4068
4067
4045
4034
4028
4034
4059
4105
4088
4087
4094
4094
4112
4123
4115
4148
4150
4147
4110
4125
4105
4099
4097
4126
4125
4120
4102
4111
4134
4130
4130
4110
4120
4123
4123
4145
4163
4167
4180
4180
4184
4185
4185
4185
4178
4180
4163
4153
4150
4140
4146
4144
4156
4151
4160
4170
4171
4167
4140
4140
4150
4164
4180
4180
4167
4183
4187
4198
4195
4190
4194
4186
4173
4185
4175
4170
4159
4166
4176
4159
4137
4129
4131
4154
4126
4126
4126
4103
4111
4105
4072
4059
4060
4062
4068
4068
4070
4065
4058
4054
4054
4056
4041
4010
4021
3989
4045
4045
4065
4065
4087
4075
4064
4061
4088
4099
4090
4085
4057
4057
4047
4059
4074
4045
4074
4098
4121
4133
4132
4131
4125
4127
4140
4134
4118
4128
4126
4120
4110
4080
4080
4058
4050
4040
4062
4062
4070
4060
4062
4051
4060
4058
4048
4073
4077
4070
4067
4069
4074
4075
4040
4024
4029
4010
4053
4056
4069
4040
4040
4038
4033
4032
4010
4033
3950
3985
4019
4000
4019
4006
3985
3945
3937
3913
3915
3863
3902
3925
3942
3926
3899
3870
3845
3850
3891
3889
3897
3918
3906
3893
3904
3905
3890
3924
3952
3950
3960
3970
3975
3971
3971
3962
3966
3966
4019
4020
4040
4020
4050
4035
4070
4082
4083
4068
4069
4057
4106
4083
4070
4050
4072
4095
4085
4084
4073
4044
4057
4124
4120
4112
4100
4117
4141
4141
4125
4092
4060
4075
4047
4037
4025
4083
4070
4065
4071
4052
4080
4073
4036
4034
4020
3987
4003
4000
4015
3943
3946
4045
4070
4086
4100
4100
4090
4120
4117
4090
4148
4237
4238
4242
4250
4245
4232
4239
4230
4208
4270
4277
4306
4325
4322
4317
4323
4313
4320
4319
4314
4322
4304
4299
4298
4283
4281
4274
4280
4274
4254
4250
4242
4234
4228
4230
4250
4246
4227
4231
4228
4220
4248
4263
4274
4277
4290
4290
4280
4270
4294
4312
4341
4350
4350
4363
4363
4362
4369
4348
4367
4378
4370
4367
4365
4362
4357
4357
4352
4339
4360
4352
4310
4323
4329
4351
4381
4385
4389
4375
4369
4374
4384
4400
4389
4389
4381
4389
4389
4378
4383
4369
4369
4377
4375
4377
4370
4370
4369
4370
4370
4370
4397
4371
4379
4365
4358
4357
4365
4383
4382
4370
4364
4362
4339
4349
4350
4350
4343
4340
4332
4331
4326
4345
4345
4341
4341
4357
4353
4336
4346
4346
4338
4336
4336
4322
4341
4354
4335
4334
4336
4328
4318
4307
4300
4271
4276
4276
4276
4260
4260
4253
4276
4274
4268
4266
4254
4246
4246
4246
4255
4251
4246
4252
4237
4230
4216
4213
4225
4259
4270
4279
4277
4283
4272
4271
4277
4278
4286
4285
4280
4286
4260
4259
4259
4265
4260
4265
4264
4260
4258
4243
4248
4220
4213
4224
4205
4220
4264
4269
4255
4240
4240
4270
4285
4285
4283
4283
4275
4276
4276
4288
4269
4262
4257
4257
4255
4279
4281
4286
4282
4272
4275
4270
4240
4251
4294
4299
4285
4290
4312
4295
4325
4320
4314
4296
4293
4290
4265
4262
4270
4259
4273
4268
4248
4240
4225
4238
4238
4241
4241
4226
4223
4204
4246
4278
4289
4287
4292
4292
4290
4290
4282
4279
4262
4280
4278
4278
4277
4278
4292
4289
4280
4270
4265
4259
4254
4249
4249
4225
4249
4249
4248
4245
4249
4234
4238
4230
4240
4235
4230
4202
4195
4195
4193
4192
4195
4188
4188
4190
4170
4162
4180
4185
4192
4185
4169
4156
4148
4130
4115
4140
4149
4145
4146
4172
4188
4185
4180
4185
4185
4189
4184
4180
4202
4185
4183
4185
4173
4188
4181
4185
4175
4202
4202
4202
4189
4198
4224
4220
4195
4201
4192
4173
4167
4160
4159
4158
4150
4155
4137
4123
4119
4130
4141
4110
4100
4090
4071
4070
4068
4062
4062
4059
4058
4060
4066
4072
4070
4069
4055
4065
4079
4079
4074
4074
4085
4070
4065
4059
4058
4050
4043
4036
4030
4030
4025
4026
4012
4021
4036
4029
4042
4034
4030
4042
4021
4030
4025
4024
4020
4015
4014
4015
4016
4025
4014
4019
4017
4017
4012
4007
4007
3976
3972
3990
4013
4015
4020
4010
4003
3996
4005
4007
4010
4015
4020
4046
4055
4062
4066
4065
4062
4060
4057
4060
4060
4048
4050
4052
4054
4054
4057
4078
4078
4078
4065
4066
4065
4085
4085
4083
4080
4073
4072
4064
4069
4075
4067
4067
4068
4071
4054
4058
4081
4082
4085
4085
4075
4079
4070
4054
4050
4044
4045
4059
4054
4052
4052
4048
4049
4052
4060
4074
4070
4063
4086
4090
4088
4082
4092
4080
4087
4102
4110
4111
4097
4112
4102
4100
4086
4103
4099
4109
4103
4075
4071
4062
4065
4061
4050
4051
4064
4072
4064
4029
4006
4008
3995
3988
4004
4012
4016
4000
4003
4005
3995
3969
3969
3964
3970
3963
3960
3987
3989
3974
3986
4006
4000
4004
4005
4040
4038
4038
4038
4053
4063
4035
4035
4035
4038
4040
4021
3994
3980
3980
4011
3991
3976
3976
3992
4012
4020
4035
4028
4045
4047
4060
4057
4065
4074
4063
4083
4083
4073
4070
4078
4058
4042
4027
4029
4040
4021
4013
4029
4015
4025
4027
4024
4052
4060
4050
4045
4045
4044
4035
3975
3975
3983
3975
3953
3954
3966
3962
3961
3949
3948
3981
3982
3976
3975
3982
3982
3951
3990
3981
3985
3985
3980
3970
3955
3944
3945
3914
3910
3921
3938
3947
3910
3887
3857
3847
3897
3928
3927
3906
3891
3921
3920
3955
3940
3938
3977
3960
3933
3925
4020
4013
4003
4031
4036
4054
4064
4050
4085
4085
4085
4080
4047
4043
4045
4045
4018
4003
4006
4000
3980
3978
4005
4040
4055
4051
4050
4085
4092
4097
4099
4093
4097
4095
4085
4119
4121
4134
4120
4124
4120
4125
4126
4145
4151
4169
4183
4150
4132
4130
4125
4135
4129
4129
4128
4123
4105
4108
4141
4159
4150
4134
4134
4121
4128
4125
4133
4121
4135
4135
4135
4135
4121
4108
4100
4111
4100
4101
4101
4095
4108
4147
4120
4079
4065
4037
4040
4039
4028
4040
4040
4032
4037
4010
4000
4000
4006
4006
4003
4003
3996
3989
3976
4003
3996
3996
3965
3983
4050
4048
4041
4013
4010
3995
4006
4016
4017
4001
4000
3983
4022
4021
4034
4020
4023
4060
4062
4084
4070
4079
4071
4055
4065
4085
4091
4058
4048
4045
4036
4012
3980
4000
4000
3953
3957
3955
3956
3971
3969
4007
4010
3999
3980
3973
3977
3973
3978
3978
3962
3965
3945
3945
3938
3934
3922
3919
3919
3910
3899
3915
3915
3912
3906
3900
3899
3884
3875
3869
3851
3851
3877
3878
3867
3860
3857
3846
3838
3830
3824
3816
3823
3824
3819
3830
3826
3842
3816
3802
3806
3806
3801
3809
3807
3792
3811
3820
3800
3800
3784
3770
3777
3770
3755
3805
3800
3789
3758
3758
3753
3735
3803
3815
3815
3805
3806
3800
3834
3874
3874
3875
3872
3870
3887
3886
3885
3880
3882
3879
3864
3877
3881
3882
3857
3857
3857
3848
3857
3869
3856
3889
3888
3855
3867
3862
3894
3889
3875
3873
3863
3844
3843
3833
3849
3856
3849
3837
3830
3829
3829
3799
3778
3814
3839
3840
3816
3896
3928
3887
3880
3880
3862
3858
3828
3821
3846
3835
3835
3848
3850
3860
3848
3837
3823
3821
3817
3807
3807
3811
3805
3791
3782
3784
3784
3773
3772
3770
3767
3765
3762
3771
3773
3773
3776
3781
3765
3780
3755
3742
3746
3746
3744
3732
3734
3734
3734
3734
3734
3726
3732
3741
3736
3736
3730
3735
3735
3733
3730
3730
3720
3735
3749
3760
3751
3749
3744
3755
3757
3751
3749
3731
3730
3729
3745
3755
3750
3748
3735
3754
3768
3774
3771
3769
3776
3766
3766
3749
3749
3747
3748
3737
3730
3730
3732
3725
3729
3731
3732
3739
3732
3716
3729
3740
3744
3735
3737
3739
3730
3714
3737
3749
3780
3785
3785
3781
3816
3800
3785
3773
3761
3762
3750
3752
3750
3750
3762
3750
3774
3770
3759
3785
3780
3760
3747
3735
3714
3712
3716
3700
3701
3700
3703
3688
3706
3709
3715
3716
3701
3711
3717
3711
3701
3688
3681
3680
3665
3669
3671
3672
3663
3661
3659
3659
3657
3665
3665
3661
3661
3659
3655
3650
3650
3650
3652
3647
3644
3651
3650
3649
3642
3646
3640
3640
3637
3628
3637
3627
3631
3636
3636
3634
3630
3630
3615
3623
3629
3625
3624
3617
3615
3607
3604
3606
3609
3625
3633
3633
3636
3639
3635
3634
3626
3620
3629
3628
3630
3636
3648
3648
3652
3656
3658
3658
3644
3645
3654
3653
3661
3671
3663
3650
3652
3648
3649
3650
3655
3626
3637
3647
3664
3648
3641
3630
3637
3637
3637
3631
3627
3609
3608
3608
3596
3606
3595
3594
3600
3600
3599
3605
3609
3595
3585
3604
3610
3609
3586
3575
3581
3580
3580
3579
3575
3573
3564
3568
3572
3562
3565
3568
3569
3560
3570
3556
3557
3552
3550
3539
3539
3539
3539
3540
3540
3539
3532
3532
3532
3532
3534
3541
3543
3541
3533
3543
3543
3537
3541
3539
3533
3541
3532
3542
3542
3536
3544
3541
3531
3535
3538
3538
3540
3525
3522
3525
3528
3528
3518
3515
3520
3515
3514
3525
3524
3520
3518
3518
3525
3525
3525
3534
3532
3533
3530
3540
3542
3543
3543
3540
3540
3540
3532
3540
3535
3546
3544
3550
3546
3546
3546
3547
3543
3542
3544
3535
3529
3542
3541
3539
3541
3536
3540
3542
3546
3546
3539
3550
3549
3547
3545
3541
3529
3529
3527
3525
3531
3532
3517
3534
3529
3535
3543
3546
3544
3531
3530
3515
3520
3520
3520
3523
3510
3513
3497
3497
3494
3488
3488
3488
3483
3481
3487
3477
3477
3470
3480
3480
3478
3468
3475
3467
3470
3470
3470
3473
3473
3473
3478
3480
3481
3486
3486
3485
3485
3494
3494
3494
3494
3493
3494
3492
3494
3494
3486
3491
3485
3491
3488
3477
3485
3475
3470
3489
3490
3499
3500
3494
3487
3487
3488
3462
3464
3465
3459
3464
3464
3464
3464
3464
3464
3465
3460
3461
3461
3462
3466
3468
3470
3478
3483
3475
3472
3474
3464
3472
3465
3441
3440
3440
3432
3441
3433
3440
3429
3430
3424
3426
3426
3426
3426
3420
3420
3426
3421
3421
3420
3420
3421
3421
3421
3419
3415
3410
3410
3429
3430
3422
3420
3420
3416
3416
3416
3416
3418
3416
3416
3415
3412
3406
3412
3411
3408
3414
3411
3411
3417
3417
3410
3409
3416
3411
3400
3400
3400
3400
3400
3400
3409
3407
3409
3412
3409
3419
3409
3415
3415
3420
3420
3399
3399
3400
3400
3398
3412
3409
3411
3419
3421
3431
3426
3423
3434
3435
3432
3432
3426
3433
3426
3434
3427
3436
3429
3425
3414
3427
3418
3411
3419
3404
3402
3402
3408
3415
3405
3418
3421
3420
3430
3421
3436
3437
3430
3435
3438
3431
3440
3434
3434
3427
3420
3425
3420
3416
3416
3418
3417
3418
3415
3418
3407
3418
3414
3402
3406
3403
3403
3389
3396
3402
3401
3410
3415
3401
3408
3403
3423
3425
3425
3426
3426
3419
3413
3414
3402
3409
3404
3395
3389
3408
3408
3409
3409
3403
3420
3421
3420
3415
3420
3416
3416
3420
3420
3421
3425
3416
3412
3415
3430
3430
3427
3440
3440
3430
3442
3441
3447
3440
3441
3437
3440
3429
3430
3436
3445
3447
3447
3446
3441
3439
3430
3434
3430
3430
3425
3416
3415
3414
3404
3398
3396
3390
3398
3402
3398
3400
3394
3395
3395
3395
3394
3393
3393
3386
3382
3388
3395
3394
3403
3405
3404
3403
3398
3404
3403
3412
3402
3408
3394
3394
3394
3397
3398
3380
3398
3397
3402
3401
3402
3394
3393
3388
3388
3388
3400
3415
3412
3412
3416
3418
3418
3420
3413
3422
3420
3427
3402
3420
3386
3391
3390
3383
3389
3388
3381
3387
3395
3397
3395
3397
3394
3393
3388
3389
3390
3389
3371
3370
3361
3363
3361
3360
3360
3362
3361
3361
3362
3372
3365
3365
3361
3362
3368
3364
3366
3354
3355
3349
3345
3341
3341
3341
3341
3340
3343
3342
3342
3340
3341
3335
3340
3340
3340
3338
3340
3337
3333
3327
3319
3329
3326
3330
3316
3315
3316
3319
3326
3330
3331
3332
3332
3339
3333
3336
3336
3336
3342
3342
3339
3339
3339
3343
3341
3342
3340
3345
3350
3350
3356
3357
3357
3353
3353
3352
3352
3349
3347
3344
3346
3349
3349
3349
3340
3347
3338
3333
3334
3329
3331
3328
3334
3346
3345
3347
3350
3345
3349
3343
3343
3343
3340
3351
3354
3353
3351
3343
3348
3349
3345
3310
3294
3294
3297
3305
3305
3309
3319
3320
3316
3335
3344
3346
3349
3352
3358
3351
3357
3357
3357
3355
3349
3351
3351
3355
3355
3359
3359
3359
3357
3359
3359
3357
3357
3360
3360
3357
3364
3362
3363
3357
3352
3339
3333
3330
3340
3331
3331
3331
3331
3320
3320
3330
3328
3325
3320
3320
3320
3315
3318
3311
3310
3315
3313
3316
3319
3320
3320
3310
3317
3320
3317
3320
3320
3318
3317
3312
3308
3308
3307
3297
3302
3293
3293
3301
3304
3308
3306
3300
3300
3300
3300
3296
3298
3294
3288
3288
3284
3284
3281
3284
3285
3288
3290
3290
3290
3291
3292
3283
3282
3273
3283
3278
3251
3250
3249
3255
3266
3265
3274
3243
3263
3270
3256
3273
3280
3280
3293
3300
3302
3300
3300
3307
3300
3295
3305
3306
3307
3310
3314
3314
3311
3316
3318
3306
3309
3305
3305
3305
3315
3323
3324
3310
3310
3311
3289
3289
3285
3266
3261
3277
3289
3290
3298
3310
3309
3300
3300
3300
3300
3290
3300
3299
3281
3266
3179
3179
3228
3290
3326
3313
3317
3336
3345
3343
3342
3345
3361
3370
3366
3370
3379
3379
3378
3380
3385
3382
3380
3379
3379
3380
3380
3380
3388
3380
3382
3388
3384
3392
3400
3401
3404
3410
3406
3408
3412
3407
3406
3400
3405
3385
3382
3380
3388
3386
3381
3391
3399
3395
3390
3383
3380
3382
3377
3381
3381
3381
3379
3371
3380
3370
3370
3365
3362
3367
3373
3373
3365
3366
3373
3356
3350
3341
3349
3360
3361
3362
3389
3390
3387
3384
3383
3380
3385
3385
3383
3385
3391
3384
3373
3380
3378
3373
3360
3380
3387
3385
3398
3399
3399
3390
3399
3399
3389
3391
3397
3389
3382
3374
3369
3372
3362
3352
3358
3351
3353
3371
3359
3370
3378
3380
3388
3390
3380
3380
3398
3395
3394
3387
3388
3392
3390
3390
3388
3390
3378
3373
3393
3395
3396
3395
3395
3400
3393
3402
3408
3423
3420
3411
3408
3416
3406
3402
3408
3408
3400
3416
3430
3436
3435
3436
3436
3447
3453
3425
3422
3430
3431
3432
3419
3432
3426
3430
3426
3424
3415
3424
3415
3415
3413
3411
3416
3415
3407
3415
3420
3411
3420
3421
3441
3441
3441
3446
3446
3446
3455
3450
3441
3450
3433
3432
3430
3432
3435
3438
3427
3425
3415
3419
3426
3430
3425
3435
3437
3435
3425
3420
3415
3411
3372
3365
3375
3375
3372
3370
3364
3365
3375
3375
3374
3382
3373
3374
3380
3390
3390
3390
3390
3390
3381
3388
3389
3389
3368
3371
3371
3371
3368
3371
3365
3365
3365
3365
3365
3364
3358
3354
3356
3353
3350
3370
3395
3394
3392
3397
3395
3395
3397
3409
3398
3399
3388
3380
3374
3369
3368
3367
3373
3380
3384
3387
3393
3395
3382
3370
3366
3376
3370
3377
3362
3362
3368
3386
3397
3420
3418
3419
3434
3431
3436
3430
3440
3440
3431
3432
3430
3430
3425
3438
3450
3447
3447
3455
3441
3441
3446
3437
3433
3441
3441
3441
3438
3435
3438
3434
3438
3441
3412
3412
3416
3411
3419
3416
3421
3436
3443
3438
3433
3440
3440
3445
3444
3444
3444
3420
3432
3430
3434
3460
3466
3475
3477
3483
3483
3483
3487
3489
3482
3480
3486
3475
3480
3487
3473
3477
3489
3485
3486
3486
3478
3487
3480
3476
3475
3469
3449
3448
3448
3446
3445
3443
3444
3452
3452
3452
3444
3440
3443
3442
3440
3450
3450
3452
3450
3446
3446
3440
3435
3429
3427
3421
3420
3416
3415
3417
3414
3418
3416
3425
3426
3426
3421
3416
3426
3420
3418
3460
3460
3461
3466
3468
3469
3455
3452
3452
3451
3450
3447
3426
3427
3432
3446
3430
3434
3445
3440
3430
3430
3428
3436
3424
3423
3428
3420
3408
3408
3407
3404
3404
3399
3399
3399
3394
3397
3399
3392
3393
3396
3399
3404
3399
3393
3388
3376
3377
3380
3373
3377
3377
3377
3376
3376
3374
3375
3375
3375
3373
3373
3373
3364
3364
3362
3353
3355
3351
3354
3359
3363
3374
3372
3378
3379
3385
3388
3388
3380
3380
3384
3383
3383
3381
3390
3394
3393
3389
3385
3390
3395
3379
3380
3380
3380
3373
3364
3358
3363
3368
3365
3360
3367
3360
3360
3358
3363
3358
3357
3357
3352
3344
3351
3343
3344
3354
3354
3354
3348
3358
3348
3349
3355
3360
3355
3356
3356
3362
3353
3355
3356
3356
3356
3355
3351
3350
3350
3331
3326
3333
3328
3330
3333
3340
3335
3335
3340
3346
3347
3347
3350
3346
3349
3350
3355
3354
3339
3342
3348
3347
3350
3352
3363
3361
3361
3361
3355
3358
3359
3364
3364
3370
3379
3377
3366
3376
3380
3370
3370
3360
3368
3350
3357
3363
3388
3387
3389
3380
3380
3368
3376
3382
3383
3388
3385
3388
3380
3378
3359
3354
3365
3366
3360
3361
3353
3350
3369
3375
3370
3370
3398
3400
3400
3394
3392
3392
3392
3404
3388
3390
3410
3420
3420
3397
3384
3380
3378
3369
3370
3369
3370
3351
3350
3360
3353
3364
3353
3370
3353
3379
3376
3360
3343
3341
3350
3361
3318
3296
3285
3280
3280
3283
3283
3284
3280
3280
3277
3284
3283
3278
3274
3277
3275
3261
3268
3266
3260
3260
3269
3271
3268
3270
3273
3270
3274
3266
3265
3266
3263
3263
3258
3251
3251
3252
3245
3239
3239
3230
3234
3242
3242
3242
3242
3239
3245
3242
3240
3240
3240
3231
3230
3246
3253
3253
3251
3245
3248
3248
3247
3253
3248
3245
3245
3246
3236
3237
3248
3241
3250
3250
3252
3250
3252
3252
3254
3253
3253
3243
3243
3243
3243
3250
3245
3244
3228
3225
3234
3222
3222
3233
3223
3225
3224
3227
3238
3233
3225
3225
3225
3236
3229
3248
3245
3235
3235
3247
3235
3240
3240
3232
3226
3226
3232
3227
3227
3219
3219
3227
3220
3220
3219
3222
3222
3221
3216
3223
3235
3227
3225
3220
3211
3212
3212
3205
3205
3200
3213
3197
3207
3207
3202
3199
3193
3200
3211
3220
3215
3209
3218
3221
3215
3215
3218
3219
3224
3225
3217
3220
3215
3227
3227
3223
3211
3219
3221
3253
3245
3245
3246
3256
3248
3255
3251
3259
3260
3243
3258
3258
3271
3259
3250
3248
3249
3242
3250
3250
3257
3257
3240
3262
3251
3240
3269
3269
3269
3275
3269
3282
3279
3280
3282
3270
3276
3277
3275
3262
3271
3268
3269
3275
3271
3270
3267
3267
3267
3270
3268
3271
3270
3270
3270
3267
3262
3261
3270
3271
3277
3274
3277
3277
3267
3276
3276
3268
3266
3266
3270
3277
3268
3255
3265
3265
3258
3268
3270
3270
3260
3267
3275
3276
3283
3273
3278
3276
3280
3290
3279
3273
3262
3262
3266
3266
3266
3256
3242
3242
3245
3244
3244
3240
3234
3240
3240
3241
3250
3250
3258
3260
3260
3250
3258
3250
3248
3246
3239
3232
3228
3223
3223
3223
3220
3215
3215
3217
3206
3223
3225
3215
3210
3210
3210
3220
3218
3220
3223
3218
3218
3211
3209
3226
3218
3211
3182
3182
3189
3191
3191
3198
3201
3196
3196
3207
3214
3204
3208
3203
3198
3196
3198
3195
3204
3205
3205
3194
3180
3186
3196
3196
3193
3196
3206
3201
3211
3211
3210
3221
3220
3217
3227
3226
3226
3210
3220
3216
3197
3200
3193
3195
3194
3183
3181
3173
3185
3187
3191
3197
3194
3194
3170
3175
3174
3159
3179
3180
3168
3165
3186
3191
3197
3196
3201
3199
3212
3210
3205
3209
3218
3212
3225
3233
3233
3219
3229
3232
3231
3232
3219
3222
3230
3220
3226
3226
3226
3219
3213
3212
3215
3221
3205
3201
3201
3199
3201
3210
3218
3207
3199
3203
3206
3205
3211
3211
3222
3225
3236
3237
3240
3240
3243
3239
3244
3222
3211
3233
3232
3232
3222
3222
3209
3239
3239
3241
3250
3251
3252
3242
3243
3257
3253
3260
3261
3261
3269
3270
3270
3266
3255
3260
3280
3278
3276
3292
3291
3292
3289
3289
3275
3275
3275
3275
3269
3269
3269
3280
3280
3280
3288
3289
3285
3265
3264
3251
3250
3248
3257
3251
3240
3251
3235
3226
3225
3230
3232
3225
3250
3237
3243
3245
3235
3243
3243
3243
3232
3238
3242
3233
3229
3233
3229
3232
3217
3209
3202
3212
3212
3206
3216
3190
3181
3180
3188
3230
3228
3246
3259
3256
3267
3265
3251
3253
3253
3244
3241
3250
3270
3274
3291
3289
3270
3247
3260
3277
3274
3272
3276
3282
3280
3280
3284
3282
3290
3294
3294
3290
3292
3284
3272
3292
3290
3290
3270
3272
3272
3280
3286
3291
3268
3291
3301
3315
3315
3315
3293
3283
3280
3280
3277
3282
3300
3274
3249
3240
3230
3231
3228
3224
3206
3205
3219
3205
3204
3194
3195
3202
3209
3219
3186
3184
3181
3179
3181
3193
3190
3195
3199
3190
3208
3210
3222
3220
3211
3207
3205
3205
3180
3178
3173
3173
3174
3160
3156
3178
3177
3167
3176
3168
3171
3155
3151
3152
3144
3147
3147
3150
3147
3150
3150
3150
3150
3150
3158
3152
3160
3164
3160
3160
3159
3150
3140
3155
3150
3153
3151
3150
3145
3145
3140
3179
3186
3193
3193
3200
3200
3197
3197
3190
3180
3174
3177
3170
3182
3190
3198
3198
3192
3190
3216
3214
3208
3212
3230
3228
3205
3195
3195
3189
3180
3187
3186
3185
3198
3201
3177
3162
3160
3167
3140
3138
3132
3120
3145
3139
3140
3140
3133
3131
3133
3131
3123
3131
3150
3157
3162
3167
3176
3166
3136
3136
3136
3129
3128
3127
3121
3121
3103
3097
3110
3110
3110
3128
3127
3123
3135
3125
3122
3124
3130
3130
3131
3157
3162
3173
3169
3169
3190
3161
3149
3101
3097
3092
3103
3102
3110
3129
3135
3125
3157
3146
3110
3072
3099
3150
3127
3107
3030
3002
2962
2966
2951
2949
2941
2946
2925
2940
2896
2886
2886
2883
2883
2879
2882
2870
2870
2876
2876
2870
2876
2878
2878
2873
2879
2880
2880
2875
2868
2863
2863
2863
2867
2852
2857
2862
2859
2850
2859
2861
2859
2855
2856
2867
2851
2856
2863
2861
2849
2845
2841
2850
2844
2859
2863
2863
2866
2853
2849
2849
2847
2843
2845
2845
2844
2841
2847
2842
2842
2842
2845
2843
2840
2833
2828
2834
2834
2830
2830
2826
2829
2833
2833
2833
2833
2836
2838
2837
2836
2836
2838
2838
2837
2838
2838
2836
2835
2833
2834
2836
2833
2832
2830
2832
2832
2826
2827
2827
2832
2830
2829
2829
2829
2830
2831
2830
2839
2839
2839
2839
2839
2840
2843
2848
2848
2848
2848
2845
2848
2848
2848
2853
2843
2844
2850
2848
2849
2851
2857
2857
2854
2854
2850
2854
2850
2845
2852
2850
2850
2851
2844
2840
2844
2845
2845
2845
2862
2867
2867
2873
2870
2870
2870
2866
2865
2864
2867
2860
2864
2871
2875
2873
2869
2868
2871
2874
2868
2866
2856
2858
2853
2854
2851
2851
2855
2855
2851
2854
2854
2846
2846
2852
2849
2850
2846
2848
2844
2845
2849
2843
2853
2858
2860
2858
2854
2849
2853
2853
2852
2843
2840
2840
2840
2840
2840
2834
2841
2840
2846
2841
2843
2846
2846
2845
2845
2845
2850
2846
2850
2852
2848
2844
2848
2860
2864
2865
2872
2868
2868
2870
2871
2865
2865
2864
2856
2855
2855
2845
2844
2846
2846
2846
2848
2848
2850
2852
2847
2849
2851
2849
2849
2850
2847
2842
2841
2846
2845
2840
2836
2837
2837
2840
2841
2839
2841
2830
2833
2826
2820
2813
2814
2814
2806
2815
2816
2815
2803
2802
2803
2804
2800
2785
2785
2783
2788
2780
2780
2780
2780
2779
2788
2785
2784
2788
2788
2783
2787
2792
2788
2775
2773
2768
2770
2776
2777
2771
2775
2778
2775
2777
2775
2776
2780
2779
2780
2785
2785
2781
2786
2781
2787
2787
2787
2786
2788
2786
2790
2790
2790
2790
2790
2784
2789
2788
2790
2781
2782
2784
2782
2782
2784
2784
2784
2791
2789
2788
2785
2786
2785
2786
2789
2779
2773
2773
2782
2790
2789
2787
2791
2791
2794
2796
2798
2798
2798
2794
2798
2798
2799
2793
2786
2793
2793
2790
2790
2790
2790
2793
2790
2790
2793
2794
2790
2793
2781
2795
2796
2799
2803
2795
2795
2788
2788
2788
2788
2788
2784
2788
2788
2782
2784
2784
2781
2780
2778
2789
2792
2788
2784
2780
2780
2780
2780
2791
2791
2789
2791
2792
2793
2802
2790
2782
2789
2780
2770
2770
2767
2760
2760
2760
2760
2760
2760
2760
2760
2754
2751
2754
2755
2755
2760
2759
2759
2759
2759
2759
2759
2760
2762
2764
2766
2766
2766
2764
2766
2761
2761
2760
2762
2764
2763
2767
2760
2762
2767
2766
2760
2758
2760
2753
2749
2755
2755
2754
2753
2753
2752
2748
2744
2739
2733
2733
2738
2738
2738
2737
2738
2736
2738
2740
2737
2741
2740
2741
2741
2738
2741
2744
2744
2740
2740
2738
2736
2735
2737
2736
2724
2728
2729
2737
2735
2735
2737
2737
2735
2741
2738
2738
2738
2738
2740
2740
2740
2740
2740
2740
2740
2735
2740
2741
2742
2742
2742
2738
2742
2742
2739
2743
2743
2743
2743
2746
2746
2747
2748
2747
2744
2744
2742
2742
2745
2740
2739
2732
2729
2724
2720
2720
2720
2716
2716
2720
2717
2717
2716
2720
2720
2717
2718
2721
2721
2720
2719
2719
2719
2719
2716
2719
2718
2715
2714
2715
2713
2713
2714
2714
2714
2710
2715
2715
2715
2715
2715
2715
2716
2718
2712
2717
2715
2709
2709
2715
2709
2713
2715
2712
2712
2713
2715
2716
2716
2715
2714
2720
2720
2720
2720
2720
2720
2719
2720
2720
2714
2714
2715
2714
2715
2714
2713
2715
2707
2713
2708
2707
2710
2713
2715
2715
2711
2705
2715
2714
2714
2713
2708
2714
2714
2709
2711
2708
2705
2700
2710
2710
2710
2715
2711
2715
2712
2707
2711
2725
2721
2716
2725
2721
2708
2706
2701
2704
2703
2695
2700
2696
2696
2694
2685
2685
2682
2682
2682
2683
2683
2686
2686
2696
2696
2690
2689
2696
2696
2683
2682
2670
2665
2669
2677
2678
2681
2681
2685
2662
2655
2687
2690
2688
2691
2690
2688
2688
2691
2687
2692
2690
2692
2690
2689
2687
2690
2689
2679
2688
2706
2704
2704
2703
2705
2705
2703
2698
2714
2713
2713
2713
2714
2714
2714
2714
2714
2709
2716
2708
2708
2708
2708
2706
2706
2704
2704
2706
2703
2702
2707
2716
2718
2715
2715
2715
2697
2700
2700
2700
2699
2699
2714
2710
2702
2699
2699
2680
2699
2697
2705
2708
2695
2695
2691
2690
2702
2698
2702
2686
2688
2683
2683
2689
2698
2696
2693
2679
2678
2680
2679
2677
2677
2706
2700
2696
2705
2727
2729
2736
2738
2740
2746
2751
2752
2750
2747
2748
2749
2750
2750
2750
2757
2755
2752
2745
2752
2753
2750
2744
2729
2729
2722
2722
2721
2723
2723
2723
2718
2715
2715
2719
2716
2719
2715
2727
2726
2729
2724
2725
2729
2733
2733
2731
2731
2725
2725
2728
2718
2718
2718
2718
2716
2711
2717
2719
2719
2720
2723
2723
2724
2724
2724
2724
2724
2719
2719
2716
2710
2716
2713
2713
2717
2713
2716
2710
2715
2713
2713
2730
2730
2727
2734
2732
2734
2732
2726
2726
2726
2730
2729
2732
2734
2732
2734
2734
2738
2734
2730
2748
2737
2743
2731
2732
2732
2741
2734
2734
2745
2758
2741
2738
2735
2730
2730
2730
2725
2727
2728
2735
2729
2730
2728
2726
2735
2731
2731
2726
2724
2724
2724
2730
2728
2721
2724
2731
2740
2740
2745
2740
2742
2740
2741
2722
2722
2703
2715
2706
2705
2711
2711
2701
2697
2702
2705
2701
2695
2717
2720
2724
2724
2720
2720
2727
2731
2732
2732
2723
2732
2732
2731
2730
2719
2729
2721
2729
2722
2720
2710
2712
2704
2696
2700
2700
2695
2706
2718
2729
2730
2724
2724
2724
2719
2725
2725
2726
2726
