2725
2723
2725
2725
2726
2727
2727
2738
2739
2729
2730
2731
2725
2731
2720
2731
2743
2753
2755
2751
2746
2750
2759
2761
2762
2765
2770
2766
2766
2755
2748
2754
2749
2739
2732
2734
2734
2739
2742
2743
2747
2737
2746
2732
2734
2744
2737
2739
2753
2746
2746
2746
2754
2760
2759
2762
2738
2740
2733
2717
2718
2716
2718
2713
2722
2722
2711
2724
2729
2728
2730
2700
2693
2686
2690
2683
2663
2657
2660
2656
2658
2672
2673
2672
2674
2670
2670
2669
2685
2684
2685
2689
2681
2695
2714
2702
2701
2714
2715
2725
2719
2700
2699
2700
2696
2686
2681
2686
2679
2681
2676
2675
2664
2665
2674
2670
2668
2715
2715
2725
2738
2749
2741
2745
2746
2745
2740
2724
2732
2711
2724
2730
2695
2725
2723
2755
2744
2751
2743
2743
2745
2750
2739
2747
2748
2749
2739
2761
2774
2755
2755
2755
2758
2742
2722
2744
2737
2734
2756
2750
2728
2723
2710
2709
2722
2700
2690
2693
2700
2676
2677
2682
2711
2700
2690
2675
2675
2675
2646
2646
2714
2732
2741
2746
2750
2795
2802
2797
2799
2790
2795
2811
2810
2761
2782
2840
2845
2873
2873
2877
2877
2880
2877
2877
2873
2873
2873
2868
2868
2868
2868
2864
2896
2898
2898
2903
2903
2903
2899
2901
2899
2900
2909
2911
2911
2908
2900
2916
2909
2900
2889
2883
2882
2879
2872
2872
2872
2875
2876
2876
2864
2860
2857
2852
2853
2854
2862
2863
2862
2864
2863
2853
2864
2858
2846
2849
2852
2850
2853
2853
2848
2843
2841
2841
2852
2841
2846
2841
2856
2849
2853
2858
2849
2848
2848
2855
2842
2853
2853
2845
2844
2847
2849
2850
2848
2848
2856
2848
2848
2839
2838
2833
2833
2833
2837
2835
2835
2828
2828
2828
2821
2823
2834
2834
2841
2840
2849
2851
2846
2846
2858
2856
2856
2863
2859
2850
2857
2842
2840
2840
2840
2837
2838
2848
2837
2854
2856
2855
2856
2854
2854
2860
2858
2848
2859
2859
2843
2841
2857
2857
2846
2836
2864
2855
2873
2876
2867
2867
2876
2860
2860
2870
2874
2866
2860
2859
2859
2872
2837
2843
2842
2831
2828
2825
2794
2793
2796
2796
2796
2792
2793
2790
2787
2785
2782
2784
2781
2785
2791
2787
2778
2786
2784
2785
2782
2782
2780
2780
2780
2775
2780
2781
2783
2770
2770
2771
2777
2772
2776
2776
2776
2770
2770
2772
2770
2770
2784
2780
2779
2768
2769
2762
2762
2762
2764
2765
2760
2768
2760
2767
2761
2756
2745
2747
2744
2744
2752
2741
2735
2735
2744
2765
2766
2769
2760
2767
2768
2760
2757
2759
2751
2759
2760
2756
2766
2776
2788
2788
2784
2781
2781
2771
2776
2781
2790
2789
2777
2771
2767
2771
2765
2768
2768
2764
2770
2771
2764
2760
2748
2765
2769
2765
2756
2760
2755
2748
2758
2764
2750
2734
2725
2729
2728
2734
2724
2725
2721
2720
2720
2716
2716
2713
2721
2708
2709
2700
2703
2703
2692
2685
2710
2707
2715
2711
2715
2713
2715
2716
2721
2721
2721
2724
2722
2726
2724
2721
2723
2726
2716
2724
2727
2727
2719
2719
2720
2735
2735
2727
2728
2733
2733
2727
2730
2726
2726
2726
2726
2724
2721
2712
2721
2722
2720
2716
2717
2717
2717
2713
2716
2716
2706
2711
2710
2708
2704
2704
2702
2701
2705
2701
2701
2701
2699
2698
2698
2698
2694
2694
2696
2696
2697
2696
2702
2710
2710
2710
2715
2714
2713
2715
2712
2713
2713
2716
2712
2709
2709
2705
2705
2708
2708
2709
2710
2710
2711
2708
2716
2713
2714
2710
2710
2713
2713
2710
2706
2703
2705
2705
2712
2712
2709
2703
2703
2712
2722
2718
2716
2722
2725
2728
2727
2725
2727
2739
2739
2744
2744
2743
2740
2747
2740
2747
2727
2725
2727
2728
2726
2730
2727
2725
2731
2726
2734
2728
2728
2738
2717
2719
2730
2734
2734
2732
2740
2739
2735
2735
2730
2735
2735
2736
2736
2726
2717
2712
2718
2717
2716
2717
2718
2716
2713
2717
2711
2711
2706
2711
2708
2720
2720
2720
2720
2716
2714
2709
2713
2715
2720
2713
2718
2727
2729
2726
2733
2734
2735
2735
2730
2726
2730
2730
2734
2740
2741
2756
2756
2765
2740
2738
2710
2710
2715
2715
2713
2711
2711
2710
2706
2706
2706
2700
2699
2699
2695
2694
2694
2694
2695
2695
2695
2695
2702
2701
2704
2704
2704
2701
2704
2704
2705
2705
2705
2692
2695
2700
2698
2704
2708
2708
2720
2725
2725
2723
2723
2720
2723
2723
2723
2710
2710
2716
2708
2706
2715
2720
2717
2712
2715
2699
2695
2696
2695
2696
2687
2689
2685
2684
2684
2679
2670
2659
2655
2658
2655
2658
2654
2658
2658
2652
2652
2650
2653
2659
2654
2660
2654
2655
2655
2648
2655
2664
2666
2659
2650
2659
2659
2659
2654
2659
2673
2673
2659
2668
2670
2670
2656
2668
2655
2648
2650
2647
2642
2647
2646
2646
2646
2633
2625
2625
2624
2625
2638
2637
2637
2636
2636
2633
2631
2632
2647
2637
2628
2631
2634
2633
2636
2636
2636
2636
2635
2628
2609
2614
2610
2610
2607
2599
2595
2611
2608
2612
2622
2620
2615
2621
2616
2617
2622
2622
2622
2615
2603
2606
2608
2606
2601
2611
2600
2600
2599
2598
2599
2592
2600
2570
2590
2605
2600
2615
2615
2627
2632
2620
2632
2618
2616
2616
2604
2600
2671
2672
2665
2678
2680
2677
2680
2674
2673
2673
2673
2660
2660
2660
2660
2660
2660
2660
2658
2658
2660
2660
2660
2673
2674
2670
2666
2666
2664
2664
2664
2655
2670
2665
2665
2670
2663
2661
2672
2672
2669
2665
2669
2669
2675
2665
2667
2673
2668
2668
2673
2681
2677
2665
2662
2658
2677
2669
2660
2656
2656
2658
2657
2662
2717
2718
2704
2672
2715
2705
2710
2700
2708
2703
2704
2700
2696
2696
2688
2691
2693
2679
2680
2680
2670
2663
2670
2670
2673
2663
2660
2672
2690
2692
2695
2706
2708
2714
2706
2714
2708
2696
2713
2713
2727
2725
2730
2730
2720
2720
2727
2721
2710
2707
2715
2715
2716
2716
2716
2713
2715
2715
2721
2728
2737
2730
2726
2721
2721
2726
2727
2728
2730
2744
2744
2739
2734
2739
2731
2725
2729
2728
2721
2719
2730
2719
2717
2720
2717
2709
2709
2707
2726
2729
2722
2720
2713
2704
2691
2696
2685
2695
2685
2693
2695
2691
2694
2702
2699
2694
2705
2713
2713
2714
2714
2710
2714
2715
2715
2711
2711
2707
2711
2712
2712
2712
2723
2720
2707
2710
2705
2692
2691
2690
2691
2684
2681
2684
2684
2680
2676
2675
2676
2674
2674
2672
2674
2672
2672
2672
2676
2672
2669
2669
2674
2682
2683
2685
2686
2686
2688
2691
2691
2687
2687
2691
2690
2685
2684
2685
2685
2692
2692
2694
2693
2696
2697
2676
2675
2673
2673
2671
2672
2681
2681
2680
2681
2677
2674
2672
2688
2691
2698
2699
2706
2706
2703
2704
2703
2696
2695
2700
2724
2721
2725
2721
2719
2718
2734
2731
2730
2737
2736
2734
2737
2741
2740
2743
2743
2755
2751
2759
2759
2761
2763
2760
2756
2744
2743
2742
2744
2743
2743
2745
2747
2744
2746
2740
2740
2737
2744
2743
2734
2730
2749
2747
2747
2727
2738
2744
2744
2742
2744
2742
2742
2734
2733
2756
2748
2755
2751
2766
2772
2770
2770
2746
2742
2735
2735
2729
2738
2738
2738
2732
2732
2739
2737
2736
2735
2716
2716
2719
2715
2716
2719
2717
2719
2722
2719
2711
2695
2692
2686
2700
2694
2696
2714
2712
2702
2697
2700
2697
2703
2702
2713
2731
2744
2745
2746
2748
2747
2750
2750
2751
2733
2730
2729
2729
2729
2728
2728
2726
2735
2735
2735
2735
2733
2732
2731
2730
2727
2727
2726
2743
2744
2745
2746
2748
2749
2750
2750
2755
2748
2750
2752
2756
2752
2752
2753
2764
2770
2773
2771
2770
2773
2767
2766
2773
2757
2758
2785
2780
2786
2778
2777
2785
2778
2785
2789
2789
2787
2780
2777
2779
2772
2779
2776
2793
2795
2796
2790
2790
2790
2792
2796
2796
2788
2775
2779
2774
2775
2771
2758
2755
2750
2750
2754
2749
2752
2750
2756
2753
2749
2751
2748
2732
2737
2731
2736
2742
2735
2735
2763
2763
2765
2765
2764
2765
2765
2760
2765
2759
2762
2760
2760
2760
2757
2754
2759
2760
2757
2760
2760
2766
2766
2775
2755
2755
2755
2765
2755
2751
2752
2771
2766
2767
2766
2768
2760
2769
2773
2773
2758
2762
2735
2747
2728
2723
2719
2732
2726
2723
2741
2745
2744
2743
2733
2750
2752
2772
2778
2770
2770
2771
2773
2767
2781
2778
2769
2772
2772
2771
2780
2786
2764
2766
2765
2761
2755
2754
2753
2768
2772
2775
2781
2785
2790
2787
2791
2800
2799
2790
2788
2785
2790
2790
2790
2785
2791
2790
2782
2782
2781
2785
2786
2804
2816
2816
2810
2815
2820
2820
2789
2792
2786
2792
2786
2787
2795
2770
2760
2760
2750
2755
2753
2756
2756
2763
2753
2750
2755
2736
2745
2741
2748
2762
2765
2756
2757
2756
2752
2753
2755
2750
2742
2745
2759
2763
2760
2764
2765
2760
2765
2761
2724
2720
2737
2736
2740
2715
2715
2712
2712
2710
2706
2709
2695
2691
2691
2690
2683
2680
2680
2683
2682
2679
2680
2682
2685
2685
2683
2694
2695
2698
2693
2699
2690
2688
2681
2681
2678
2681
2681
2672
2681
2681
2676
2676
2675
2668
2666
2666
2663
2660
2660
2662
2667
2667
2665
2668
2670
2672
2681
2677
2678
2677
2662
2662
2662
2666
2683
2683
2678
2676
2698
2680
2680
2680
2678
2684
2684
2694
2695
2705
2699
2698
2693
2702
2697
2696
2700
2706
2721
2700
2698
2690
2682
2673
2670
2672
2677
2677
2663
2666
2657
2652
2653
2651
2655
2658
2665
2661
2661
2670
2665
2662
2675
2675
2679
2679
2678
2683
2645
2651
2650
2650
2645
2638
2648
2645
2644
2650
2650
2650
2646
2646
2655
2644
2644
2637
2647
2639
2635
2632
2630
2593
2585
2580
2578
2569
2558
2557
2562
2563
2550
2550
2549
2562
2565
2565
2561
2573
2566
2565
2572
2567
2565
2561
2562
2563
2562
2561
2569
2571
2571
2571
2575
2575
2575
2575
2575
2578
2580
2584
2578
2578
2580
2578
2580
2579
2563
2567
2564
2562
2559
2559
2559
2558
2558
2565
2555
2560
2560
2554
2562
2562
2558
2547
2542
2543
2536
2538
2537
2533
2528
2546
2546
2542
2541
2542
2545
2560
2566
2558
2557
2550
2550
2553
2554
2540
2560
2559
2560
2573
2574
2570
2575
2573
2576
2570
2574
2574
2574
2573
2574
2582
2580
2580
2576
2576
2574
2570
2570
2568
2566
2572
2564
2568
2564
2564
2571
2573
2582
2584
2584
2583
2575
2581
2583
2580
2585
2592
2584
2582
2584
2575
2573
2571
2571
2576
2577
2587
2595
2590
2584
2587
2584
2581
2581
2581
2582
2584
2584
2557
2560
2558
2558
2558
2554
2555
2550
2550
2552
2552
2550
2552
2552
2551
2541
2534
2534
2530
2541
2541
2545
2535
2538
2535
2538
2540
2538
2538
2543
2547
2549
2551
2551
2549
2551
2560
2562
2566
2561
2561
2553
2563
2564
2561
2566
2566
2568
2565
2567
2559
2559
2560
2569
2562
2562
2557
2554
2548
2548
2554
2551
2552
2562
2564
2562
2572
2572
2570
2570
2570
2575
2570
2574
2572
2547
2542
2547
2544
2544
2545
2548
2550
2549
2548
2524
2528
2522
2520
2522
2525
2523
2532
2535
2530
2530
2532
2530
2538
2538
2534
2526
2526
2520
2520
2522
2526
2543
2550
2550
2550
2550
2547
2543
2546
2550
2553
2549
2545
2544
2537
2545
2535
2538
2536
2536
2535
2540
2542
2545
2545
2533
2527
2522
2513
2510
2525
2530
2530
2535
2517
2518
2522
2526
2511
2503
2497
2510
2502
2488
2488
2491
2488
2476
2478
2477
2479
2476
2475
2472
2464
2457
2481
2488
2488
2488
2486
2489
2490
2494
2497
2492
2512
2506
2495
2492
2495
2489
2497
2498
2498
2492
2480
2485
2477
2485
2494
2471
2475
2485
2477
2476
2484
2496
2497
2482
2474
2475
2477
2480
2479
2485
2462
2466
2472
2476
2477
2471
2490
2495
2488
2486
2481
2489
2491
2476
2489
2494
2470
2473
2476
2475
2468
2477
2441
2438
2441
2441
2438
2435
2450
2449
2449
2442
2435
2440
2442
2442
2440
2440
2436
2414
2437
2437
2439
2437
2428
2449
2443
2461
2466
2477
2488
2492
2490
2490
2490
2490
2492
2491
2492
2500
2508
2508
2504
2500
2490
2490
2489
2486
2487
2487
2487
2478
2472
2484
2486
2486
2480
2480
2494
2487
2484
2473
2467
2473
2469
2491
2491
2494
2488
2511
2518
2514
2513
2524
2524
2537
2541
2541
2541
2545
2550
2543
2542
2538
2538
2537
2554
2552
2550
2546
2540
2538
2535
2540
2545
2552
2535
2523
2515
2523
2522
2514
2509
2502
2519
2523
2516
2524
2513
2522
2522
2519
2519
2519
2510
2515
2518
2498
2498
2512
2518
2513
2496
2497
2503
2488
2485
2479
2522
2517
2513
2511
2502
2509
2519
2497
2489
2484
2484
2490
2487
2487
2463
2471
2468
2483
2481
2488
2482
2467
2467
2452
2468
2466
2467
2462
2461
2457
2448
2448
2448
2448
2443
2439
2455
2456
2476
2462
2469
2474
2476
2470
2465
2465
2460
2465
2469
2459
2478
2485
2486
2483
2473
2469
2497
2488
2475
2479
2478
2480
2486
2512
2514
2515
2517
2522
2523
2522
2524
2531
2524
2531
2515
2524
2534
2538
2534
2537
2516
2504
2499
2502
2502
2502
2506
2505
2489
2485
2471
2495
2489
2484
2506
2500
2491
2496
2537
2532
2528
2535
2564
2568
2563
2563
2564
2576
2568
2572
2596
2588
2589
2590
2605
2608
2608
2597
2595
2585
2588
2588
2590
2586
2581
2575
2565
2564
2564
2555
2565
2555
2556
2550
2545
2545
2540
2555
2555
2560
2550
2545
2539
2539
2537
2530
2540
2534
2543
2543
2527
2536
2541
2556
2562
2557
2555
2575
2577
2566
2545
2530
2556
2539
2529
2484
2459
2456
2460
2468
2460
2484
2477
2476
2467
2475
2475
2480
2485
2490
2486
2485
2477
2472
2467
2457
2473
2493
2490
2476
2495
2500
2492
2527
2540
2548
2540
2541
2540
2550
2550
2540
2548
2543
2553
2570
2527
2527
2530
2531
2524
2530
2528
2531
2532
2535
2535
2534
2542
2542
2540
2543
2550
2545
2540
2545
2532
2538
2549
2550
2576
2582
2592
2591
2590
2590
2596
2592
2592
2588
2580
2576
2576
2581
2586
2589
2582
2555
2553
2560
2552
2570
2569
2565
2550
2569
2565
2545
2533
2539
2530
2522
2522
2534
2540
2581
2577
2565
2592
2594
2593
2588
2580
2574
2556
2578
2578
2555
2558
2587
2589
2583
2579
2600
2612
2589
2610
2620
2610
2669
2669
2676
2676
2675
2675
2672
2673
2671
2659
2675
2660
2658
2665
2650
2650
2678
2691
2694
2690
2687
2687
2693
2682
2674
2675
2664
2664
2667
2664
2664
2684
2679
2669
2661
2659
2659
2659
2660
2665
2657
2646
2655
2670
2680
2682
2673
2673
2672
2666
2685
2657
2656
2712
2719
2722
2701
2758
2767
2769
2767
2770
2767
2760
2761
2761
2761
2761
2761
2758
2758
2760
2760
2757
2759
2757
2758
2752
2756
2759
2749
2749
2749
2748
2748
2748
2755
2764
2757
2759
2757
2759
2759
2756
2756
2755
2756
2756
2757
2751
2751
2751
2751
2751
2751
2750
2752
2745
2750
2750
2750
2748
2753
2753
2747
2743
2743
2746
2754
2754
2755
2754
2753
2755
2755
2751
2751
2765
2753
2748
2753
2753
2753
2751
2757
2758
2757
2754
2754
2756
2756
2757
2754
2754
2756
2755
2751
2755
2751
2760
2760
2763
2765
2762
2760
2760
2772
2770
2772
2772
2775
2773
2773
2770
2760
2754
2747
2747
2746
2745
2757
2753
2760
2755
2750
2755
2760
2760
2760
2760
2760
2759
2753
2753
2757
2760
2763
2760
2764
2753
2750
2750
2750
2749
2752
2753
2753
2753
2748
2753
2753
2753
2754
2749
2752
2756
2757
2758
2757
2751
2753
2758
2758
2758
2759
2755
2755
2760
2760
2759
2758
2759
2759
2761
2758
2762
2767
2769
2773
2759
2761
2751
2747
2746
2746
2740
2750
2738
2733
2737
2737
2738
2740
2738
2738
2728
2736
2736
2731
2731
2730
2725
2727
2742
2741
2740
2732
2740
2737
2737
2739
2740
2753
2760
2762
2762
2764
2761
2765
2766
2766
2764
2760
2759
2768
2768
2769
2765
2766
2766
2766
2765
2762
2765
2759
2759
2770
2769
2769
2766
2765
2779
2784
2783
2786
2786
2780
2786
2784
2788
2790
2785
2783
2775
2782
2782
2779
2770
2779
2782
2786
2787
2788
2785
2785
2788
2784
2796
2785
2793
2790
2791
2770
2776
2790
2793
2795
2783
2794
2785
2765
2763
2763
2758
2765
2764
2764
2765
2761
2769
2769
2765
2761
2756
2757
2750
2763
2763
2759
2760
2760
2760
2760
2763
2757
2760
2760
2763
2765
2770
2770
2770
2769
2769
2761
2760
2761
2756
2756
2759
2759
2755
2757
2758
2757
2756
2756
2767
2758
2757
2758
2757
2753
2752
2752
2752
2752
2747
2755
2756
2767
2755
2762
2768
2762
2758
2756
2756
2750
2751
2751
2751
2737
2737
2731
2725
2730
2725
2730
2724
2727
2729
2728
2729
2730
2724
2727
2731
2730
2742
2740
2743
2743
2740
2734
2730
2734
2730
2711
2714
2722
2717
2735
2735
2735
2729
2729
2735
2729
2729
2726
2731
2725
2728
2717
2718
2713
2719
2712
2715
2720
2707
2706
2707
2707
2710
2739
2738
2738
2738
2745
2745
2752
2747
2745
2747
2747
2749
2749
2746
2745
2751
2750
2749
2749
2749
2749
2747
2738
2753
2763
2762
2762
2766
2767
2767
2768
2773
2775
2770
2770
2766
2766
2768
2766
2768
2762
2757
2765
2769
2775
2775
2775
2771
2765
2762
2760
2756
2760
2752
2756
2759
2763
2756
2768
2768
2768
2760
2760
2753
2766
2765
2747
2747
2747
2747
2739
2735
2734
2733
2733
2728
2757
2752
2744
2762
2761
2754
2751
2745
2745
2743
2740
2725
2734
2730
2734
2734
2727
2720
2718
2718
2736
2730
2766
2760
2769
2767
2772
2770
2769
2771
2777
2776
2787
2788
2783
2783
2783
2783
2780
2780
2785
2777
2799
2798
2793
2772
2772
2764
2759
2769
2769
2771
2761
2770
2771
2761
2776
2770
2778
2785
2780
2780
2777
2774
2761
2777
2776
2770
2770
2769
2769
2770
2769
2777
2770
2747
2779
2779
2768
2784
2790
2788
2775
2775
2759
2759
2771
2772
2777
2783
2783
2783
2777
2779
2771
2762
2754
2743
2750
2754
2759
2767
2770
2777
2777
2777
2777
2783
2778
2781
2781
2782
2787
2783
2764
2763
2769
2759
2777
2790
2787
2798
2793
2783
2784
2791
2782
2793
2780
2791
2801
2818
2805
2787
2785
2778
2787
2791
2793
2790
2770
2755
2743
2732
2736
2740
2739
2741
2741
2748
2728
2725
2728
2726
2725
2694
2692
2692
2700
2694
2693
2688
2673
2660
2671
2688
2679
2669
2680
2645
2645
2652
2675
2668
2678
2673
2676
2697
2702
2700
2702
2685
2688
2696
2688
2705
2732
2731
2730
2740
2740
2740
2749
2755
2750
2750
2750
2745
2745
2754
2749
2736
2730
2729
2728
2725
2743
2737
2744
2750
2733
2721
2729
2738
2758
2765
2762
2760
2767
2768
2776
2790
2775
2783
2783
2783
2809
2809
2811
2822
2810
2815
2820
2823
2809
2791
2787
2803
2810
2818
2801
2800
2765
2765
2746
2746
2765
2771
2800
2790
2795
2816
2826
2821
2821
2821
2821
2827
2813
2812
2821
2818
2818
2818
2813
2816
2815
2825
2816
2815
2804
2805
2812
2823
2800
2809
2827
2830
2829
2821
2824
2848
2850
2849
2850
2846
2854
2840
2844
2838
2837
2836
2837
2855
2854
2849
2849
2847
2837
2840
2847
2848
2842
2847
2837
2835
2832
2833
2831
2828
2828
2842
2834
2822
2820
2817
2814
2820
2820
2828
2821
2822
2819
2818
2814
2814
2823
2823
2819
2824
2822
2830
2831
2834
2835
2828
2830
2824
2821
2815
2809
2809
2805
2812
2806
2804
2810
2806
2806
2813
2806
2810
2810
2799
2792
2792
2785
2803
2803
2811
2821
2821
2820
2825
2812
2810
2810
2804
2804
2804
2808
2811
2798
2797
2798
2798
2786
2785
2781
2810
2815
2818
2818
2818
2807
2805
2804
2805
2800
2830
2832
2834
2827
2833
2842
2838
2823
2822
2812
2811
2821
2808
2815
2812
2808
2807
2812
2817
2827
2833
2827
2819
2811
2816
2815
2812
2811
2818
2815
2811
2800
2791
2783
2793
2788
2788
2794
2788
2798
2769
2758
2758
2764
2769
2769
2760
2761
2770
2793
2797
2790
2768
2772
2766
2766
2771
2756
2756
2756
2751
2770
2768
2775
2775
2766
2763
2783
2820
2824
2824
2820
2822
2819
2825
2821
2807
2804
2808
2810
2819
2796
2825
2830
2846
2860
2853
2858
2858
2846
2848
2861
2872
2868
2865
2850
2851
2856
2878
2845
2840
2831
2832
2808
2803
2808
2802
2820
2810
2809
2806
2795
2815
2818
2815
2800
2805
2796
2797
2793
2788
2800
2798
2784
2781
2786
2790
2811
2812
2814
2820
2827
2823
2819
2813
2801
2797
2783
2790
2772
2774
2767
2767
2761
2741
2745
2740
2743
2738
2738
2742
2750
2747
2747
2752
2750
2752
2750
2750
2752
2748
2758
2753
2749
2745
2740
2745
2744
2748
2747
2748
2749
2749
2750
2748
2748
2748
2749
2749
2745
2734
2733
2724
2721
2717
2706
2706
2711
2711
2708
2704
2703
2703
2704
2704
2715
2712
2704
2713
2713
2713
2713
2710
2713
2719
2719
2723
2723
2726
2728
2726
2723
2720
2732
2733
2723
2730
2737
2743
2730
2731
2740
2743
2735
2723
2713
2698
2703
2709
2702
2707
2712
2713
2693
2697
2684
2684
2684
2686
2681
2685
2681
2681
2676
2669
2670
2670
2660
2667
2662
2671
2673
2675
2676
2677
2677
2676
2662
2662
2672
2680
2685
2690
2683
2671
2674
2648
2647
2643
2643
2640
2640
2630
2623
2621
2629
2635
2628
2627
2631
2650
2649
2652
2656
2645
2626
2639
2641
2648
2643
2649
2635
2646
2635
2645
2641
2633
2617
2629
2631
2621
2631
2626
2627
2627
2623
2624
2642
2643
2638
2625
2625
2630
2626
2626
2645
2632
2638
2645
2643
2653
2688
2688
2688
2690
2691
2693
2704
2707
2706
2710
2710
2705
2705
2709
2715
2713
2694
2675
2680
2684
2690
2694
2693
2703
2711
2711
2711
2705
2711
2693
2679
2683
2689
2705
2710
2729
2718
2728
2731
2726
2725
2720
2735
2735
2726
2721
2720
2707
2726
2710
2715
2719
2728
2726
2740
2748
2748
2750
2753
2755
2754
2756
2754
2750
2755
2755
2754
2748
2731
2751
2752
2755
2760
2752
2766
2750
2770
2760
2762
2762
2768
2755
2756
2774
2768
2780
2780
2769
2787
2780
2770
2770
2763
2770
2769
2759
2752
2746
2753
2751
2772
2767
2768
2745
2742
2735
2733
2730
2728
2708
2716
2716
2727
2732
2744
2722
2689
2689
2682
2681
2682
2670
2675
2702
2702
2689
2701
2706
2713
2720
2725
2728
2730
2727
2727
2737
2726
2716
2733
2740
2740
2752
2747
2727
2727
2719
2700
2699
2700
2710
2710
2700
2685
2708
2710
2722
2735
2732
2742
2745
2754
2756
2756
2754
2761
2754
2732
2735
2740
2739
2741
2723
2727
2750
2756
2760
2759
2759
2768
2764
2757
2777
2760
2761
2766
2781
2785
2785
2785
2795
2786
2785
2781
2794
2792
2793
2795
2783
2791
2739
2735
2734
2729
2730
2745
2745
2753
2748
2748
2757
2764
2766
2747
2724
2705
2700
2705
2708
2708
2707
2691
2727
2681
2681
2680
2687
2675
2675
2666
2693
2666
2679
2689
2689
2689
2720
2727
2726
2708
2717
2743
2731
2714
2737
2740
2752
2773
2789
2802
2801
2813
2824
2780
2780
2765
2782
2777
2770
2751
2755
2785
2782
2776
2775
2810
2742
2770
2770
2758
2736
2740
2729
2816
2823
2821
2786
2820
2861
2845
2810
2805
2800
2808
2831
2848
2900
2900
2887
2880
2823
2806
2789
2785
2787
2780
2775
2782
2785
2780
2775
2770
2755
2742
2743
2735
2740
2744
2740
2739
2733
2710
2700
2753
2770
2759
2751
2736
2736
2744
2717
2712
2720
2705
2708
2706
2706
2706
2695
2673
2674
2659
2652
2652
2652
2652
2656
2645
2650
2656
2666
2665
2658
2654
2650
2653
2648
2630
2638
2662
2661
2671
2676
2662
2665
2649
2612
2600
2588
2590
2568
2580
2593
2587
2590
2591
2604
2604
2605
2584
2592
2612
2618
2621
2613
2622
2580
2642
2646
2655
2657
2671
2650
2625
2620
2643
2637
2635
2631
2622
2634
2620
2606
2616
2643
2642
2640
2654
2636
2612
2598
2590
2585
2580
2578
2580
2573
2583
2585
2592
2602
2605
2599
2587
2610
2603
2604
2591
2590
2577
2585
2601
2585
2562
2525
2525
2525
2524
2517
2517
2530
2546
2550
2550
2540
2530
2522
2516
2495
2454
2457
2462
2457
2458
2463
2447
2396
2385
2358
2345
2337
2341
2333
2336
2343
2340
2340
2344
2342
2344
2339
2350
2349
2342
2339
2337
2335
2331
2332
2330
2320
2319
2320
2316
2316
2316
2316
2310
2317
2317
2310
2310
2319
2325
2331
2335
2331
2331
2321
2322
2323
2324
2324
2325
2324
2328
2320
2320
2319
2316
2309
2321
2308
2308
2324
2328
2328
2323
2328
2322
2328
2325
2325
2322
2325
2325
2334
2339
2345
2359
2355
2355
2352
2353
2352
2353
2351
2349
2347
2348
2345
2344
2337
2339
2331
2336
2336
2330
2330
2333
2336
2322
2331
2333
2326
2322
2323
2331
2331
2335
2344
2324
2329
2330
2331
2331
2334
2334
2339
2341
2327
2325
2335
2340
2342
2342
2343
2343
2343
2330
2326
2324
2327
2324
2320
2314
2304
2304
2302
2309
2306
2306
2306
2320
2323
2320
2329
2320
2317
2309
2301
2297
2300
2289
2283
2283
2281
2285
2282
2279
2285
2285
2284
2284
2284
2285
2281
2279
2282
2285
2282
2278
2265
2270
2264
2258
2260
2257
2257
2260
2260
2260
2263
2263
2282
2280
2273
2265
2283
2282
2281
2281
2279
2263
2267
2267
2258
2273
2270
2273
2285
2289
2278
2268
2258
2241
2253
2264
2268
2268
2255
2246
2247
2246
2239
2239
2227
2250
2230
2225
2231
2253
2242
2261
2257
2263
2270
2278
2285
2288
2285
2287
2287
2289
2287
2276
2287
2287
2283
2283
2276
2276
2271
2275
2282
2276
2284
2284
2285
2302
2299
2299
2294
2294
2311
2302
2309
2303
2300
2299
2299
2302
2307
2294
2293
2291
2295
2296
2307
2295
2298
2303
2296
2293
2312
2307
2322
2320
2316
2326
2323
2319
2319
2330
2344
2347
2345
2347
2339
2338
2313
2313
2313
2317
2316
2306
2310
2306
2290
2296
2298
2296
2294
2297
2301
2315
2319
2323
2316
2301
2324
2324
2321
2332
2332
2332
2333
2333
2315
2315
2308
2333
2337
2327
2340
2340
2344
2344
2344
2345
2354
2362
2351
2352
2351
2344
2351
2338
2338
2345
2354
2351
2359
2369
2369
2369
2369
2370
2372
2371
2372
2375
2375
2371
2378
2379
2380
2380
2373
2369
2357
2361
2355
2361
2370
2366
2350
2372
2372
2371
2372
2369
2384
2381
2381
2373
2389
2380
2378
2377
2395
2396
2396
2394
2380
2382
2385
2391
2388
2386
2385
2378
2378
2375
2370
2367
2367
2346
2349
2349
2349
2343
2358
2348
2352
2368
2368
2368
2365
2368
2362
2358
2362
2368
2368
2368
2351
2351
2349
2343
2339
2339
2339
2341
2341
2341
2354
2347
2340
2340
2340
2332
2321
2324
2324
2328
2330
2320
2335
2340
2340
2334
2340
2336
2331
2328
2336
2336
2335
2348
2348
2346
2349
2345
2345
2345
2345
2345
2349
2343
2348
2330
2327
2323
2320
2316
2299
2297
2297
2290
2261
2261
2261
2259
2259
2257
2258
2265
2265
2262
2266
2271
2271
2272
2276
2278
2278
2290
2275
2266
2254
2255
2260
2263
2253
2255
2272
2273
2276
2280
2288
2293
2295
2299
2309
2302
2297
2297
2306
2309
2311
2310
2284
2281
2292
2290
2276
2276
2294
2301
2302
2309
2309
2308
2308
2305
2305
2333
2336
2343
2350
2354
2354
2354
2360
2360
2365
2360
2349
2363
2360
2360
2344
2349
2353
2342
2343
2347
2363
2356
2346
2365
2365
2383
2389
2389
2390
2392
2375
2384
2380
2375
2372
2371
2372
2360
2361
2361
2358
2353
2358
2357
2356
2354
2350
2359
2360
2363
2363
2363
2356
2361
2365
2348
2348
2348
2349
2351
2337
2344
2341
2349
2349
2355
2355
2333
2327
2338
2336
2324
2330
2329
2333
2328
2318
2317
2301
2303
2295
2305
2299
2290
2290
2294
2284
2288
2305
2305
2315
2339
2337
2345
2352
2352
2350
2345
2341
2340
2338
2350
2338
2354
2353
2358
2360
2358
2354
2348
2346
2356
2340
2340
2336
2335
2338
2340
2337
2320
2330
2330
2330
2320
2328
2321
2315
2291
2312
2318
2318
2318
2304
2304
2302
2294
2290
2294
2296
2306
2307
2313
2315
2293
2300
2301
2287
2320
2320
2296
2301
2300
2305
2299
2267
2262
2252
2252
2252
2249
2262
2238
2223
2234
2237
2248
2254
2254
2249
2241
2244
2236
2227
2233
2234
2231
2221
2236
2238
2249
2242
2250
2255
2250
2252
2252
2260
2269
2256
2257
2275
2274
2286
2286
2285
2253
2262
2267
2273
2286
2289
2289
2295
2287
2289
2289
2279
2280
2275
2275
2277
2283
2271
2250
2248
2251
2251
2255
2259
2261
2280
2261
2257
2256
2255
2254
2267
2261
2267
2227
2224
2213
2220
2209
2218
2218
2210
2206
2210
2211
2220
2225
2216
2223
2220
2217
2205
2191
2189
2182
2183
2185
2172
2171
2174
2170
2174
2187
2175
2183
2172
2173
2180
2182
2180
2182
2192
2190
2189
2200
2198
2205
2202
2200
2199
2197
2202
2206
2204
2189
2189
2195
2181
2179
2175
2183
2183
2180
2172
2165
2168
2171
2172
2189
2184
2207
2197
2197
2212
2206
2193
2197
2197
2210
2213
2216
2224
2228
2220
2212
2212
2216
2215
2220
2203
2209
2208
2209
2216
2220
2225
2212
2209
2206
2170
2160
2163
2171
2170
2170
2166
2166
2160
2153
2163
2167
2170
2176
2181
2170
2166
2181
2169
2168
2167
2163
2162
2160
2160
2154
2153
2155
2160
2155
2140
2133
2132
2125
2122
2117
2122
2119
2117
2116
2125
2125
2134
2134
2144
2142
2134
2138
2124
2120
2135
2136
2136
2138
2125
2131
2123
2130
2134
2134
2134
2135
2124
2123
2116
2116
2125
2121
2119
2095
2084
2076
2076
2072
2063
2071
2057
2059
2060
2058
2058
2067
2066
2074
2069
2069
2066
2058
2051
2046
2051
2060
2058
2076
2070
2071
2083
2080
2080
2073
2058
2056
2047
2045
2040
2024
2022
2020
2021
2016
2014
2013
2007
2015
2020
2020
2030
2030
2028
2009
2011
2002
1999
1999
1996
1990
1981
1984
1984
1990
1987
2011
2012
2015
2019
2014
2014
2008
2015
2026
2028
2025
2031
2038
2036
2044
2038
2030
2022
2047
2057
2050
2056
2050
2056
2051
2050
2057
2069
2074
2071
2080
2076
2070
2056
2050
2055
2053
2037
2040
2060
2063
2061
2070
2070
2068
2070
2076
2080
2083
2090
2073
2060
2058
2067
2071
2065
2070
2084
2070
2086
2090
2076
2054
2045
2041
2035
2031
2008
2025
2011
2014
1999
1996
1994
1996
1990
1990
1989
1990
1988
1975
1979
1977
1983
1988
1985
1988
1987
1983
1983
1983
1982
1973
1967
1971
1962
1962
1972
1961
1952
1961
1947
1948
1948
1947
1953
1955
1952
1955
1955
1957
1966
1964
1964
1968
1976
1979
1977
1976
1980
1985
1985
1985
1978
1974
1970
1970
1977
1956
1960
1950
1938
1950
1934
1931
1930
1929
1929
1930
1924
1932
1924
1923
1922
1915
1917
1920
1911
1911
1911
1916
1901
1907
1919
1911
1918
1925
1920
1923
1929
1935
1933
1940
1960
1951
1946
1941
1936
1934
1929
1929
1920
1925
1910
1914
1892
1886
1895
1889
1896
1900
1876
1876
1876
1876
1875
1883
1870
1872
1870
1857
1862
1865
1861
1863
1868
1888
1889
1893
1888
1892
1892
1892
1903
1904
1898
1887
1880
1870
1866
1875
1870
1881
1885
1898
1895
1893
1890
1895
1895
1913
1912
1904
1906
1911
1911
1909
1911
1932
1932
1932
1927
1938
1945
1945
1927
1931
1948
1948
1951
1947
1941
1947
1949
1950
1955
1949
1937
1944
1942
1936
1921
1922
1916
1910
1910
1914
1912
1905
1903
1900
1905
1911
1917
1922
1913
1925
1925
1928
1907
1911
1905
1907
1892
1894
1889
1898
1882
1878
1885
1883
1889
1890
1888
1891
1885
1906
1908
1910
1907
1915
1900
1917
1899
1895
1919
1895
1915
1910
1873
1854
1852
1840
1832
1836
1854
1854
1851
1852
1861
1855
1861
1860
1875
1865
1872
1879
1880
1863
1868
1900
1904
1907
1905
1908
1910
1913
1922
1933
1935
1930
1927
1928
1929
1935
1936
1942
1939
1935
1918
1915
1912
1923
1930
1922
1939
1935
1926
1953
1959
1970
1966
1954
1964
1980
1978
1978
1971
1972
1959
1959
1962
1982
1983
1985
1987
1982
1979
1975
1975
1975
1972
1966
1976
1975
1968
1985
1985
1987
1987
1992
1990
1975
1972
1978
1968
1977
1986
1992
2004
2000
2009
2005
2005
1997
2019
2021
2021
2020
1998
1998
2002
2006
2006
2008
2016
2022
2014
2022
2018
2017
2030
2014
2041
2039
2042
2033
2042
2039
2040
2014
2028
2028
2018
2010
2017
2023
2004
2002
2000
1985
1983
1982
1983
1988
1988
1993
1990
1983
1982
1977
1974
1971
1957
1951
1951
1955
1956
1956
1958
1960
1964
1960
1960
1960
1974
1970
1965
1969
1967
1971
1975
1975
1985
1985
1989
1981
1982
1971
1971
1984
1987
1995
1980
2019
2029
2029
2046
2051
2053
2038
2054
2055
2044
2054
2050
2038
2030
2030
2012
2045
2045
2043
2036
2031
2031
2021
2021
2025
2020
2015
2016
2015
2020
2020
2033
2015
2043
2034
2042
2047
2048
2048
2057
2081
2075
2075
2082
2076
2086
2080
2090
2081
2072
2079
2074
2074
2079
2092
2085
2074
2068
2067
2066
2074
2073
2061
2077
2079
2077
2063
2064
2071
2070
2089
2088
2083
2094
2086
2073
2074
2068
2079
2081
2095
2075
2070
2065
2065
2061
2059
2050
2049
2050
2056
2057
2050
2058
2062
2064
2069
2075
2056
2030
2023
2030
2042
2027
2040
2045
2013
2008
2002
2000
2014
2016
2012
2011
2024
1992
1983
1978
1979
1980
1981
1987
1998
1998
2000
2002
2017
2010
2013
2029
2030
2035
2039
2040
2044
2040
2050
2048
2043
2041
2037
2013
2010
2007
2007
2015
2017
2037
2037
2037
2025
2036
2041
2035
2033
2055
2061
2053
2053
2046
2058
2060
2062
2055
2057
2060
2055
2050
2062
2062
2068
2071
2077
2082
2093
2087
2085
2080
2076
2070
2076
2079
2071
2067
2068
2070
2048
2056
2073
2087
2069
2050
2054
2057
2050
2047
2044
2037
2035
2039
2061
2056
2056
2042
2074
2075
2074
2054
2056
2047
2054
2054
2040
2050
2057
2057
2038
2036
2072
2077
2072
2077
2067
2083
2095
2099
2106
2105
2104
2089
2089
2090
2099
2081
2080
2086
2086
2090
2107
2113
2113
2120
2120
2119
2119
2113
2118
2109
2114
2124
2124
2129
2125
2121
2119
2107
2094
2079
2075
2085
2084
2115
2110
2101
2111
2145
2141
2143
2143
2130
2139
2132
2143
2145
2151
2160
2162
2156
2168
2150
2164
2167
2179
2173
2191
2198
2199
2201
2204
2202
2207
2204
2203
2198
2198
2200
2201
2203
2203
2200
2198
2198
2198
2204
2208
2210
2216
2220
2209
2216
2220
2218
2203
2209
2204
2207
2213
2214
2225
2222
2224
2220
2213
2209
2195
2168
2172
2170
2169
2170
2176
2184
2175
2174
2172
2172
2174
2185
2183
2184
2147
2169
2166
2167
2168
2161
2166
2166
2170
2173
2175
2200
2200
2198
2197
2198
2199
2198
2200
2195
2199
2198
2197
2196
2204
2204
2220
2224
2210
2210
2196
2194
2192
2190
2191
2196
2194
2189
2185
2189
2188
2188
2198
2198
2194
2200
2196
2193
2199
2197
2208
2210
2200
2200
2185
2195
2196
2198
2202
2204
2212
2225
2229
2222
2229
2234
2259
2266
2258
2260
2263
2263
2264
2283
2290
2289
2290
2290
2290
2288
2290
2290
2278
2283
2276
2265
2265
2258
2263
2273
2267
2267
2273
2275
2275
2276
2281
2285
2287
2290
2299
2287
2299
2297
2294
2294
2281
2275
2275
2269
2275
2269
2260
2299
2310
2315
2315
2316
2310
2310
2313
2313
2315
2320
2328
2329
2330
2335
2337
2338
2342
2340
2342
2344
2344
2344
2344
2344
2344
2342
2344
2346
2345
2345
2338
2330
2339
2341
2344
2344
2335
2345
2342
2345
2345
2344
2343
2344
2344
2344
2344
2342
2341
2341
2341
2341
2341
2341
2341
2341
2342
2342
2343
2350
2346
2350
2344
2349
2357
2356
2356
2358
2356
2357
2358
2354
2350
2350
2346
2345
2344
2344
2346
2346
2347
2347
2348
2335
2335
2328
2330
2329
2330
2323
2332
2334
2334
2333
2330
2329
2329
2334
2326
2326
2326
2325
2327
2328
2325
2325
2321
2320
2323
2318
2319
2314
2319
2318
2326
2321
2322
2316
2313
2314
2313
2316
2312
2313
2318
2315
2319
2318
2321
2319
2314
2318
2322
2331
2333
2333
2334
2335
2334
2324
2324
2321
2331
2331
2330
2342
2336
2335
2338
2342
2342
2346
2345
2341
2340
2340
2340
2350
2348
2350
2350
2349
2349
2349
2349
2346
2344
2343
2348
2348
2348
2349
2348
2349
2349
2343
2346
2343
2332
2326
2324
2326
2342
2338
2344
2340
2340
2340
2341
2341
2338
2334
2334
2335
2337
2333
2333
2346
2341
2348
2346
2342
2340
2342
2338
2338
2334
2334
2334
2318
2317
2329
2333
2333
2338
2331
2330
2341
2341
2341
2340
2339
2335
2340
2342
2332
2326
2322
2322
2326
2328
2330
2331
2335
2332
2336
2347
2350
2347
2352
2348
2352
2348
2352
2356
2356
2351
2351
2351
2350
2350
2352
2355
2358
2355
2345
2345
2341
2336
2337
2346
2342
2343
2351
2349
2357
2353
2355
2354
2352
2354
2350
2350
2360
2365
2365
2365
2370
2359
2359
2358
2362
2362
2362
2360
2356
2356
2364
2370
2363
2370
2372
2372
2372
2371
2364
2361
2365
2367
2357
2363
2369
2370
2372
2373
2388
2385
2386
2385
2388
2388
2392
2395
2395
2396
2395
2400
2395
2403
2399
2394
2397
2394
2394
2390
2394
2389
2389
2390
2388
2390
2390
2390
2390
2390
2390
2385
2389
2390
2390
2386
2387
2383
2385
2380
2380
2377
2380
2379
2385
2388
2385
2388
2388
2387
2388
2389
2393
2392
2392
2390
2391
2391
2391
2392
2391
2394
2394
2395
2390
2387
2392
2391
2378
2377
2375
2375
2371
2371
2371
2370
2367
2368
2370
2372
2372
2365
2365
2369
2370
2379
2377
2380
2377
2380
2382
2382
2382
2382
2382
2383
2381
2379
2379
2380
2380
2385
2390
2386
2385
2386
2385
2385
2380
2376
2378
2380
2383
2386
2392
2389
2389
2388
2395
2402
2404
2406
2406
2405
2409
2409
2410
2409
2410
2411
2416
2416
2418
2415
2412
2416
2416
2416
2425
2423
2420
2418
2420
2419
2415
2411
2405
2403
2406
2406
2410
2409
2400
2403
2402
2402
2395
2393
2395
2395
2394
2390
2394
2393
2392
2390
2384
2392
2389
2395
2391
2381
2395
2383
2389
2395
2391
2387
2388
2384
2386
2383
2377
2374
2369
2372
2373
2373
2373
2368
2372
2374
2369
2378
2383
2375
2376
2369
2369
2368
2366
2375
2371
2378
2373
2364
2359
2358
2367
2371
2373
2372
2372
2366
2361
2359
2366
2379
2383
2381
2373
2380
2391
2392
2394
2394
2394
2390
2400
2400
2400
2397
2398
2393
2400
2400
2400
2393
2390
2394
2396
2403
2401
2399
2402
2402
2399
2399
2390
2384
2386
2390
2390
2389
2389
2395
2392
2393
2390
2388
2397
2386
2388
2395
2393
2406
2406
2400
2400
2409
2406
2404
2401
2395
2392
2397
2394
2389
2389
2387
2392
2386
2387
2382
2379
2377
2376
2382
2382
2384
2383
2374
2372
2371
2375
2375
2363
2360
2360
2360
2359
2357
2359
2355
2357
2354
2353
2353
2352
2353
2357
2352
2352
2350
2355
2355
2352
2353
2353
2353
2357
2353
2352
2352
2354
2354
2354
2354
2360
2350
2354
2357
2362
2365
2360
2360
2374
2379
2376
2372
2368
2369
2370
2373
2383
2381
2380
2375
2370
2370
2368
2359
2357
2356
2355
2350
2344
2348
2342
2346
2351
2337
2329
2330
2331
2332
2335
2341
2349
2350
2349
2349
2351
2352
2355
2353
2352
2357
2346
2348
2353
2348
2344
2348
2349
2349
2350
2348
2347
2334
2334
2338
2323
2322
2319
2312
2313
2306
2317
2317
2315
2315
2305
2312
2318
2320
2315
2323
2322
2318
2320
2320
2314
2315
2314
2311
2310
2306
2309
2310
2325
2324
2314
2314
2307
2302
2320
2324
2316
2314
2310
2314
2320
2324
2322
2321
2320
2319
2319
2325
2323
2324
2323
2298
2276
2271
2266
2287
2287
2289
2289
2287
2283
2281
2281
2283
2282
2283
2287
2275
2259
2268
2249
2267
2259
2247
2251
2261
2263
2261
2265
2264
2265
2261
2259
2264
2268
2275
2292
2290
2296
2289
2289
2283
2276
2287
2287
2279
2279
2279
2266
2266
2279
2279
2274
2293
2302
2298
2311
2303
2308
2316
2313
2313
2319
2340
2332
2340
2326
2325
2328
2326
2331
2337
2340
2340
2340
2338
2337
2342
2344
2343
2355
2352
2348
2332
2332
2332
2330
2329
2333
2340
2347
2347
2350
2347
2349
2348
2349
2342
2345
2347
2345
2341
2341
2337
2325
2321
2320
2321
2314
2313
2319
2320
2314
2318
2320
2322
2326
2327
2323
2318
2320
2315
2318
2317
2314
2317
2332
2328
2333
2332
2328
2329
2322
2331
2337
2345
2339
2339
2339
2335
2350
2353
2340
2339
2340
2345
2335
2340
2337
2352
2350
2353
2354
2354
2355
2359
2359
2362
2359
2362
2359
2357
2357
2354
2357
2353
2363
2358
2358
2355
2357
2357
2356
2361
2361
2360
2362
2363
2370
2369
2370
2367
2370
2370
2368
2361
2359
2355
2350
2347
2349
2349
2350
2343
2343
2346
2350
2358
2360
2360
2358
2356
2355
2352
2360
2360
2367
2365
2363
2363
2355
2361
2356
2340
2350
2340
2343
2345
2342
2345
2365
2366
2360
2360
2365
2360
2360
2360
2356
2360
2365
2367
2365
2366
2365
2364
2370
2367
2375
2385
2392
2388
2395
2395
2396
2395
2389
2379
2380
2368
2362
2367
2367
2366
2362
2368
2371
2356
2350
2346
2342
2346
2351
2344
2345
2345
2342
2340
2340
2343
2345
2356
2349
2357
2352
2344
2344
2349
2349
2344
2339
2335
2343
2350
2350
2350
2340
2340
2340
2346
2350
2363
2357
2366
2360
2356
2350
2354
2356
2355
2347
2337
2321
2320
2320
2321
2321
2325
2324
2322
2330
2330
2326
2328
2328
2336
2336
2339
2320
2313
2320
2320
2305
2300
2300
2300
2304
2299
2270
2255
2280
2290
2290
2288
2280
2299
2300
2315
2325
2327
2336
2330
2330
2332
2330
2319
2315
2315
2315
2315
2307
2309
2321
2324
2325
2313
2303
2294
2289
2291
2295
2301
2301
2309
2313
2310
2322
2328
2322
2331
2336
2324
2319
2333
2345
2348
2345
2322
2330
2338
2338
2340
2347
2353
2353
2354
2349
2351
2351
2358
2355
2350
2350
2353
2353
2351
2350
2348
2344
2335
2351
2352
2348
2352
2345
2346
2359
2358
2363
2345
2359
2360
2370
2368
2360
2355
2358
2335
2327
2333
2332
2326
2341
2335
2330
2325
2313
2281
2267
2270
2290
2300
2302
2316
2328
2322
2334
2341
2325
2320
2334
2338
2338
2327
2346
2355
2354
2367
2354
2350
2332
2335
2340
2342
2335
2325
2329
2317
2318
2346
2357
2354
2352
2349
2344
2359
2355
2381
2382
2382
2382
2382
2375
2387
2379
2379
2378
2377
2379
2378
2369
2396
2400
2409
2409
2409
2410
2410
2404
2409
2414
2414
2414
2409
2412
2412
2412
2412
2410
2412
2410
2409
2411
2420
2422
2402
2400
2392
2400
2400
2405
2403
2390
2399
2405
2410
2414
2421
2422
2419
2419
2420
2421
2415
2423
2423
2410
2410
2410
2408
2409
2417
2416
2434
2430
2428
2411
2411
2415
2416
2409
2420
2400
2400
2398
2420
2414
2413
2421
2421
2409
2401
2397
2399
2403
2371
2439
2440
2425
2421
2440
2434
2435
2435
2420
2418
2459
2466
2468
2479
2472
2474
2472
2461
2469
2480
2482
2475
2470
2476
2469
2464
2480
2480
2486
2483
2494
2488
2490
2477
2500
2500
2499
2505
2505
2511
2511
2515
2514
2518
2521
2521
2520
2517
2517
2516
2514
2514
2516
2516
2516
2519
2513
2518
2516
2515
2523
2524
2526
2525
2523
2520
2524
2523
2522
2522
2521
2520
2520
2515
2520
2522
2518
2519
2523
2516
2521
2519
2519
2515
2515
2522
2517
2522
2522
2513
2514
2514
2515
2515
2515
2513
2512
2510
2504
2507
2505
2505
2507
2508
2507
2509
2507
2509
2507
2509
2511
2511
2507
2507
2507
2507
2507
2507
2507
2505
2506
2506
2503
2504
2501
2500
2498
2500
2500
2500
2500
2501
2503
2508
2508
2508
2508
2510
2510
2510
2505
2510
2509
2510
2513
2513
2509
2508
2506
2511
2510
2516
2520
2510
2510
2510
2510
2510
2500
2500
2497
2498
2501
2502
2502
2507
2507
2507
2507
2507
2510
2505
2497
2494
2491
2494
2492
2500
2501
2501
2503
2501
2501
2509
2510
2511
2517
2510
2502
2502
2505
2506
2508
2510
2506
2513
2513
2513
2510
2507
2506
2520
2516
2519
2529
2526
2527
2530
2525
2519
2525
2525
2520
2521
2517
2526
2530
2530
2534
2534
2530
2533
2528
2535
2535
2535
2540
2536
2540
2534
2536
2536
2539
2539
2533
2530
2534
2534
2534
2534
2541
2535
2538
2538
2538
2540
2540
2542
2542
2542
2540
2542
2545
2542
2540
2534
2542
2552
2552
2555
2555
2551
2546
2546
2545
2545
2543
2545
2545
2547
2544
2546
2551
2543
2547
2544
2544
2544
2549
2550
2556
2556
2548
2556
2554
2553
2552
2554
2552
2558
2560
2556
2548
2553
2557
2545
2543
2536
2536
2536
2543
2543
2540
2540
2542
2542
2543
2538
2543
2542
2538
2543
2543
2543
2540
2542
2539
2539
2539
2537
2536
2534
2534
2532
2532
2534
2534
2534
2533
2536
2534
2536
2536
2535
2538
2544
2542
2547
2545
2542
2539
2534
2543
2545
2547
2545
2547
2546
2544
2540
2539
2539
2540
2543
2536
2535
2536
2537
2536
2541
2540
2540
2539
2539
2538
2538
2538
2538
2538
2536
2535
2534
2533
2532
2532
2533
2533
2531
2528
2523
2527
2527
2527
2529
2529
2531
2531
2531
2530
2530
2524
2520
2518
2523
2525
2532
2532
2532
2532
2528
2533
2532
2533
2526
2535
2533
2533
2528
2535
2542
2540
2539
2538
2538
2538
2542
2543
2541
2543
2541
2542
2542
2545
2532
2531
2536
2530
2529
2530
2545
2544
2545
2546
2545
2547
2546
2547
2548
2549
2549
2552
2552
2554
2554
2554
2549
2555
2558
2559
2559
2559
2559
2559
2558
2559
2559
2558
2558
2550
2549
2552
2557
2554
2555
2555
2556
2551
2556
2550
2550
2550
2549
2549
2544
2544
2543
2543
2538
2546
2555
2552
2551
2550
2550
2550
2546
2544
2547
2550
2551
2550
2548
2552
2546
2546
2556
2556
2555
2556
2556
2555
2554
2548
2547
2552
2554
2552
2551
2544
2551
2550
2546
2546
2546
2552
2551
2545
2550
2543
2539
2543
2550
2550
2550
2542
2537
2550
2542
2539
2529
2530
2529
2532
2540
2533
2536
2529
2539
2539
2534
2530
2530
2538
2540
2540
2538
2538
2538
2550
2538
2542
2547
2544
2540
2545
2549
2547
2546
2543
2538
2539
2535
2535
2531
2525
2523
2535
2534
2530
2526
2523
2518
2525
2522
2513
2515
2515
2516
2516
2510
2510
2510
2518
2516
2519
2514
2513
2511
2512
2511
2517
2516
2516
2534
2529
2535
2534
2527
2528
2533
2533
2534
2533
2530
2522
2528
2521
2524
2525
2526
2528
2526
2526
2534
2524
2525
2530
2529
2529
2535
2533
2532
2532
2532
2534
2535
2539
2536
2527
2524
2524
2525
2524
2518
2518
2518
2518
2526
2529
2530
2528
2528
2524
2524
2520
2524
2515
2522
2525
2525
2525
2522
2522
2522
2525
2525
2519
2519
2514
2510
2506
2498
2498
2509
2511
2512
2515
2513
2512
2512
2514
2519
2519
2520
2520
2517
2521
2520
2519
2516
2523
2524
2520
2515
2514
2517
2515
2513
2512
2509
2510
2510
2507
2505
2505
2509
2509
2508
2508
2503
2510
2514
2513
2509
2508
2502
2501
2501
2497
2495
2500
2491
2498
2499
2499
2490
2495
2495
2495
2498
2497
2498
2509
2509
2509
2509
2500
2505
2498
2499
2494
2497
2494
2496
2496
2494
2494
2485
2486
2488
2494
2494
2494
2505
2508
2508
2509
2503
2511
2510
2502
2502
2501
2506
2508
2508
2508
2516
2518
2518
2517
2518
2507
2511
2515
2511
2515
2509
2515
2515
2515
2495
2500
2500
2500
2497
2501
2503
2502
2502
2500
2495
2499
2495
2493
2493
2489
2481
2478
2477
2481
2485
2487
2487
2486
2486
2485
2484
2482
2484
2492
2482
2482
2482
2481
2475
2464
2465
2475
2482
2486
2484
2489
2493
2492
2494
2500
2497
2500
2500
2500
2500
2495
2493
2496
2487
2496
2490
2497
2495
2496
2502
2500
2503
2501
2501
2504
2504
2503
2503
2502
2506
2489
2485
2489
2486
2485
2478
2489
2479
2488
2486
2492
2487
2501
2501
2511
2516
2516
2517
2517
2505
2517
2520
2517
2519
2519
2521
2521
2522
2519
2517
2515
2517
2517
2515
2514
2514
2520
2518
2519
2520
2514
2528
2529
2524
2524
2524
2520
2518
2520
2520
2520
2518
2520
2523
2517
2516
2527
2529
2530
2530
2526
2535
2530
2530
2528
2528
2521
2530
2527
2530
2522
2524
2522
2521
2522
2519
2522
2524
2519
2528
2527
2528
2528
2528
2527
2526
2521
2524
2519
2519
2527
2528
2525
2525
2518
2513
2510
2503
2501
2505
2486
2490
2494
2508
2506
2503
2499
2515
2516
2517
2516
2516
2514
2518
2512
2509
2520
2501
2502
2516
2520
2528
2526
2529
2528
2528
2530
2527
2529
2530
2525
2525
2525
2530
2532
2538
2538
2535
2539
2540
2542
2540
2550
2550
2554
2557
2551
2557
2557
2550
2550
2550
2550
2567
2566
2568
2570
2570
2570
2570
2572
2572
2571
2570
2570
2570
2570
2565
2557
2559
2560
2560
2559
2557
2557
2560
2555
2555
2549
2556
2558
2558
2556
2556
2558
2556
2551
2551
2551
2543
2553
2545
2546
2553
2549
2555
2555
2554
2552
2548
2550
2559
2552
2554
2546
2551
2552
2554
2553
2558
2565
2570
2571
2570
2559
2570
2577
2576
2578
2581
2583
2573
2576
2575
2576
2574
2573
2572
2578
2578
2574
2572
2577
2576
2575
2574
2572
2576
2576
2575
2574
2574
2572
2576
2580
2579
2580
2575
2574
2571
2575
2575
2574
2571
2570
2570
2568
2571
2569
2572
2573
2579
2574
2574
2575
2575
2570
2570
2572
2570
2570
2575
2574
2575
2575
2577
2576
2572
2585
2589
2586
2586
2585
2589
2587
2587
2585
2583
2584
2580
2589
2585
2596
2601
2602
2601
2604
2601
2601
2604
2604
2602
2604
2604
2600
2605
2605
2605
2605
2601
2604
2600
2600
2600
2605
2605
2605
2606
2604
2605
2605
2605
2612
2608
2608
2601
2610
2612
2608
2608
2608
2605
2603
2603
2607
2608
2599
2595
2593
2594
2594
2594
2589
2589
2595
2604
2600
2600
2600
2600
2599
2599
2595
2598
2600
2604
2601
2601
2601
2603
2604
2600
2596
2591
2587
2590
2586
2591
2591
2591
2591
2588
2588
2587
2591
2591
2590
2595
2595
2592
2590
2588
2586
2586
2591
2596
2599
2600
2600
2598
2598
2598
2595
2595
2597
2597
2600
2593
2594
2599
2599
2593
2592
2587
2587
2586
2588
2592
2592
2592
2592
2592
2589
2592
2588
2583
2583
2585
2593
2594
2594
2594
2594
2597
2598
2596
2593
2590
2590
2588
2585
2585
2587
2588
2585
2588
2585
2586
2588
2592
2589
2590
2590
2590
2590
2590
2588
2581
2580
2580
2578
2586
2594
2594
2590
2588
2594
2595
2591
2595
2595
2589
2587
2590
2590
2590
2590
2592
2592
2590
2592
2585
2589
2586
2585
2585
2578
2578
2579
2584
2588
2588
2589
2588
2586
2587
2586
2589
2590
2589
2595
2582
2575
2571
2582
2583
2585
2583
2575
2576
2587
2584
2568
2580
2564
2607
2607
2612
2614
2607
2607
2605
2605
2598
2598
2598
2598
2597
2598
2597
2597
2597
2595
2597
2593
2592
2590
2594
2594
2593
2592
2591
2597
2600
2598
2598
2598
2597
2593
2593
2591
2593
2593
2593
2589
2589
2588
2584
2584
2586
2583
2585
2585
2586
2584
2573
2575
2576
2577
2575
2580
2580
2590
2589
2589
2590
2589
2588
2588
2588
2601
2605
2606
2607
2606
2605
2605
2602
2600
2600
2602
2597
2597
2601
2601
2603
2602
2600
2600
2598
2591
2591
2587
2590
2591
2586
2588
2591
2590
2585
2584
2587
2592
2589
2590
2587
2587
2587
2584
2585
2586
2587
2583
2597
2600
2604
2604
2605
2601
2608
2612
2606
2610
2609
2608
2609
2606
2606
2608
2605
2605
2606
2607
2607
2602
2595
2597
2602
2602
2601
2601
2604
2596
2596
2597
2603
2601
2609
2609
2611
2605
2608
2616
2622
2622
2610
2609
2610
2612
2600
2597
2596
2590
2593
2594
2595
2601
2600
2605
2606
2605
2605
2608
2612
2612
2611
2605
2603
2605
2604
2607
2604
2612
2616
2617
2615
2620
2610
2610
2609
2606
2599
2599
2597
2598
2600
2601
2601
2601
2603
2603
2601
2601
2601
2601
2600
2589
2593
2589
2583
2586
2586
2583
2579
2579
2577
2574
2573
2573
2577
2579
2578
2580
2580
2577
2579
2577
2578
2575
2580
2583
2580
2582
2575
2568
2571
2573
2576
2575
2575
2575
2570
2568
2567
2566
2567
2566
2567
2567
2565
2567
2575
2575
2571
2569
2567
2570
2573
2574
2572
2570
2570
2573
2575
2572
2560
2556
2558
2556
2555
2553
2554
2559
2558
2561
2558
2561
2561
2561
2561
2557
2560
2556
2556
2558
2558
2558
2559
2559
2557
2557
2555
2558
2558
2557
2560
2560
2560
2561
2561
2561
2553
2554
2555
2554
2554
2555
2556
2559
2554
2554
2554
2552
2551
2552
2551
2553
2550
2555
2554
2550
2547
2548
2545
2551
2554
2556
2558
2559
2559
2551
2559
2552
2549
2549
2548
2548
2539
2541
2543
2545
2544
2542
2541
2540
2540
2538
2538
2539
2537
2537
2544
2544
2545
2548
2542
2535
2538
2530
2532
2535
2541
2546
2547
2549
2550
2540
2552
2556
2554
2559
2554
2554
2550
2553
2553
2555
2556
2558
2558
2558
2551
2557
2551
2551
2538
2539
2542
2541
2541
2540
2535
2537
2535
2535
2538
2532
2533
2532
2536
2537
2541
2541
2540
2547
2546
2550
2552
2552
2555
2555
2556
2558
2559
2560
2561
2558
2557
2559
2559
2559
2559
2561
2559
2550
2549
2547
2552
2560
2560
2556
2550
2552
2552
2554
2561
2562
2558
2557
2558
2561
2561
2570
2570
2570
2571
2571
2573
2571
2567
2560
2560
2560
2560
2563
2564
2567
2567
2567
2567
2577
2578
2584
2587
2601
2600
2600
2591
2597
2597
2600
2599
2600
2599
2596
2592
2595
2595
2590
2590
2590
2589
2589
2590
2590
2590
2584
2586
2586
2585
2583
2583
2582
2585
2586
2586
2583
2584
2584
2584
2581
2584
2583
2581
2579
2575
2575
2570
2567
2583
2583
2581
2580
2580
2580
2576
2576
2577
2577
2566
2564
2564
2564
2559
2560
2566
2567
2558
2559
2568
2577
2567
2569
2567
2563
2566
2567
2575
2584
2582
2577
2573
2584
2590
2590
2582
2590
2591
2590
2577
2581
2575
2585
2590
2584
2581
2574
2569
2585
2577
2583
2581
2575
2565
2565
2573
2574
2575
2575
2575
2579
2579
2586
2582
2577
2570
2587
2588
2579
2577
2576
2576
2588
2588
2581
2590
2592
2586
2586
2603
2608
2610
2606
2609
2614
2614
2612
2606
2609
2619
2625
2626
2621
2626
2609
2616
2620
2620
2620
2618
2618
2623
2616
2613
2612
2610
2605
2607
2607
2612
2612
2610
2611
2619
2620
2611
2608
2612
2612
2613
2610
2611
2607
2608
2611
2611
2609
2608
2606
2603
2603
2602
2600
2600
2600
2599
2595
2606
2602
2606
2605
2590
2595
2595
2594
2596
2599
2603
2608
2608
2611
2611
2610
2613
2610
2610
2619
2619
2611
2611
2613
2606
2599
2602
2605
2610
2598
2596
2602
2603
2604
2603
2606
2614
2617
2621
2618
2621
2622
2636
2636
2634
2637
2628
2635
2638
2635
2629
2629
2629
2627
2627
2625
2625
2625
2625
2624
2620
2625
2619
2616
2620
2614
2615
2618
2618
2621
2625
2625
2627
2626
2625
2624
2625
2629
2632
2632
2630
2621
2616
2615
2610
2612
2618
2617
2615
2608
2612
2608
2612
2610
2612
2612
2613
2614
2614
2611
2611
2616
2613
2611
2614
2609
2604
2608
2609
2610
2614
2618
2617
2617
2615
2619
2616
2605
2600
2610
2604
2603
2611
2600
2587
2580
2580
2575
2580
2576
2572
2572
2570
2569
2572
2572
2573
2572
2571
2568
2570
2571
2570
2565
2564
2563
2564
2563
2565
2565
2565
2556
2560
2561
2558
2556
2559
2556
2556
2556
2547
2547
2549
2540
2547
2547
2555
2561
2561
2556
2562
2560
2563
2559
2560
2557
2560
2563
2564
2565
2573
2575
2575
2574
2575
2570
2574
2562
2562
2561
2570
2572
2571
2568
2570
2570
2570
2570
2561
2558
2558
2558
2554
2553
2555
2558
2558
2558
2562
2563
2563
2560
2559
2562
2556
2554
2552
2555
2560
2558
2563
2554
2549
2549
2548
2550
2544
2542
2540
2540
2538
2538
2536
2537
2537
2539
2533
2534
2531
2532
2533
2535
2538
2535
2536
2537
2539
2549
2550
2552
2554
2554
2550
2551
2553
2553
2555
2555
2552
2557
2556
2556
2553
2557
2558
2554
2557
2558
2560
2560
2560
2560
2560
2552
2560
2560
2555
2570
2571
2571
2574
2573
2573
2565
2565
2560
2564
2564
2559
2559
2559
2562
2557
2554
2560
2568
2566
2568
2570
2563
2566
2580
2590
2589
2574
2575
2573
2568
2575
2574
2572
2582
2578
2572
2554
2550
2542
2528
2532
2532
2534
2534
2531
2530
2532
2532
2532
2530
2520
2520
2516
2514
2513
2513
2513
2508
2507
2505
2505
2503
2502
2502
2502
2493
2493
2494
2495
2486
2485
2490
2494
2496
2497
2497
2492
2497
2499
2495
2493
2489
2489
2491
2488
2488
2486
2485
2489
2482
2490
2488
2488
2490
2488
2490
2490
2490
2490
2489
2487
2487
2480
2483
2488
2486
2489
2485
2485
2480
2485
2485
2480
2489
2490
2493
2496
2502
2503
2500
2498
2496
2500
2500
2499
2498
2495
2493
2495
2496
2497
2494
2494
2490
2491
2495
2491
2492
2500
2508
2505
2505
2512
2509
2505
2502
2501
2505
2501
2500
2487
2487
2489
2489
2486
2487
2486
2486
2486
2490
2490
2489
2494
2488
2498
2489
2489
2489
2489
2491
2490
2490
2493
2494
2494
2493
2498
2491
2497
2494
2494
2498
2494
2501
2512
2505
2500
2489
2500
2502
2495
2495
2492
2498
2488
2490
2491
2491
2491
2492
2493
2495
2493
2500
2504
2509
2507
2515
2509
2511
2503
2501
2505
2503
2513
2515
2513
2516
2520
2523
2520
2522
2523
2525
2523
2519
2524
2508
2505
2505
2502
2505
2508
2505
2501
2499
2513
2509
2499
2512
2514
2517
2516
2508
2505
2509
2500
2496
2491
2490
2490
2492
2488
2490
2492
2490
2490
2480
2486
2488
2480
2483
2484
2478
2482
2479
2487
2487
2490
2487
2489
2482
2487
2484
2485
2490
2490
2490
2486
2488
2476
2479
2480
2480
2472
2480
2485
2485
2487
2490
2490
2488
2487
2486
2487
2487
2487
2488
2485
2482
2482
2477
2475
2471
2479
2475
2477
2477
2477
2475
2461
2461
2460
2460
2460
2465
2466
2470
2468
2468
2461
2467
2468
2468
2463
2460
2468
2472
2468
2466
2463
2437
2437
2435
2434
2436
2435
2436
2438
2444
2438
2442
2442
2445
2440
2440
2440
2437
2438
2437
2440
2439
2440
2437
2435
2438
2438
2438
2430
2430
2423
2430
2430
2430
2427
2422
2420
2420
2425
2423
2428
2429
2436
2429
2429
2428
2429
2430
2426
2431
2431
2429
2436
2438
2435
2441
2442
2449
