6560
6553
6550
6550
6557
6547
6555
6548
6551
6551
6551
6546
6545
6542
6541
6559
6553
6559
6536
6512
6512
6528
6518
6528
6530
6540
6535
6540
6534
6538
6540
6542
6537
6538
6540
6536
6529
6529
6525
6529
6525
6525
6526
6515
6521
6511
6498
6502
6510
6531
6540
6550
6570
6570
6571
6569
6558
6564
6574
6585
6579
6586
6575
6577
6577
6575
6576
6570
6563
6571
6575
6573
6565
6548
6546
6556
6561
6556
6556
6561
6569
6564
6569
6569
6568
6563
6559
6546
6530
6520
6541
6564
6585
6586
6585
6588
6588
6589
6589
6583
6581
6579
6581
6582
6581
6585
6590
6587
6589
6588
6587
6586
6584
6584
6579
6587
6591
6587
6585
6585
6586
6583
6585
6578
6575
6577
6575
6576
6575
6585
6586
6590
6593
6593
6593
6591
6592
6593
6592
6589
6588
6591
6592
6596
6597
6602
6602
6602
6602
6589
6591
6588
6581
6586
6583
6588
6590
6593
6596
6597
6589
6600
6597
6600
6594
6596
6592
6590
6590
6587
6589
6588
6592
6600
6600
6600
6598
6617
6623
6619
6624
6623
6622
6622
6620
6619
6622
6624
6618
6615
6624
6620
6620
6619
6620
6621
6620
6615
6614
6610
6610
6605
6606
6606
6606
6606
6605
6604
6602
6608
6608
6608
6608
6609
6609
6609
6609
6610
6610
6604
6604
6601
6609
6635
6628
6630
6624
6623
6619
6619
6619
6616
6616
6616
6617
6613
6618
6622
6617
6624
6621
6621
6618
6613
6618
6613
6596
6597
6600
6601
6603
6602
6605
6606
6608
6597
6601
6609
6574
6575
6581
6576
6584
6578
6574
6555
6556
6553
6552
6549
6556
6555
6556
6540
6550
6555
6559
6560
6552
6550
6552
6541
6540
6542
6542
6550
6550
6542
6542
6542
6542
6542
6542
6542
6555
6562
6552
6549
6585
6569
6569
6573
6586
6585
6586
6585
6590
6590
6591
6595
6596
6598
6598
6598
6598
6598
6595
6596
6596
6588
6588
6585
6585
6588
6588
6588
6590
6588
6584
6584
6584
6579
6579
6580
6580
6590
6591
6588
6590
6591
6591
6591
6591
6591
6591
6591
6587
6586
6587
6582
6581
6582
6583
6585
6587
6587
6582
6582
6581
6589
6583
6583
6572
6562
6570
6574
6560
6570
6606
6604
6604
6606
6610
6618
6619
6619
6616
6623
6617
6616
6616
6613
6609
6609
6609
6607
6605
6605
6604
6604
6609
6611
6608
6608
6608
6607
6607
6607
6604
6607
6605
6600
6600
6596
6596
6596
6597
6600
6601
6605
6600
6600
6606
6604
6597
6596
6600
6602
6601
6607
6604
6604
6609
6605
6609
6618
6624
6619
6619
6619
6620
6625
6625
6621
6620
6616
6611
6622
6575
6573
6571
6572
6571
6567
6560
6565
6565
6565
6557
6558
6554
6554
6561
6561
6561
6573
6570
6569
6566
6564
6563
6561
6566
6566
6566
6560
6562
6560
6560
6561
6561
6557
6560
6560
6560
6566
6560
6566
6564
6569
6569
6571
6568
6568
6565
6561
6561
6560
6558
6556
6556
6556
6556
6550
6550
6551
6553
6556
6556
6548
6548
6543
6546
6546
6546
6546
6544
6548
6544
6548
6545
6549
6549
6547
6546
6543
6546
6546
6546
6543
6546
6550
6566
6567
6567
6567
6567
6568
6568
6568
6570
6570
6564
6560
6564
6571
6556
6562
6562
6562
6565
6563
6569
6572
6565
6565
6566
6562
6564
6564
6570
6574
6582
6580
6570
6576
6586
6583
6591
6576
6564
6565
6560
6554
6554
6554
6564
6555
6558
6560
6564
6568
6577
6568
6574
6579
6576
6586
6580
6584
6582
6582
6585
6588
6597
6595
6584
6580
6587
6582
6582
6568
6572
6573
6570
6571
6575
6567
6569
6565
6560
6565
6569
6575
6569
6574
6572
6575
6575
6570
6574
6570
6588
6582
6576
6576
6584
6579
6582
6580
6576
6575
6573
6574
6560
6559
6564
6566
6571
6570
6570
6566
6568
6566
6564
6565
6569
6569
6565
6561
6558
6567
6566
6563
6575
6571
6567
6563
6560
6558
6551
6550
6542
6548
6555
6549
6530
6534
6530
6537
6536
6549
6560
6563
6563
6563
6561
6556
6552
6550
6561
6559
6556
6556
6551
6558
6560
6560
6560
6561
6553
6551
6560
6559
6556
6556
6553
6553
6534
6531
6528
6537
6537
6519
6518
6519
6529
6524
6531
6542
6539
6544
6546
6547
6541
6547
6539
6531
6546
6546
6546
6543
6545
6550
6556
6563
6563
6559
6564
6549
6550
6551
6560
6546
6555
6555
6550
6555
6550
6553
6558
6559
6562
6561
6563
6564
6578
6576
6576
6579
6579
6578
6587
6581
6577
6573
6558
6550
6549
6548
6538
6525
6531
6530
6533
6535
6541
6535
6534
6539
6536
6535
6530
6538
6541
6537
6528
6519
6521
6523
6524
6524
6524
6538
6538
6534
6537
6544
6543
6520
6515
6516
6516
6515
6519
6511
6507
6513
6520
6520
6520
6520
6523
6533
6524
6521
6512
6512
6516
6505
6510
6512
6513
6512
6502
6496
6495
6492
6493
6496
6490
6491
6483
6483
6482
6486
6482
6474
6475
6475
6475
6477
6477
6481
6483
6483
6483
6483
6482
6482
6484
6491
6489
6489
6485
6483
6483
6478
6480
6478
6481
6484
6485
6486
6489
6486
6486
6482
6484
6475
6486
6490
6488
6489
6485
6484
6474
6466
6483
6489
6492
6490
6490
6490
6484
6484
6487
6478
6482
6488
6484
6490
6490
6495
6492
6495
6481
6481
6484
6489
6483
6482
6476
6530
6576
6577
6575
6570
6598
6596
6597
6588
6585
6582
6581
6580
6579
6579
6579
6579
6613
6613
6615
6617
6616
6621
6621
6615
6610
6617
6612
6614
6615
6613
6613
6610
6613
6608
6614
6618
6620
6621
6637
6638
6639
6636
6631
6630
6630
6628
6628
6625
6625
6630
6629
6646
6644
6641
6644
6629
6634
6629
6625
6651
6650
6651
6653
6654
6662
6662
6662
6660
6660
6664
6665
6661
6664
6668
6661
6663
6650
6665
6677
6667
6679
6623
6596
6565
6559
6534
6597
6621
6638
6636
6633
6639
6637
6638
6629
6632
6634
6630
6632
6635
6640
6640
6640
6643
6640
6646
6650
6653
6658
6658
6644
6644
6648
6644
6641
6648
6635
6635
6638
6629
6632
6632
6633
6632
6638
6637
6638
6632
6633
6640
6637
6636
6649
6647
6647
6647
6654
6646
6655
6646
6647
6645
6645
6640
6635
6653
6663
6659
6659
6651
6654
6658
6660
6657
6638
6633
6632
6634
6624
6627
6649
6647
6637
6636
6636
6633
6634
6639
6635
6631
6598
6600
6589
6566
6589
6599
6602
6608
6601
6607
6609
6590
6597
6620
6647
6647
6650
6651
6650
6643
6639
6637
6643
6653
6646
6654
6646
6650
6647
6655
6643
6633
6645
6653
6649
6647
6636
6634
6629
6633
6649
6629
6624
6618
6616
6626
6659
6701
6702
6697
6726
6722
6722
6733
6732
6727
6727
6730
6726
6742
6733
6738
6747
6750
6740
6752
6762
6768
6753
6770
6758
6771
6766
6777
6765
6752
6761
6748
6727
6723
6732
6731
6732
6733
6732
6733
6729
6733
6734
6731
6706
6707
6705
6702
6702
6703
6703
6703
6703
6703
6703
6701
6701
6702
6703
6704
6702
6702
6700
6704
6703
6709
6705
6702
6693
6688
6688
6696
6695
6700
6698
6695
6701
6696
6695
6692
6686
6688
6686
6686
6689
6689
6689
6692
6692
6693
6695
6706
6700
6701
6706
6707
6710
6710
6713
6708
6709
6705
6705
6702
6702
6701
6700
6702
6706
6702
6701
6695
6691
6698
6698
6702
6702
6700
6701
6704
6699
6704
6697
6697
6700
6682
6683
6681
6672
6672
6678
6678
6676
6680
6686
6693
6690
6687
6673
6675
6687
6683
6685
6694
6703
6708
6710
6709
6706
6714
6716
6713
6709
6695
6701
6701
6694
6689
6690
6692
6692
6690
6700
6702
6696
6693
6693
6693
6695
6697
6704
6685
6692
6686
6687
6699
6690
6693
6702
6698
6701
6703
6706
6640
6538
6515
6515
6513
6513
6509
6506
6509
6512
6515
6515
6512
6510
6511
6509
6511
6503
6510
6516
6510
6505
6506
6506
6508
6508
6503
6508
6501
6500
6500
6497
6493
6491
6493
6490
6493
6495
6497
6495
6497
6497
6497
6496
6500
6493
6492
6489
6491
6499
6501
6496
6494
6492
6494
6488
6487
6487
6487
6482
6485
6511
6509
6509
6506
6508
6504
6504
6503
6502
6505
6502
6514
6514
6507
6504
6504
6502
6500
6503
6496
6495
6486
6492
6489
6502
6506
6505
6516
6514
6504
6504
6505
6500
6496
6497
6505
6506
6498
6495
6498
6515
6499
6502
6492
6493
6482
6483
6479
6479
6476
6479
6484
6490
6491
6483
6478
6477
6476
6474
6482
6480
6477
6467
6467
6462
6460
6460
6470
6471
6472
6475
6469
6472
6463
6465
6465
6455
6455
6455
6454
6460
6459
6462
6469
6466
6474
6473
6466
6460
6463
6466
6458
6457
6455
6450
6449
6451
6442
6446
6440
6451
6446
6447
6441
6451
6451
6451
6451
6446
6466
6470
6470
6464
6462
6463
6470
6469
6466
6469
6469
6463
6463
6460
6460
6460
6467
6462
6459
6470
6470
6469
6470
6473
6469
6470
6478
6478
6478
6477
6478
6476
6474
6473
6471
6469
6467
6466
6473
6473
6472
6475
6475
6475
6494
6493
6495
6495
6495
6495
6495
6490
6492
6499
6496
6498
6494
6494
6492
6490
6490
6485
6482
6480
6479
6479
6479
6493
6491
6484
6490
6488
6495
6496
6497
6496
6495
6491
6497
6499
6500
6510
6490
6487
6488
6485
6487
6486
6489
6489
6494
6493
6485
6487
6482
6478
6478
6477
6462
6453
6451
6461
6466
6466
6463
6464
6460
6458
6457
6470
6459
6458
6457
6451
6445
6443
6442
6441
6451
6451
6440
6438
6461
6459
6454
6465
6482
6483
6499
6494
6494
6497
6500
6500
6496
6498
6494
6496
6495
6493
6494
6489
6489
6487
6487
6486
6484
6483
6488
6493
6484
6483
6485
6489
6498
6509
6511
6508
6507
6506
6508
6511
6514
6514
6525
6524
6525
6528
6528
6520
6524
6523
6515
6514
6523
6531
6523
6524
6524
6520
6520
6519
6517
6522
6516
6516
6514
6505
6525
6526
6526
6526
6522
6535
6524
6526
6527
6525
6533
6538
6527
6529
6530
6523
6521
6504
6500
6503
6516
6514
6508
6495
6490
6481
6485
6485
6484
6491
6491
6488
6487
6487
6483
6485
6479
6475
6466
6468
6481
6485
6491
6488
6492
6490
6497
6504
6503
6497
6499
6490
6490
6495
6520
6524
6518
6516
6503
6512
6517
6507
6513
6516
6504
6489
6490
6490
6494
6499
6506
6506
6509
6494
6491
6496
6463
6462
6459
6461
6460
6459
6458
6464
6459
6459
6459
6459
6458
6457
6454
6455
6461
6466
6460
6452
6456
6456
6453
6445
6440
6440
6440
6439
6437
6431
6434
6443
6443
6441
6443
6443
6443
6440
6443
6440
6434
6444
6447
6451
6451
6452
6449
6445
6445
6440
6444
6438
6440
6445
6442
6453
6455
6442
6428
6430
6423
6422
6423
6425
6424
6435
6443
6438
6441
6434
6436
6432
6435
6435
6444
6443
6454
6445
6434
6428
6434
6413
6408
6394
6393
6393
6392
6391
6388
6390
6390
6391
6392
6388
6386
6385
6385
6380
6381
6383
6383
6380
6385
6389
6391
6391
6388
6390
6387
6392
6397
6397
6395
6393
6400
6397
6401
6398
6400
6400
6398
6398
6395
6398
6390
6389
6388
6381
6384
6391
6388
6384
6382
6380
6396
6395
6398
6398
6396
6398
6402
6410
6400
6400
6395
6398
6403
6407
6413
6411
6410
6416
6414
6415
6412
6422
6428
6424
6423
6422
6423
6428
6423
6419
6421
6415
6405
6405
6398
6394
6393
6391
6387
6387
6392
6388
6397
6408
6383
6374
6374
6386
6390
6390
6389
6389
6379
6376
6375
6372
6365
6375
6369
6376
6376
6380
6376
6384
6382
6391
6388
6390
6379
6391
6399
6398
6398
6400
6407
6390
6387
6386
6385
6386
6397
6389
6388
6376
6363
6370
6370
6370
6372
6372
6373
6359
6358
6353
6348
6356
6350
6348
6348
6350
6357
6377
6372
6371
6379
6374
6378
6379
6370
6364
6366
6373
6380
6389
6388
6373
6388
6388
6383
6385
6388
6389
6386
6386
6386
6392
6390
6390
6390
6391
6391
6395
6388
6384
6400
6400
6396
6393
6398
6405
6405
6413
6410
6403
6404
6404
6403
6396
6400
6400
6400
6397
6396
6397
6403
6382
6385
6400
6403
6398
6396
6398
6422
6419
6421
6418
6417
6418
6409
6417
6416
6421
6414
6407
6395
6406
6407
6411
6410
6419
6418
6422
6424
6418
6415
6419
6415
6415
6415
6422
6416
6416
6420
6430
6418
6413
6409
6399
6408
6408
6397
6397
6395
6391
6385
6381
6381
6381
6392
6383
6379
6371
6379
6373
6398
6395
6397
6393
6391
6402
6402
6400
6400
6397
6400
6400
6392
6390
6392
6388
6395
6396
6401
6405
6401
6410
6405
6398
6406
6394
6393
6400
6398
6402
6412
6410
6410
6401
6398
6392
6389
6389
6390
6390
6384
6394
6387
6378
6378
6376
6369
6385
6394
6387
6404
6421
6427
6428
6426
6420
6415
6420
6433
6427
6443
6432
6423
6462
6463
6465
6460
6460
6461
6466
6464
6467
6457
6459
6457
6459
6458
6456
6455
6449
6463
6465
6465
6470
6464
6463
6468
6472
6471
6473
6468
6464
6465
6467
6458
6456
6453
6454
6471
6467
6473
6474
6472
6465
6438
6424
6420
6423
6419
6413
6420
6420
6412
6412
6419
6420
6421
6412
6423
6429
6423
6420
6410
6404
6418
6414
6400
6425
6427
6429
6434
6431
6449
6451
6446
6454
6442
6443
6470
6468
6465
6512
6516
6520
6519
6525
6528
6515
6529
6528
6536
6551
6561
6582
6586
6580
6585
6580
6577
6576
6573
6569
6571
6569
6567
6567
6560
6560
6598
6600
6600
6603
6597
6595
6581
6600
6604
6604
6606
6605
6591
6603
6610
6612
6615
6615
6622
6627
6627
6629
6624
6629
6625
6623
6623
6618
6617
6619
6620
6621
6626
6629
6629
6624
6629
6623
6628
6627
6620
6622
6621
6623
6623
6630
6634
6639
6638
6638
6634
6633
6637
6632
6632
6636
6632
6636
6636
6640
6644
6643
6641
6645
6642
6639
6646
6645
6648
6648
6651
6655
6646
6640
6638
6634
6629
6629
6629
6628
6634
6640
6631
6629
6632
6635
6617
6616
6621
6618
6611
6608
6608
6605
6614
6616
6615
6612
6610
6607
6607
6606
6603
6604
6606
6608
6606
6607
6606
6598
6596
6596
6592
6596
6606
6608
6608
6610
6611
6609
6610
6604
6602
6602
6601
6601
6595
6605
6616
6614
6616
6616
6614
6608
6605
6614
6613
6610
6612
6612
6611
6614
6605
6608
6607
6612
6614
6612
6612
6617
6625
6627
6627
6620
6590
6584
6586
6588
6586
6588
6587
6591
6598
6595
6574
6573
6581
6589
6590
6605
6601
6590
6586
6593
6604
6608
6607
6607
6604
6603
6606
6595
6589
6589
6595
6595
6589
6594
6587
6608
6608
6606
6596
6592
6580
6589
6583
6600
6638
6640
6637
6634
6642
6627
6636
6643
6646
6647
6643
6654
6666
6668
6670
6670
6671
6673
6670
6668
6664
6663
6665
6657
6645
6645
6640
6634
6624
6637
6636
6644
6672
6676
6677
6673
6673
6676
6677
6675
6677
6671
6675
6680
6680
6680
6682
6672
6677
6683
6677
6676
6679
6684
6682
6684
6689
6686
6694
6681
6685
6680
6685
6689
6690
6689
6686
6694
6701
6701
6705
6706
6706
6709
6709
6711
6710
6711
6708
6708
6711
6713
6710
6707
6706
6704
6709
6699
6701
6699
6700
6701
6701
6702
6705
6706
6708
6705
6705
6707
6710
6711
6711
6715
6715
6721
6701
6708
6710
6704
6707
6704
6698
6697
6696
6696
6693
6691
6689
6688
6693
6688
6699
6695
6696
6700
6700
6703
6702
6702
6706
6708
6708
6709
6710
6705
6703
6703
6701
6706
6706
6710
6700
6708
6708
6708
6702
6721
6696
6697
6691
6683
6697
6684
6683
6683
6679
6679
6679
6680
6676
6682
6683
6679
6675
6675
6684
6681
6685
6675
6669
6675
6681
6684
6679
6684
6684
6689
6689
6689
6689
6690
6690
6682
6680
6682
6685
6690
6690
6682
6684
6694
6691
6694
6696
6691
6688
6684
6680
6680
6680
6689
6692
6692
6689
6696
6694
6700
6698
6694
6695
6691
6691
6690
6689
6692
6691
6682
6680
6680
6679
6685
6692
6688
6692
6692
6696
6691
6692
6689
6688
6686
6681
6684
6681
6684
6682
6674
6683
6683
6684
6670
6670
6675
6675
6670
6682
6678
6670
6677
6675
6689
6685
6689
6699
6691
6675
6674
6671
6695
6725
6725
6731
6731
6727
6727
6732
6736
6739
6739
6736
6739
6739
6725
6724
6724
6724
6724
6724
6725
6725
6724
6726
6725
6730
6729
6732
6732
6737
6738
6726
6725
6731
6738
6740
6734
6737
6739
6740
6743
6741
6757
6757
6756
6756
6758
6756
6757
6758
6754
6750
6747
6755
6754
6759
6756
6750
6750
6743
6753
6750
6751
6752
6763
6760
6766
6760
6751
6744
6742
6732
6739
6717
6715
6715
6716
6717
6718
6714
6714
6713
6710
6710
6714
6714
6712
6711
6713
6713
6713
6712
6708
6706
6702
6700
6714
6714
6714
6713
6713
6712
6709
6711
6713
6713
6713
6713
6719
6718
6716
6718
6715
6715
6715
6715
6718
6719
6719
6719
6717
6719
6708
6702
6702
6702
6701
6690
6690
6692
6692
6692
6695
6699
6701
6699
6699
6699
6696
6695
6693
6692
6692
6692
6692
6692
6695
6695
6694
6692
6691
6691
6691
6691
6691
6691
6691
6691
6689
6688
6685
6683
6685
6682
6688
6688
6688
6686
6688
6697
6691
6691
6693
6697
6696
6701
6699
6699
6697
6695
6701
6709
6709
6710
6710
6709
6712
6714
6714
6714
6706
6704
6698
6698
6698
6698
6692
6691
6691
6691
6701
6699
6698
6704
6705
6703
6692
6703
6703
6695
6691
6695
6691
6691
6691
6691
6691
6691
6691
6691
6695
6698
6691
6699
6696
6709
6708
6710
6711
6713
6719
6717
6717
6710
6717
6721
6716
6721
6721
6721
6732
6729
6720
6712
6712
6715
6722
6718
6715
6721
6722
6722
6722
6722
6722
6723
6729
6722
6723
6720
6719
6732
6719
6730
6727
6698
6657
6684
6683
6683
6671
6671
6671
6669
6668
6675
6667
6667
6663
6664
6669
6662
6664
6671
6678
6678
6682
6666
6667
6667
6665
6665
6671
6676
6671
6664
6665
6666
6674
6672
6672
6664
6657
6657
6657
6650
6653
6661
6664
6658
6668
6668
6673
6677
6677
6677
6673
6680
6684
6684
6690
6691
6687
6684
6676
6684
6674
6669
6669
6666
6676
6676
6673
6679
6675
6682
6687
6695
6687
6681
6680
6680
6681
6680
6690
6676
6672
6658
6669
6667
6665
6672
6668
6668
6668
6683
6686
6698
6700
6700
6706
6700
6684
6686
6668
6661
6667
6672
6664
6672
6659
6663
6646
6640
6646
6645
6654
6649
6642
6636
6658
6695
6676
6659
6682
6698
6713
6715
6713
6713
6713
6710
6710
6717
6711
6707
6717
6710
6719
6719
6721
6710
6713
6711
6710
6718
6722
6731
6744
6739
6734
6735
6735
6735
6735
6730
6730
6729
6724
6723
6719
6724
6724
6737
6737
6741
6744
6739
6725
6731
6730
6727
6739
6740
6735
6739
6737
6736
6737
6735
6749
6752
6752
6735
6739
6734
6737
6735
6739
6725
6728
6726
6743
6742
6726
6733
6724
6719
6725
6728
6739
6748
6747
6748
6751
6751
6752
6760
6759
6759
6760
6760
6760
6756
6747
6745
6755
6754
6771
6793
6793
6793
6795
6788
6789
6789
6786
6780
6778
6777
6800
6815
6819
6772
6750
6748
6755
6752
6741
6740
6739
6732
6735
6734
6727
6734
6734
6728
6730
6742
6738
6731
6728
6725
6724
6727
6728
6716
6709
6715
6719
6725
6722
6724
6714
6708
6712
6732
6723
6738
6742
6736
6738
6734
6739
6733
6735
6735
6727
6721
6725
6716
6713
6722
6766
6769
6771
6768
6757
6770
6757
6749
6746
6755
6744
6759
6746
6743
6740
6749
6750
6759
6751
6760
6763
6759
6750
6736
6730
6733
6726
6727
6728
6725
6715
6723
6715
6711
6706
6706
6703
6687
6695
6697
6712
6703
6700
6703
6702
6696
6703
6704
6705
6709
6715
6706
6709
6708
6705
6692
6704
6699
6704
6705
6699
6711
6724
6722
6716
6703
6683
6689
6679
6690
6694
6698
6703
6704
6698
6703
6704
6706
6706
6708
6706
6676
6720
6718
6723
6720
6734
6720
6728
6727
6719
6742
6726
6721
6722
6715
6724
6725
6723
6723
6702
6703
6753
6760
6754
6735
6734
6735
6739
6749
6738
6733
6728
6732
6730
6731
6725
6714
6719
6712
6731
6730
6733
6726
6750
6731
6729
6710
6707
6705
6714
6722
6721
6721
6723
6719
6715
6695
6699
6699
6695
6691
6697
6701
6695
6696
6696
6696
6705
6705
6705
6705
6710
6710
6707
6698
6693
6690
6686
6680
6682
6695
6689
6693
6688
6696
6703
6687
6688
6685
6691
6691
6715
6731
6731
6730
6716
6718
6738
6684
6641
6637
6636
6658
6575
6567
6556
6555
6553
6555
6554
6544
6542
6543
6550
6550
6547
6539
6539
6541
6542
6542
6542
6535
6531
6537
6531
6531
6534
6534
6529
6529
6529
6525
6522
6533
6538
6537
6540
6541
6543
6546
6550
6544
6540
6539
6536
6535
6536
6538
6541
6543
6543
6550
6547
6552
6555
6544
6548
6539
6539
6539
6536
6536
6543
6548
6545
6514
6512
6509
6503
6498
6504
6500
6500
6500
6500
6500
6500
6496
6496
6494
6495
6495
6498
6496
6496
6497
6505
6501
6498
6501
6501
6513
6502
6515
6520
6518
6523
6526
6532
6515
6496
6498
6498
6498
6501
6499
6496
6498
6502
6498
6511
6517
6508
6516
6487
6489
6477
6477
6476
6482
6485
6486
6486
6471
6478
6492
6428
6395
6389
6377
6377
6377
6380
6371
6369
6376
6371
6374
6381
6381
6350
6372
6386
6385
6398
6413
6422
6423
6419
6422
6420
6420
6426
6422
6427
6424
6418
6418
6413
6405
6408
6408
6409
6404
6402
6401
6395
6390
6390
6401
6404
6403
6402
6403
6398
6399
6400
6401
6402
6405
6410
6404
6412
6421
6424
6424
6423
6424
6424
6420
6419
6419
6422
6423
6417
6427
6426
6425
6421
6412
6411
6411
6415
6419
6419
6417
6416
6416
6414
6414
6411
6408
6406
6417
6420
6417
6418
6414
6414
6415
6416
6418
6420
6416
6413
6419
6419
6418
6418
6415
6423
6423
6425
6419
6417
6415
6416
6407
6407
6408
6410
6410
6408
6405
6422
6423
6423
6423
6425
6426
6434
6429
6433
6437
6440
6444
6450
6435
6415
6417
6419
6423
6424
6418
6417
6427
6415
6414
6408
6412
6420
6428
6417
6402
6399
6398
6394
6391
6392
6395
6395
6393
6393
6389
6391
6391
6385
6385
6391
6389
6388
6393
6391
6388
6388
6390
6391
6388
6390
6390
6395
6395
6393
6391
6392
6391
6391
6395
6390
6390
6389
6385
6387
6389
6388
6393
6392
6400
6404
6406
6405
6407
6405
6400
6398
6397
6400
6398
6405
6397
6402
6402
6402
6400
6400
6400
6405
6405
6401
6401
6402
6405
6407
6392
6388
6395
6390
6390
6393
6393
6390
6394
6391
6389
6389
6389
6389
6392
6391
6392
6396
6396
6393
6390
6390
6395
6391
6390
6392
6398
6398
6398
6403
6402
6401
6401
6404
6399
6398
6399
6399
6399
6404
6403
6399
6383
6383
6383
6384
6384
6384
6389
6386
6387
6387
6387
6390
6387
6393
6395
6387
6387
6390
6389
6395
6398
6398
6402
6406
6404
6401
6400
6394
6398
6398
6404
6404
6404
6407
6417
6408
6407
6413
6408
6413
6419
6408
6402
6400
6398
6393
6393
6397
6401
6374
6376
6376
6388
6388
6388
6376
6388
6379
6381
6385
6389
6400
6388
6393
6385
6399
6394
6394
6382
6390
6387
6391
6400
6399
6424
6427
6428
6420
6424
6422
6430
6437
6436
6434
6433
6444
6433
6433
6431
6432
6433
6420
6419
6422
6431
6434
6432
6435
6427
6424
6425
6418
6417
6419
6434
6431
6473
6478
6478
6330
6261
6202
6148
6148
6148
6163
6179
6234
6226
6235
6229
6218
6250
6249
6257
6304
6301
6302
6300
6290
6302
6308
6330
6325
6322
6322
6332
6328
6328
6320
6320
6320
6325
6316
6318
6330
6332
6332
6319
6321
6321
6316
6316
6319
6320
6324
6324
6327
6325
6325
6329
6325
6325
6331
6331
6339
6339
6330
6333
6338
6333
6326
6331
6329
6329
6317
6322
6323
6330
6330
6330
6320
6309
6292
6287
6289
6287
6286
6286
6289
6290
6286
6286
6298
6292
6294
6286
6286
6285
6282
6287
6291
6291
6286
6284
6297
6295
6288
6282
6284
6284
6284
6277
6285
6284
6282
6274
6271
6263
6265
6280
6314
6316
6314
6316
6326
6313
6316
6320
6323
6324
6329
6325
6325
6327
6325
6322
6321
6321
6317
6326
6322
6313
6321
6324
6324
6317
6308
6325
6333
6337
6339
6339
6339
6339
6336
6338
6336
6340
6343
6346
6346
6347
6352
6350
6350
6355
6352
6350
6341
6345
6345
6349
6340
6341
6341
6341
6341
6331
6330
6329
6332
6332
6332
6332
6340
6345
6343
6341
6346
6346
6346
6346
6347
6343
6347
6344
6343
6344
6345
6348
6343
6342
6336
6338
6339
6342
6335
6335
6332
6336
6336
6336
6336
6334
6337
6337
6334
6323
6328
6333
6331
6336
6336
6345
6335
6335
6332
6335
6331
6336
6336
6341
6341
6353
6334
6342
6342
6342
6330
6329
6331
6329
6325
6323
6331
6334
6337
6325
6325
6325
6330
6336
6328
6328
6330
6327
6316
6309
6313
6310
6310
6310
6323
6327
6326
6326
6322
6320
6327
6327
6327
6325
6325
6330
6342
6339
6342
6342
6348
6347
6342
6342
6336
6336
6340
6347
6352
6347
6348
6345
6350
6353
6345
6349
6360
6346
6346
6329
6324
6316
6325
6314
6317
6316
6316
6311
6312
6317
6317
6318
6323
6319
6327
6333
6322
6319
6323
6320
6319
6318
6318
6320
6314
6302
6303
6330
6332
6331
6335
6329
6326
6325
6325
6322
6318
6323
6324
6320
6331
6332
6335
6331
6329
6324
6322
6331
6318
6324
6324
6327
6324
6321
6323
6317
6314
6313
6311
6317
6323
6325
6317
6323
6323
6319
6325
6347
6342
6348
6349
6351
6360
6348
6349
6349
6352
6355
6356
6354
6343
6346
6346
6342
6345
6349
6344
6356
6358
6374
6363
6360
6360
6367
6360
6360
6359
6356
6354
6362
6361
6359
6365
6357
6366
6368
6369
6362
6356
6356
6362
6359
6360
6360
6365
6370
6324
6324
6324
6326
6328
6324
6321
6323
6327
6327
6335
6322
6319
6318
6280
6271
6270
6270
6273
6282
6266
6263
6270
6249
6241
6244
6248
6248
6245
6258
6256
6258
6262
6264
6260
6260
6261
6253
6252
6260
6250
6250
6244
6247
6249
6250
6251
6253
6259
6261
6260
6269
6261
6261
6270
6259
6262
6272
6269
6277
6283
6287
6288
6284
6270
6269
6269
6265
6268
6268
6268
6270
6270
6269
6269
6269
6269
6263
6268
6270
6270
6262
6265
6265
6270
6275
6275
6275
6274
6271
6270
6263
6268
6269
6269
6267
6267
6267
6267
6270
6265
6264
6267
6267
6261
6269
6268
6270
6269
6268
6269
6265
6255
6246
6246
6248
6255
6255
6251
6244
6245
6244
6247
6241
6238
6242
6245
6239
6245
6248
6245
6245
6248
6246
6241
6242
6240
6247
6245
6246
6249
6249
6246
6246
6246
6246
6246
6235
6242
6239
6234
6240
6250
6246
6253
6246
6250
6253
6251
6250
6251
6246
6249
6249
6252
6251
6245
6250
6250
6252
6252
6254
6250
6250
6250
6248
6246
6236
6230
6239
6242
6251
6266
6265
6262
6255
6256
6259
6273
6266
6272
6259
6251
6256
6257
6252
6236
6230
6236
6235
6234
6227
6240
6240
6246
6246
6251
6251
6250
6240
6238
6238
6237
6237
6230
6248
6245
6221
6233
6220
6229
6243
6256
6237
6253
6255
6270
6267
6283
6298
6298
6299
6304
6301
6294
6295
6292
6286
6306
6306
6304
6302
6301
6302
6298
6296
6291
6281
6296
6304
6311
6314
6314
6314
6305
6309
6312
6308
6313
6302
6290
6286
6286
6286
6286
6285
6282
6271
6271
6271
6265
6267
6267
6267
6280
6272
6271
6271
6271
6263
6271
6268
6271
6281
6280
6282
6276
6274
6273
6270
6271
6274
6274
6273
6256
6237
6227
6236
6258
6270
6282
6279
6280
6264
6308
6318
6324
6345
6341
6352
6355
6349
6363
6355
6353
6374
6387
6403
6418
6425
6428
6444
6437
6437
6450
6453
6450
6458
6450
6450
6450
6448
6446
6449
6452
6456
6452
6459
6455
6455
6449
6448
6450
6445
6461
6452
6451
6443
6440
6459
6468
6469
6469
6469
6468
6465
6476
6482
6481
6483
6481
6480
6483
6476
6476
6476
6476
6473
6476
6476
6471
6480
6478
6481
6489
6486
6487
6492
6496
6490
6483
6493
6489
6487
6490
6489
6483
6483
6487
6465
6466
6466
6463
6469
6470
6470
6463
6466
6470
6470
6470
6470
6469
6469
6466
6470
6470
6474
6464
6459
6463
6479
6478
6478
6478
6468
6469
6470
6467
6467
6461
6467
6461
6462
6468
6467
6480
6480
6478
6480
6482
6482
6483
6485
6486
6488
6483
6479
6474
6476
6470
6472
6473
6466
6475
6474
6481
6481
6479
6476
6464
6475
6486
6486
6486
6479
6475
6490
6489
6489
6482
6486
6487
6493
6499
6499
6513
6507
6507
6515
6517
6507
6507
6514
6512
6513
6512
6509
6509
6509
6509
6502
6514
6511
6511
6513
6511
6513
6513
6506
6511
6506
6510
6510
6510
6510
6521
6516
6518
6518
6517
6515
6509
6513
6523
6523
6520
6520
6527
6530
6530
6523
6530
6529
6528
6522
6523
6522
6526
6527
6524
6518
6518
6490
6491
6499
6500
6502
6500
6497
6497
6501
6498
6497
6502
6487
6492
6492
6485
6481
6484
6485
6485
6494
6494
6500
6502
6500
6500
6499
6493
6496
6508
6501
6503
6498
6507
6509
6509
6514
6496
6496
6509
6503
6506
6510
6505
6505
6496
6502
6503
6504
6505
6505
6498
6490
6490
6485
6490
6490
6483
6481
6483
6482
6474
6475
6488
6489
6489
6489
6482
6479
6488
6489
6477
6477
6452
6459
6433
6455
6458
6467
6468
6470
6481
6482
6481
6483
6485
6485
6485
6485
6485
6485
6484
6486
6480
6482
6482
6482
6482
6485
6489
6489
6489
6484
6486
6480
6489
6489
6479
6476
6483
6475
6471
6468
6462
6463
6462
6475
6473
6475
6475
6475
6475
6475
6475
6462
6457
6452
6452
6467
6464
6464
6458
6464
6469
6470
6466
6475
6475
6475
6480
6483
6483
6494
6488
6494
6494
6495
6492
6488
6502
6502
6505
6500
6500
6501
6500
6495
6489
6492
6486
6487
6494
6494
6502
6497
6501
6495
6502
6496
6499
6500
6500
6500
6500
6500
6500
6498
6504
6500
6501
6500
6503
6498
6506
6498
6495
6490
6490
6490
6493
6493
6493
6492
6483
6488
6488
6488
6489
6496
6497
6497
6494
6494
6486
6491
6487
6492
6485
6485
6485
6475
6485
6475
6481
6478
6483
6485
6488
6484
6484
6484
6475
6461
6463
6459
6454
6449
6450
6447
6450
6453
6450
6450
6455
6459
6459
6459
6460
6460
6463
6463
6460
6460
6455
6459
6459
6456
6456
6459
6460
6459
6459
6465
6473
6470
6472
6461
6450
6440
6453
6452
6452
6453
6461
6461
6455
6445
6445
6445
6445
6434
6442
6430
6444
6440
6440
6438
6438
6432
6425
6414
6491
6486
6492
6487
6491
6491
6491
6496
6497
6497
6497
6497
6494
6494
6494
6492
6492
6502
6498
6496
6487
6489
6486
6489
6482
6486
6487
6487
6487
6498
6493
6493
6492
6496
6506
6516
6514
6514
6521
6514
6511
6516
6510
6504
6500
6514
6506
6509
6517
6513
6509
6520
6525
6525
6525
6525
6527
6525
6523
6519
6519
6516
6527
6527
6524
6524
6521
6521
6520
6521
6510
6510
6510
6510
6509
6504
6509
6508
6508
6508
6508
6498
6503
6503
6500
6497
6496
6495
6498
6496
6504
6499
6479
6522
6532
6532
6535
6533
6540
6525
6530
6525
6525
6525
6529
6530
6530
6530
6530
6532
6537
6537
6529
6526
6529
6536
6537
6532
6534
6531
6530
6534
6527
6519
6522
6516
6511
6530
6539
6536
6546
6537
6539
6534
6531
6540
6554
6550
6546
6551
6553
6554
6550
6544
6544
6537
6538
6543
6544
6546
6545
6545
6551
6557
6549
6546
6544
6550
6549
6536
6538
6536
6532
6530
6528
6518
6537
6544
6538
6537
6534
6532
6538
6545
6541
6546
6550
6550
6550
6554
6554
6557
6565
6556
6566
6562
6557
6562
6546
6547
6540
6545
6552
6552
6555
6550
6565
6564
6560
6554
6554
6537
6534
6542
6530
6523
6535
6532
6515
6520
6519
6524
6521
6525
6527
6515
6515
6515
6514
6514
6510
6510
6510
6504
6509
6510
6510
6512
6516
6522
6520
6525
6525
6525
6518
6520
6520
6524
6524
6518
6522
6528
6526
6526
6533
6518
6523
6523
6516
6522
6523
6517
6518
6518
6518
6518
6518
6523
6518
6525
6528
6524
6523
6525
6522
6521
6533
6525
6518
6516
6515
6515
6514
6512
6503
6503
6496
6500
6500
6500
6500
6500
6504
6500
6500
6499
6499
6490
6490
6488
6488
6492
6492
6482
6482
6487
6487
6485
6480
6477
6490
6486
6490
6490
6491
6495
6488
6491
6494
6499
6499
6499
6499
6499
6500
6508
6511
6511
6508
6514
6514
6516
6505
6500
6495
6500
6500
6495
6501
6488
6490
6490
6492
6500
6495
6495
6484
6494
6500
6500
6503
6504
6510
6508
6508
6508
6514
6506
6509
6507
6517
6521
6517
6515
6500
6501
6500
6496
6496
6496
6499
6498
6503
6504
6503
6494
6488
6482
6482
6486
6490
6489
6498
6498
6492
6492
6484
6477
6491
6483
6473
6477
6514
6516
6510
6525
6517
6526
6518
6518
6518
6528
6529
6526
6521
6521
6523
6512
6516
6497
6501
6501
6516
6520
6520
6520
6518
6520
6526
6528
6525
6524
6524
6524
6527
6535
6532
6536
6527
6526
6517
6514
6514
6520
6525
6529
6514
6517
6520
6520
6521
6539
6532
6528
6532
6532
6521
6513
6502
6500
6496
6493
6485
6484
6480
6483
6479
6478
6480
6472
6473
6478
6478
6475
6470
6473
6478
6485
6470
6467
6467
6487
6492
6486
6486
6486
6483
6487
6483
6474
6492
6505
6511
6523
6507
6501
6502
6493
6508
6498
6498
6482
6482
6475
6475
6475
6471
6471
6466
6474
6476
6477
6474
6472
6478
6463
6465
6456
6454
6454
6442
6451
6450
6450
6449
6456
6448
6445
6447
6439
6440
6446
6447
6454
6455
6448
6452
6452
6450
6457
6449
6437
6431
6436
6463
6462
6468
6465
6474
6465
6451
6450
6450
6450
6462
6465
6461
6465
6469
6469
6467
6470
6469
6469
6464
6457
6458
6464
6470
6469
6469
6469
6463
6475
6478
6474
6468
6468
6472
6449
6446
6447
6453
6445
6448
6454
6460
6460
6450
6450
6446
6448
6442
6442
6440
6440
6444
6430
6431
6406
6427
6431
6455
6458
6439
6439
6443
6438
6445
6421
6522
6529
6525
6528
6531
6550
6547
6524
6562
6563
6566
6565
6572
6577
6574
6574
6574
6575
6565
6564
6564
6568
6552
6552
6550
6546
6550
6545
6546
6549
6548
6548
6552
6553
6553
6553
6557
6549
6550
6554
6566
6567
6562
6560
6560
6563
6560
6553
6558
6556
6556
6552
6541
6538
6537
6550
6553
6553
6550
6556
6556
6558
6560
6559
6558
6557
6542
6553
6559
6554
6555
6560
6559
6569
6569
6570
6570
6576
6568
6574
6550
6551
6546
6520
6511
6521
6504
6506
6504
6509
6507
6506
6522
6490
6491
6483
6478
6483
6478
6489
6482
6472
6475
6476
6464
6462
6463
6471
6469
6467
6468
6465
6459
6462
6490
6483
6490
6491
6490
6477
6474
6480
6488
6492
6492
6487
6505
6492
6480
6483
6482
6483
6484
6480
6484
6484
6491
6487
6485
6471
6481
6475
6474
6468
6458
6464
6458
6458
6458
6459
6458
6450
6450
6447
6456
6456
6453
6460
6469
6466
6463
6470
6467
6465
6467
6453
6453
6453
6433
6431
6431
6432
6432
6435
6433
6431
6449
6443
6451
6454
6436
6453
6455
6447
6452
6479
6484
6492
6492
6483
6483
6486
6481
6484
6495
6495
6497
6505
6495
6489
6490
6493
6502
6499
6500
6495
6501
6503
6495
6491
6505
6507
6506
6502
6512
6517
6521
6508
6503
6518
6515
6520
6525
6514
6509
6490
6490
6492
6492
6497
6486
6482
6480
6490
6488
6484
6472
6475
6483
6483
6482
6484
6486
6493
6484
6487
6499
6502
6505
6504
6503
6506
6503
6509
6504
6507
6509
6506
6495
6527
6479
6470
6457
6456
6456
6455
6455
6460
6451
6452
6453
6443
6435
6442
6471
6477
6470
6469
6465
6460
6468
6473
6464
6455
6455
6444
6448
6444
6451
6452
6430
6420
6428
6430
6429
6427
6434
6436
6433
6433
6438
6436
6442
6448
6444
6450
6454
6448
6444
6438
6428
6437
6420
6420
6419
6421
6414
6414
6414
6412
6409
6408
6406
6397
6396
6394
6387
6384
6384
6386
6386
6386
6385
6389
6387
6388
6387
6387
6387
6386
6379
6386
6391
6397
6393
6386
6385
6385
6385
6385
6382
6379
6379
6379
6381
6377
6381
6376
6384
6384
6384
6387
6378
6375
6375
6376
6374
6389
6393
6393
6392
6395
6393
6399
6396
6394
6395
6398
6399
6403
6401
6398
6394
6393
6396
6400
6399
6397
6392
6384
6384
6389
6389
6383
6382
6386
6386
6388
6387
6393
6395
6405
6401
6399
6394
6391
6390
6390
6388
6383
6379
6381
6389
6390
6390
6395
6394
6389
6386
6389
6386
6399
6400
6401
6404
6401
6408
6402
6412
6411
6399
6399
6406
6409
6409
6411
6363
6336
6330
6330
6327
6326
6324
6322
6324
6332
6330
6342
6331
6316
6316
6311
6312
6318
6320
6310
6301
6305
6306
6299
6300
6302
6310
6315
6319
6314
6314
6311
6312
6308
6300
6302
6306
6302
6302
6300
6294
6294
6300
6300
6304
6300
6297
6297
6298
6309
6309
6309
6309
6309
6303
6301
6295
6293
6314
6314
6315
6318
6321
6320
6317
6315
6310
6321
6311
6310
6300
6332
6325
6289
6286
6285
6294
6288
6286
6279
6277
6280
6277
6277
6279
6274
6277
6273
6276
6286
6286
6288
6289
6288
6270
6270
6272
6263
6267
6264
6264
6261
6261
6260
6262
6259
6264
6261
6262
6260
6262
6268
6265
6274
6274
6269
6272
6256
6259
6265
6265
6257
6258
6256
6256
6265
6264
6263
6264
6268
6263
6261
6262
6256
6261
6275
6275
6275
6271
6280
6279
6278
6271
6271
6273
6271
6272
6268
6257
6254
6258
6275
6276
6272
6280
6266
6270
6264
6263
6256
6252
6258
6258
6266
6259
6249
6247
6246
6246
6251
6251
6255
6252
6248
6260
6246
6235
6235
6237
6235
6235
6243
6221
6215
6223
6222
6222
6225
6225
6227
6233
6230
6228
6233
6231
6229
6228
6230
6240
6235
6244
6250
6251
6245
6246
6244
6240
6256
6247
6244
6237
6245
6245
6248
6240
6242
6244
6243
6239
6225
6225
6223
6222
6229
6226
6226
6232
6222
6217
6215
6215
6210
6221
6239
6239
6235
6240
6236
6245
6240
6247
6247
6247
6247
6248
6258
6245
6246
6243
6227
6243
6245
6245
6247
6247
6256
6257
6253
6247
6252
6243
6265
6262
6264
6263
6256
6266
6256
6276
6276
6282
6280
6277
6273
6274
6283
6284
6287
6274
6272
6265
6266
6260
6267
6267
6267
6265
6268
6272
6270
6276
6276
6277
6276
6272
6260
6256
6262
6256
6259
6257
6254
6251
6257
6252
6237
6237
6234
6231
6235
6238
6239
6242
6247
6239
6241
6250
6256
6247
6244
6244
6244
6242
6245
6239
6244
6244
6249
6258
6256
6260
6266
6266
6265
6265
6263
6263
6263
6259
6260
6260
6258
6253
6260
6274
6276
6273
6280
6279
6282
6276
6282
6277
6277
6277
6272
6274
6271
6278
6272
6267
6266
6268
6279
6275
6287
6293
6291
6284
6288
6281
6296
6298
6293
6293
6295
6300
6302
6300
6293
6292
6290
6300
6303
6290
6287
6286
6281
6255
6255
6255
6255
6246
6242
6243
6245
6241
6250
6257
6257
6251
6251
6241
6255
6256
6260
6262
6272
6251
6255
6253
6246
6250
6250
6250
6250
6250
6250
6248
6248
6246
6239
6234
6228
6233
6239
6236
6244
6237
6232
6240
6228
6228
6228
6223
6201
6216
6212
6226
6223
6234
6240
6239
6245
6236
6243
6241
6241
6232
6228
6242
6241
6236
6236
6236
6234
6241
6247
6250
6251
6252
6252
6243
6236
6237
6243
6248
6254
6252
6230
6233
6227
6229
6239
6241
6244
6228
6235
6235
6209
6194
6272
6272
6274
6272
6269
6273
6280
6279
6285
6280
6286
6279
6281
6274
6276
6290
6287
6285
6279
6288
6282
6280
6279
6267
6267
6267
6268
6276
6276
6271
6282
6276
6265
6260
6260
6262
6262
6264
6270
6269
6270
6266
6266
6263
6256
6262
6256
6255
6263
6254
6269
6272
6277
6275
6268
6302
6315
6314
6310
6319
6322
6320
6319
6327
6327
6327
6325
6330
6330
6328
6330
6331
6333
6330
6324
6326
6326
6314
6324
6323
6323
6323
6322
6319
6316
6306
6308
6308
6307
6310
6309
6315
6315
6313
6305
6302
6305
6306
6309
6316
6321
6319
6307
6309
6312
6324
6328
6323
6328
6328
6328
6335
6334
6337
6337
6337
6337
6336
6330
6336
6336
6336
6329
6335
6331
6331
6320
6324
6323
6322
6330
6323
6318
6315
6315
6314
6311
6323
6312
6321
6318
6324
6324
6319
6320
6329
6339
6340
6342
6341
6347
6347
6340
6342
6351
6346
6361
6363
6355
6356
6351
6361
6355
6359
6359
6358
6354
6349
6348
6348
6347
6345
6352
6344
6340
6360
6350
6362
6378
6334
6328
6326
6325
6320
6326
6323
6329
6333
6329
6313
6315
6309
6308
6311
6293
6304
6301
6293
6292
6288
6294
6303
6298
6297
6296
6290
6291
6298
6299
6294
6291
6290
6287
6287
6284
6284
6287
6278
6266
6270
6260
6261
6282
6286
6280
6286
6289
6294
6291
6299
6289
6295
6300
6298
6298
6294
6290
6305
6298
6297
6285
6279
6277
6268
6278
6277
6277
6273
6266
6281
6282
6293
6281
6281
6280
6280
6280
6280
6273
6278
6286
6285
6288
6281
6280
6280
6278
6283
6270
6269
6269
6266
6267
6268
6264
6265
6268
6250
6249
6260
6266
6263
6266
6262
6263
6257
6269
6274
6267
6270
6252
6249
6249
6241
6251
6241
6250
6273
6283
6280
6282
6283
6283
6291
6293
6285
6278
6279
6292
6291
6292
6286
6284
6282
6292
6294
6293
6292
6289
6297
6295
6302
6303
6304
6303
6305
6295
6299
6302
6308
6299
6300
6295
6293
6288
6275
6271
6277
6271
6291
6290
6290
6290
6300
6292
6289
6287
6289
6301
6299
6297
6296
6290
6293
6292
6293
6290
6291
6303
6301
6305
6305
6304
6296
6282
6282
6283
6281
6282
6283
6282
6291
6288
6288
6293
6282
6269
6260
6288
6285
6286
6282
6284
6280
6285
6287
6280
6277
6286
6287
6284
6279
6275
6278
6271
6284
6279
6284
6285
6287
6289
6300
6303
6299
6297
6295
6306
6308
6306
6306
6309
6302
6303
6315
6310
6308
6307
6307
6300
6303
6312
6314
6314
6312
6316
6322
6287
6290
6290
6290
6288
6288
6280
6280
6280
6294
6287
6287
6288
6288
6285
6289
6300
6300
6300
6290
6292
6298
6300
6302
6303
6302
6302
6302
6301
6300
6305
6302
6302
6302
6298
6292
6293
6293
6294
6294
6286
6298
6301
6304
6307
6304
6307
6308
6313
6309
6309
6307
6313
6313
6303
6311
6302
6310
6316
6316
6320
6322
6319
6328
6328
6328
6328
6325
6278
6278
6274
6278
6250
6250
6249
6250
6249
6239
6249
6242
6252
6254
6255
6256
6255
6239
6241
6255
6256
6265
6266
6261
6277
6258
6239
6239
6240
6244
6247
6249
6252
6251
6252
6252
6247
6242
6236
6226
6230
6231
6280
6271
6274
6363
6360
6364
6370
6370
6382
6380
6384
6384
6390
6389
6387
6380
6385
6385
6382
6382
6383
6383
6377
6385
6390
6390
6386
6383
6383
6383
6376
6379
6382
6381
6381
6379
6377
6381
6380
6376
6371
6369
6372
6379
6374
6374
6380
6372
6379
6379
6377
6375
6373
6367
6372
6370
6372
6380
6371
6371
6365
6365
6369
6375
6374
6375
6375
6372
6370
6372
6371
6371
6371
6366
6368
6364
6365
6364
6365
6366
6371
6373
6374
6371
6369
6374
6372
6372
6370
6363
6365
6369
6371
6370
6371
6371
6371
6369
6375
6375
6370
6380
6378
6384
6385
6385
6399
6394
6396
6391
6391
6416
6390
6390
6389
6389
6390
6382
6391
6381
6388
6388
6381
6386
6379
6370
6375
6380
6369
6364
6370
6363
6375
6371
6364
6367
6365
6357
6357
6360
6368
6360
6369
6360
6355
6357
6364
6368
6369
6367
6362
6363
6365
6364
6362
6363
6369
6370
6372
6373
6379
6392
6396
6384
6384
6382
6388
6383
6372
6388
6318
6188
6184
6183
6190
6188
6188
6188
6188
6193
6193
6187
6187
6187
6192
6192
6190
6192
6193
6190
6190
6189
6189
6183
6189
6189
6188
6189
6184
6190
6185
6184
6187
6184
6191
6189
6185
6187
6187
6184
6184
6187
6186
6182
6177
6176
6180
6180
6175
6175
6175
6175
6175
6180
6167
6158
6171
6171
6178
6178
6174
6166
6166
6171
6170
6175
6188
6188
6184
6184
6189
6180
6178
6171
6170
6168
6170
6173
6172
6173
6175
6175
6178
6170
6169
6163
6172
6185
6179
6179
6180
6183
6185
6184
6182
6187
6198
6196
6194
6190
6190
6190
6193
6193
6185
6193
6185
6192
6183
6193
6191
6192
6191
6185
6191
6192
6189
6188
6185
6183
6176
6175
6185
6185
6180
6181
6180
6173
6174
6175
6178
6178
6178
6178
6193
6193
6190
6184
6179
6183
6181
6180
6171
6172
6193
6186
6188
6186
6186
6186
6180
6177
6182
6181
6173
6175
6176
6176
6166
6166
6165
6166
6166
6169
6171
6174
6168
6155
6152
6154
6160
6145
6140
6138
6163
6166
6167
6175
6179
6177
6179
6189
6181
6167
6167
6189
6184
6182
6187
6194
6189
6196
6203
6195
6195
6186
6187
6190
6193
6175
6171
6177
6168
6170
6164
6166
6174
6180
6185
6170
6200
6181
6380
6372
6385
6384
6394
6388
6389
6389
6381
6382
6387
6389
6387
6417
6419
6426
6419
6413
6417
6419
6427
6429
6424
6422
6417
6422
6422
6422
6423
6416
6410
6412
6412
6403
6403
6395
6407
6398
6408
6408
6408
6406
6406
6408
6410
6410
6415
6419
6420
6416
6420
6412
6418
6410
6405
6410
6409
6403
6393
6395
6403
6408
6408
6411
6407
6400
6409
6412
6402
6403
6390
6386
6415
6428
6427
6437
6440
6437
6427
6448
6447
6445
6449
6445
6441
6450
6448
6441
6441
6448
6443
6448
6448
6444
6446
6446
6448
6449
6451
6455
6451
6450
6452
6444
6441
6436
6448
6448
6434
6454
6452
6458
6454
6453
6455
6457
6449
6450
6449
6448
6445
6443
6444
6442
6442
6441
6435
6439
6439
6433
6440
6439
6440
6438
6441
6441
6449
6443
6435
6435
6435
6432
6435
6435
6437
6432
6437
6430
6430
6435
6435
6431
6429
6433
6428
6420
6413
6420
6420
6421
6423
6422
6422
6416
6416
6416
6416
6416
6414
6414
6414
6412
6408
6415
6410
6411
6401
6401
6416
6416
6411
6420
6408
6423
6414
6411
6413
6413
6410
6407
6417
6443
6439
6436
6436
6433
6430
6432
6438
6438
6437
6435
6435
6437
6436
6435
6432
6432
6425
6425
6421
6426
6426
6426
6425
6420
6424
6434
6434
6435
6428
6428
6419
6428
6428
6428
6436
6433
6432
6417
6420
6417
6409
6414
6418
6416
6401
6405
6407
6407
6405
6421
6413
6419
6412
6409
6406
6414
6410
6410
6409
6391
6390
6398
6410
6416
6413
6410
6412
6417
6405
6404
6397
6417
6417
6431
6435
6427
6431
6431
6435
6435
6436
6440
6440
6437
6433
6433
6440
6448
6438
6442
6427
6427
6434
6434
6432
6421
6419
6415
6420
6421
6419
6419
6416
6416
6420
6415
6422
6423
6422
6417
6416
6414
6410
6411
6409
6408
6408
6420
6417
6411
6408
6408
6401
6401
6409
6402
6398
6400
6409
6406
6403
6409
6411
6401
6397
6399
6389
6406
6400
6415
6424
6431
6438
6446
6447
6447
6442
6443
6447
6450
6457
6455
6459
6465
6464
6456
6452
6372
6420
6429
6432
6424
6422
6423
6416
6420
6424
6420
6433
6417
6407
6423
6436
6446
6451
6443
6460
6466
6467
6448
6436
6436
6425
6425
6424
6432
6422
6436
6435
6435
6429
6440
6440
6431
6437
6433
6424
6427
6428
6435
6417
6415
6395
6389
6385
6372
6380
6373
6366
6376
6389
6387
6385
6385
6372
6366
6363
6356
6365
6365
6369
6361
6357
6378
6370
6383
6369
6365
6361
6367
6344
6351
6349
6380
6402
6450
6457
6459
6452
6451
6453
6437
6445
6442
6437
6444
6452
6452
6452
6455
6454
6450
6443
6445
6446
6445
6446
6456
6445
6434
6470
6487
6481
6480
6476
6482
6478
6475
6479
6480
6464
6476
6474
6474
6469
6483
6485
6494
6494
6494
6492
6518
6511
6506
6502
6496
6498
6501
6500
6500
6500
6496
6494
6492
6496
6490
6499
6491
6490
6484
6491
6490
6488
6488
6483
6483
6476
6476
6475
6474
6472
6477
6481
6478
6489
6489
6488
6488
6487
6487
6487
6485
6488
6483
6479
6481
6493
6487
6490
6491
6492
6489
6490
6491
6495
6501
6501
6497
6500
6497
6494
6491
6490
6492
6503
6506
6505
6501
6502
6507
6498
6503
6507
6509
6512
6513
6525
6523
6518
6513
6501
6500
6495
6488
6484
6487
6489
6478
6479
6474
6478
6479
6482
6478
6479
6473
6485
6485
6480
6480
6469
6468
6470
6477
6488
6486
6494
6500
6495
6489
6460
6476
6478
6470
6472
6470
6459
6459
6443
6432
6430
6432
6429
6427
6435
6432
6432
6434
6438
6435
6431
6436
6432
6431
6425
6427
6420
6417
6433
6431
6430
6450
6445
6437
6441
6442
6440
6427
6419
6423
6420
6421
6422
6434
6435
6435
6441
6440
6461
6453
6441
6437
6435
6436
6423
6423
6420
6421
6405
6409
6412
6426
6426
6426
6426
6419
6409
6410
6417
6414
6414
6409
6425
6429
6429
6423
6431
6375
6372
6397
6401
6406
6415
6417
6419
6420
6415
6423
6424
6428
6426
6416
6417
6412
6418
6430
6432
6428
6429
6433
6416
6415
6423
6398
6404
6404
6401
6408
6409
6411
6412
6412
6412
6411
6405
6400
6420
6429
6429
6427
6422
6418
6422
6413
6426
6441
6444
6457
6457
6463
6465
6443
6451
6458
6462
6460
6464
6458
6458
6470
6465
6467
6470
6474
6481
6489
6481
6465
6472
6476
6419
6427
6421
6418
6411
6407
6408
6404
6405
6399
6395
6406
6405
6404
6402
6404
6404
6409
6406
6381
6393
6402
6397
6397
6412
6409
6409
6409
6399
6400
6400
6405
6372
6375
6360
6376
6374
6377
6377
6365
6380
6384
6379
6384
6376
6370
6385
6393
6398
6400
6401
6400
6400
6388
6384
6369
6366
6392
6410
6411
6412
6416
6414
6412
6415
6413
6409
6419
6419
6422
6423
6419
6415
6415
6421
6432
6435
6426
6434
6433
6421
6419
6403
6403
6404
6393
6418
6416
6409
6409
6415
6400
6395
6392
6390
6394
6398
6398
6400
6401
6412
6409
6399
6417
6415
6413
6411
6412
6424
6428
6426
6429
6433
6428
6417
6415
6409
6407
6393
6399
6405
6391
6382
6372
6366
6349
6349
6412
6405
6419
6417
6422
6425
6422
6421
6417
6407
6413
6414
6417
6438
6442
6440
6440
6420
6414
6410
6419
6412
6423
6418
6410
6410
6407
6401
6410
6407
6404
6395
6398
6409
6410
6440
6449
6440
6436
6442
6444
6441
6435
6440
6437
6434
6450
6458
6461
6447
6441
6416
6410
6396
6391
6399
6401
6388
6415
6439
6434
6417
6388
6405
6405
6376
6333
6358
6345
6350
6301
6419
6461
6546
6668
6665
6683
6672
6708
6888
6890
6888
6887
6894
6900
6905
6905
6911
6900
6899
6904
6898
6899
6894
6882
6877
6883
6890
6910
6920
6915
6928
6923
6917
6917
6918
6930
6929
6918
6967
6960
6938
6932
6929
6938
6943
6936
6937
6932
6924
6931
6928
6923
6922
6918
6921
6908
6900
6904
6910
6913
6920
6908
6888
6909
6911
6911
6920
6924
6917
6917
6916
6909
6909
6914
6899
6907
6924
6920
6928
6927
6922
6917
6908
6903
6920
6919
6915
6923
6912
6911
6905
6905
6893
6891
6891
6912
6895
6893
6891
6899
6903
6901
6916
6912
6944
6963
6964
6975
6970
6970
6973
6982
6980
6984
6973
6942
6977
6980
6982
6975
6985
6991
7011
6997
6982
6989
7004
7005
7008
7013
7005
7008
7001
7018
7011
7027
7024
7016
7000
6995
6996
6995
6994
6988
6980
6985
6987
6986
6979
6976
6970
6982
6981
6961
6996
7002
7000
6999
7012
7010
7024
7019
6989
6994
6990
6989
6984
6979
6944
6955
6974
6971
7004
7011
7009
7015
6988
6981
6950
6950
7125
7133
7142
7153
7146
7134
7144
7150
7150
7143
7152
7137
7121
7286
7337
7350
7360
7374
7376
7375
7377
7380
7378
7378
7374
7378
7371
7369
7369
7369
7366
7370
7375
7375
7375
7373
7380
7380
7370
7368
7370
7370
7370
7372
7361
7362
7363
7360
7364
7367
7364
7364
7364
7361
7369
7370
7370
7376
7375
7375
7358
7360
7364
7364
7367
7361
7371
7361
7366
7368
7371
7373
7373
7370
7370
7370
7363
7366
7369
7367
7366
7356
7356
7353
7354
7353
7354
7357
7361
7356
7357
7365
7370
7365
7369
7362
7366
7364
7361
7361
7363
7362
7359
7360
7360
7362
7366
7362
7369
7368
7366
7366
7371
7378
7372
7368
7369
7372
7377
7372
7372
7378
7373
7376
7370
7366
7373
7365
7366
7368
7366
7371
7372
7379
7375
7368
7368
7368
7368
7369
7369
7365
7362
7354
7353
7366
7362
7358
7361
7359
7362
7361
7361
7359
7359
7359
7354
7358
7353
7344
7350
7351
7352
7347
7351
7357
7350
7353
7345
7344
7349
7343
7347
7337
7346
7350
7350
7350
7351
7360
7363
7369
7358
7372
7366
7367
7370
7370
7360
7369
7358
7353
7360
7360
7365
7365
7364
7360
7350
7350
7357
7346
7351
7342
7342
7346
7345
7342
7346
7342
7350
7359
7349
7350
7350
7358
7335
7332
7351
7348
7361
7348
7350
7360
7388
7398
7399
7384
7379
7374
7369
7377
7376
7374
7373
7374
7377
7372
7373
7376
7374
7375
7380
7379
7380
7375
7375
7381
7383
7380
7376
7372
7361
7362
7358
7363
7363
7366
7365
7364
7364
7361
7370
7374
7369
7369
7372
7366
7360
7365
7368
7366
7367
7380
7360
7358
7360
7357
7363
7377
7368
7368
7370
7371
7376
7374
7375
7369
7372
7366
7368
7372
7367
7365
7364
7360
7359
7337
7347
7357
7357
7367
7370
7368
7368
7363
7362
7363
7363
7370
7385
7365
7375
7369
7365
7388
7364
7377
7367
7344
7339
7334
7327
7332
7325
7318
7314
7320
7323
7330
7320
7318
7313
7313
7310
7301
7311
7306
7305
7299
7299
7298
7300
7300
7300
7305
7297
7295
7291
7293
7290
7285
7285
7289
7283
7287
7283
7280
7289
7287
7295
7289
7292
7294
7291
7290
7303
7303
7299
7296
7295
7291
7294
7295
7294
7300
7304
7303
7295
7290
7289
7285
7290
7286
7290
7285
7285
7278
7283
7288
7291
7291
7283
7282
7278
7274
7274
7272
7273
7265
7266
7265
7267
7263
7260
7260
7258
7260
7268
7268
7268
7267
7260
7259
7263
7256
7242
7238
7236
7237
7243
7241
7247
7244
7246
7252
7265
7267
7267
7268
7274
7273
7269
7273
7276
7278
7275
7272
7272
7272
7272
7273
7269
7274
7275
7282
7283
7278
7284
7282
7279
7281
7279
7281
7287
7283
7288
7285
7286
7283
7280
7278
7284
7284
7279
7277
7274
7274
7282
7269
7265
7266
7266
7265
7263
7270
7270
7270
7268
7259
7255
7254
7259
7263
7268
7268
7263
7260
7260
7260
7255
7261
7259
7265
7256
7245
7265
7267
7288
7286
7299
7291
7294
7300
7292
7305
7310
7302
7304
7310
7315
7303
7301
7299
7299
7294
7302
7296
7304
7301
7304
7304
7301
7300
7301
7298
7296
7295
7299
7290
7291
7278
7305
7299
7300
7300
7299
7287
7314
7326
7312
7302
7314
7321
7285
7276
7273
7273
7280
7273
7279
7276
7269
7275
7266
7266
7267
7270
7272
7271
7274
7274
7276
7276
7281
7274
7279
7287
7289
7280
7279
7271
7270
7270
7269
7269
7257
7263
7265
7265
7260
7267
7263
7274
7264
7259
7263
7271
7271
7268
7262
7276
7273
7273
7283
7276
7276
7273
7270
7270
7269
7276
7276
7279
7275
7271
7277
7274
7268
7274
7282
7282
7277
7265
7276
7277
7274
7277
7267
7269
7266
7269
7265
7273
7273
7276
7285
7285
7279
7279
7285
7284
7276
7275
7279
7273
7271
7264
7256
7249
7246
7244
7244
7246
7247
7250
7248
7244
7245
7251
7235
7224
7227
7227
7233
7228
7222
7224
7233
7226
7226
7231
7231
7233
7231
7238
7226
7232
7235
7231
7234
7223
7222
7208
7211
7211
7213
7221
7215
7228
7228
7212
7215
7210
7224
7227
7241
7248
7242
7240
7245
7241
7234
7248
7250
7248
7248
7252
7255
7255
7258
7258
7255
7240
7240
7236
7235
7233
7234
7238
7239
7235
7234
7227
7234
7247
7244
7241
7240
7231
7235
7244
7220
7222
7225
7225
7225
7224
7222
7222
7216
7216
7225
7226
7226
7222
7217
7202
7208
7208
7207
7206
7198
7215
7201
7217
7224
7223
7210
7207
7249
7260
7253
7262
7257
7254
7271
7271
7271
7283
7279
7279
7275
7274
7278
7264
7261
7258
7255
7255
7245
7245
7250
7252
7259
7262
7265
7267
7269
7269
7261
7262
7259
7245
7245
7253
7253
7255
7260
7273
7274
7274
7278
7274
7274
7271
7276
7277
7280
7278
7283
7270
7287
7293
7293
7303
7308
7295
7292
7286
7304
7298
7272
7272
7275
7278
7278
7266
7266
7268
7268
7283
7283
7283
7283
7281
7271
7281
7281
7289
7282
7281
7287
7285
7285
7281
7281
7273
7268
7269
7265
7271
7275
7276
7276
7278
7285
7289
7298
7297
7288
7281
7280
7282
7282
7282
7281
7284
7289
7268
7267
7285
7285
7276
7273
7285
7274
7291
7296
7297
7296
7288
7295
7295
7295
7287
7284
7295
7301
7309
7315
7305
7300
7311
7303
7293
7280
7280
7276
7275
7272
7276
7290
7287
7295
7276
7274
7275
7303
7277
7273
7280
7285
7289
7290
7292
7271
7267
7262
7272
7264
7259
7264
7264
7251
7251
7243
7227
7221
7204
7209
7212
7216
7215
7217
7217
7222
7217
7235
7230
7235
7233
7233
7237
7237
7237
7220
7216
7204
7212
7217
7217
7217
7218
7229
7229
7206
7206
7199
7197
7195
7220
7224
7216
7226
7232
7237
7237
7234
7232
7252
7244
7250
7244
7252
7248
7238
7237
7235
7238
7228
7237
7240
7229
7223
7241
7247
7250
7246
7264
7258
7261
7270
7275
7275
7274
7268
7275
7276
7270
7267
7267
7268
7272
7276
7270
7271
7267
7274
7273
7286
7286
7297
7291
7288
7290
7286
7281
7288
7293
7289
7294
7290
7278
7264
7265
7266
7265
7272
7258
7268
7272
7273
7277
7284
7281
7281
7283
7268
7272
7266
7243
7233
7222
7239
7225
7234
7223
7224
7224
7218
7219
7226
7211
7211
7210
7210
7210
7210
7206
7197
7211
7217
7224
7220
7234
7237
7236
7230
7230
7224
7225
7221
7212
7213
7221
7211
7215
7225
7218
7210
7207
7211
7220
7218
7219
7219
7230
7229
7211
7206
7190
7183
7186
7184
7190
7189
7175
7172
7182
7182
7184
7181
7175
7168
7167
7173
7170
7144
7162
7161
7154
7161
7144
7155
7140
7141
7144
7144
7148
7151
7139
7139
7132
7137
7141
7140
7160
7168
7159
7159
7165
7153
7173
7172
7173
7167
7187
7184
7180
7187
7185
7196
7197
7197
7198
7196
7186
7193
7187
7190
7182
7184
7184
7184
7181
7171
7185
7185
7186
7195
7200
7210
7200
7196
7190
7190
7190
7182
7179
7182
7191
7195
7196
7188
7184
7187
7196
7200
7190
7185
7190
7191
7192
7211
7211
7190
7190
7194
7192
7192
7201
7207
7205
7204
7198
7217
7215
7229
7238
7230
7227
7248
7252
7241
7235
7238
7238
7234
7234
7227
7226
7230
7209
7208
7202
7201
7199
7198
7193
7189
7191
7186
7188
7190
7188
7202
7208
7207
7200
7195
7190
7189
7192
7190
7186
7182
7176
7177
7193
7199
7203
7205
7200
7206
7205
7210
7214
7200
7200
7192
7168
7180
7186
7179
7178
7173
7197
7178
7180
7184
7178
7168
7183
7117
7119
7071
7067
7064
7059
7063
7071
7048
7033
7035
7053
7064
7059
7059
7057
7050
7043
7045
7044
7054
7054
7050
7048
7048
7048
7042
7048
7046
7051
7055
7039
7035
7040
7037
7050
7041
7043
7030
7030
7051
7058
7066
7071
7072
7076
7074
7068
7083
7101
7106
7092
7090
7090
7080
7080
7070
7065
7065
7060
7065
7065
7054
7062
7059
7056
7058
7051
7074
7074
7076
7070
7041
7050
7050
7049
7050
7052
7051
7047
7048
7047
7045
7044
7044
7041
7052
7052
7048
7052
7046
