10083
10103
10075
10052
9950
9949
9988
10003
10033
10058
10134
10102
10085
10129
10126
10189
10174
10190
10213
10199
10171
10179
10229
10229
10196
10175
10165
10173
10124
10107
10090
10115
10102
10110
10100
10088
10074
10057
10056
10041
10027
9994
9980
9985
10029
10020
9972
9970
9980
9871
9876
9889
9900
9876
9860
9860
9880
9860
9860
9810
9670
9710
9738
9802
9802
9794
9831
9767
9761
9711
9770
9797
9736
9790
9819
9834
9895
9897
9876
9840
9832
9887
9833
9850
9953
9928
9969
9998
10022
9977
9902
9924
9868
9854
9824
9805
9780
9792
9824
9858
9784
9800
9780
9744
9741
9743
9741
9750
9779
9675
9639
9588
9632
9715
9771
9630
9572
9540
9616
9659
9726
9700
9737
9707
9682
9611
9668
9860
9934
9974
9936
9935
9914
9932
9928
9985
9879
9875
9944
9986
9956
9990
9988
9970
9941
9947
9993
10023
10005
10013
10039
10031
10060
10101
10128
10144
10144
10162
10190
10205
10192
10200
10200
10199
10152
10152
10082
10091
10100
10055
10079
10085
10059
10114
10109
10077
9952
9979
10025
10038
10013
10015
10086
10087
10015
10080
9951
10141
10103
10199
10249
10209
10219
10230
10230
10116
10080
10100
10052
10028
9911
9917
9940
9950
9912
9950
9920
9830
9920
9999
10010
10033
10055
9970
9957
9999
9970
10050
10049
10146
10180
10245
10368
10369
10348
10405
10409
10433
10445
10383
10389
10378
10382
10370
10370
10362
10370
10362
10325
10360
10332
10338
10380
10372
10420
10405
10436
10410
10410
10352
10281
10339
10375
10369
10350
10313
10297
10300
10251
10309
10240
10220
10265
10276
10299
10320
10350
10350
10520
10525
10526
10544
10526
10500
10495
10584
10544
10556
10544
10511
10499
10509
10497
10450
10514
10514
10426
10487
10440
10510
10789
10810
10862
10826
10883
10890
10881
10885
10883
10876
10910
10907
10910
10926
10920
10922
10940
10933
10984
10980
10985
10980
10945
10960
10951
10917
10950
10929
10945
10890
10816
10800
10825
10822
10816
10800
10815
10791
10900
10861
10820
10818
10800
10800
10829
10824
10800
10822
10823
10839
10798
10817
10833
10820
10831
10852
10864
10811
10874
10937
10920
10894
10891
10881
10799
11017
11021
11014
11051
11030
11021
11031
11021
11021
11006
11033
11049
11041
11050
11010
11015
11010
11025
10966
10971
10952
10933
10907
10913
10899
10896
10899
10894
10891
10896
10891
10868
10897
10900
10939
10979
10974
10983
10989
10999
10980
10999
10998
10951
10955
10941
10980
10980
10997
10979
10991
11006
10998
10996
10996
10961
10992
11026
11009
11015
10992
10980
10971
10998
10924
10934
10921
10838
10808
10810
10837
10825
10848
10861
10882
10905
10920
10915
10940
10950
10940
10945
10966
10936
10947
10982
10895
10948
10907
10922
10953
10997
10987
10943
11144
11164
11166
11152
11188
11186
11184
11183
11193
11189
11187
11222
11219
11202
11180
11167
11182
11179
11175
11171
11213
11213
11183
11097
11100
11100
11106
11100
11095
11090
11039
11039
11093
11100
11098
11176
11190
11188
11171
11200
11212
11215
11220
11199
11195
11194
11200
11200
11206
11203
11185
11175
11175
11170
11167
11196
11182
11185
11150
11165
11175
11180
11115
11164
11166
11191
11202
11215
11240
11227
11221
11222
11228
11227
11228
11180
11215
11168
11224
11232
11265
11244
11233
11220
11219
11228
11247
11223
11210
11178
11209
11228
11208
11218
11179
11200
11230
11240
11267
11281
11263
11269
11252
11262
11263
11278
11290
11305
11277
11239
11147
11168
11191
11194
11240
11250
11246
11225
11224
11220
11270
11266
11279
11279
11279
11271
11219
11165
11112
11140
11175
11160
11149
11071
11111
11124
11112
11130
11120
11130
11110
11101
11140
11126
11131
11160
11049
11079
11101
11105
11112
11130
11164
11197
11200
11231
11252
11264
11274
11274
11283
11292
11284
11311
11316
11310
11329
11329
11319
11331
11349
11340
11381
11337
11333
11309
11310
11279
11259
11260
11249
11291
11295
11271
11270
11292
11240
11245
11205
11225
11202
11200
11162
11163
11150
11172
11213
11212
11211
11217
11217
11217
11199
11263
11286
11300
11290
11296
11292
11297
11265
11292
11287
11287
11277
11250
11265
11285
11321
11300
11325
11320
11286
11371
11371
11390
11459
11434
11457
11446
11457
11443
11427
11450
11455
11472
11470
11463
11444
11471
11453
11470
11462
11474
11468
11472
11477
11492
11470
11435
11448
11455
11452
11469
11455
11397
11389
11389
11409
11396
11410
11400
11372
11330
11340
11363
11420
11387
11398
11404
11371
11405
11369
11368
11419
11364
11352
11369
11414
11486
11400
11390
11381
11344
11389
11430
11579
11587
11585
11616
11683
11704
11704
11698
11732
11721
11737
11720
11739
11747
11757
11771
11805
11790
11782
11766
11764
11785
11773
11731
11731
11721
11691
11692
11661
11666
11688
11744
11714
11678
11666
11678
11678
11678
11707
11749
11716
11725
11712
11715
11713
11722
11712
11716
11725
11710
11719
11711
11749
11750
11764
11752
11751
11778
11792
11778
11717
11743
11759
11762
11745
11764
11754
11755
11756
11727
11715
11750
11764
11763
11750
11746
11748
11755
11726
11660
11645
11647
11666
11656
11691
11691
11701
11720
11710
11664
11604
11620
11627
11631
11602
11584
11595
11571
11613
11615
11653
11649
11616
11628
11673
11688
11634
11651
11630
11622
11704
11634
11600
11627
11627
11631
11601
11622
11643
11631
11640
11645
11655
11675
11660
11660
11683
11656
11688
11664
11671
11640
11655
11596
11600
11596
11584
11613
11618
11633
11642
11646
11638
11651
11618
11614
11646
11640
11620
11574
11579
11595
11606
11635
11640
11625
11627
11639
11652
11644
11635
11650
11676
11655
11645
11621
11622
11620
11680
11680
11675
11652
11611
11589
11586
11600
11547
11580
11570
11542
11584
11597
11663
11682
11717
11732
11706
11733
11741
11758
11751
11750
11770
11761
11831
11801
11840
11860
11851
11832
11780
11774
11770
11770
11770
11770
11760
11770
11730
11749
11739
11740
11737
11751
11756
11700
11710
11705
11707
11722
11752
11810
11810
11810
11802
11821
11800
11820
11834
11860
11845
11801
11800
11815
11793
11800
11810
11800
11822
11814
11806
11796
11800
11773
11777
11781
11730
11800
11730
11753
11810
11806
11815
11825
11822
11825
11811
11812
11843
11810
11829
11840
11867
11870
11840
11844
11814
11817
11811
11824
11813
11774
11888
11870
11886
11910
11918
11912
11956
11968
11943
11970
11953
11935
11900
11875
11880
11880
11882
11833
11798
11785
11786
11820
11800
11791
11797
11793
11772
11784
11801
11860
11825
11794
11792
11765
11750
11740
11646
11623
11616
11601
11625
11619
11621
11564
11550
11536
11492
11483
11483
11502
11469
11436
11477
11498
11477
11498
11507
11511
11485
11447
11470
11441
11473
11474
11479
11465
11450
11443
11406
11382
11378
11375
11420
11435
11468
11449
11462
11480
11474
11493
11449
11459
11470
11470
11493
11472
11450
11437
11461
11489
11450
11520
11500
11487
11500
11499
11548
11518
11538
11498
11495
11480
11491
11480
11465
11425
11455
11439
11391
11364
11368
11361
11370
11425
11439
11439
11439
11440
11474
11465
11485
11460
11463
11434
11477
11472
11463
11465
11494
11515
11555
11563
11553
11553
11555
11560
11573
11570
11588
11544
11553
11587
11620
11620
11620
11625
11521
11501
11512
11506
11495
11499
11492
11466
11507
11466
11472
11468
11470
11570
11562
11562
11562
11585
11590
11533
11605
11599
11579
11581
11552
11466
11483
11478
11457
11420
11425
11430
11433
11476
11466
11489
11490
11439
11427
11450
11428
11433
11433
11425
11433
11425
11430
11425
11438
11443
11464
11455
11447
11429
11420
11400
11457
11430
11421
11520
11550
11514
11501
11508
11476
11481
11535
11535
11520
11555
11535
11418
11417
11433
11428
11385
11386
11398
11440
11449
11400
11460
11470
11409
11250
11172
11119
11100
11100
11105
11096
11015
11024
11013
11014
11023
10972
11000
10913
11000
11002
11043
11040
11067
11060
11050
11035
11040
11040
11026
11041
10967
10936
10976
10965
10988
10998
10999
10996
10983
10995
10985
10984
10963
10908
10928
10928
10904
10920
10912
10940
10917
11049
11173
11179
11215
11215
11217
11186
11186
11187
11190
11212
11220
11220
11205
11195
11240
11240
11336
11332
11276
11257
11270
11275
11257
11227
11169
11132
11130
11143
11136
11156
11120
11165
11177
11200
11190
11162
11184
11153
11140
11125
11137
11175
11162
11136
11119
11170
11205
11231
11250
11306
11300
11220
11213
11214
11235
11197
11179
11185
11171
11190
11184
11213
11176
11158
11180
11165
11200
11178
11209
11249
11260
11252
11245
11307
11323
11331
11342
11361
11361
11299
11325
11329
11327
11285
11275
11283
11252
11271
11240
11192
11181
11182
11169
11160
11172
11139
11136
11058
11093
11034
11132
11123
11123
11104
11132
11138
11160
11121
11054
11050
11029
10990
11049
11056
11056
11110
11109
11125
11144
11175
11185
11155
11162
11182
11220
11175
11212
11112
11107
11096
11080
11026
10922
10922
10909
10958
10991
10970
10990
11029
11028
11016
11013
10973
10975
10960
10977
10990
10989
11070
11132
11147
11109
11089
11160
11174
11116
11116
11127
11115
11131
11111
11112
11115
11109
11124
11145
11070
11075
10970
10959
10934
10915
10900
10900
10888
10874
10783
10792
10841
10830
10830
10854
10855
10870
10877
10920
10903
10924
10924
10918
10900
10862
10834
10860
10865
10880
10916
10936
10950
10919
11010
11041
11040
11067
11055
11003
11004
11015
11032
11059
10960
10960
10946
10990
11020
11018
11017
11017
10986
11036
11036
11010
11020
11012
11000
11019
11030
11023
11002
11068
11068
11067
11078
11118
11111
11140
11142
11141
11151
11144
11075
11030
11039
11061
11074
11100
11096
11084
11092
11110
11186
11167
11210
11142
11140
11085
11160
11150
11200
11145
11023
11027
11053
11008
10953
10938
10989
10973
10976
10966
10949
10953
10950
10953
10967
10910
10915
10805
10805
10810
10812
10800
10815
10810
10780
10754
10796
10800
10799
10696
10706
10686
10706
10701
10672
10562
10587
10620
10575
10600
10558
10609
10620
10715
10725
10610
10504
10539
10497
10497
10474
10464
10449
10463
10505
10532
10523
10521
10524
10501
10492
10477
10519
10467
10500
10534
10514
10532
10580
10609
10610
10614
10559
10544
10526
10487
10513
10430
10501
10516
10523
10536
10429
10469
10369
10493
10501
10580
10509
10565
10747
10630
10588
10737
10741
10760
10708
10721
10628
10628
10600
10658
10618
10555
10641
10605
10846
11000
11088
11068
11125
11180
11192
11240
11247
11248
11249
11336
11331
11323
11333
11399
11454
11451
11369
11361
11329
11330
11372
11381
11379
11361
11377
11393
11386
11387
11428
11425
11397
11426
11420
11439
11479
11468
11478
11490
11447
11440
11467
11417
11460
11497
11541
11571
11530
11557
11537
11537
11510
11518
11506
11560
11545
11508
11500
11553
11587
11593
11612
11497
11497
11490
11500
11500
11507
11540
11552
11483
11521
11480
11454
11335
11330
11335
11376
11361
11361
11332
11343
11354
11360
11373
11400
11400
11348
11304
11304
11326
11310
11235
11208
11233
11223
11210
11119
11145
11157
11178
11128
11121
11080
11155
11164
11180
11170
11171
11190
11130
11160
11186
11180
11220
11235
11260
11260
11252
11265
11267
11257
11280
11295
11284
11284
11280
11280
11232
11248
11155
11205
11216
11210
11168
11193
11205
11310
11329
11335
11321
11300
11270
11296
11255
11257
11312
11330
11365
11360
11330
11312
11306
11289
11272
11268
11270
11266
11320
11292
11301
11261
11225
11231
11225
11219
11202
11188
11173
11188
11203
11207
11219
11225
11225
11213
11220
11194
11200
11268
11270
11277
11253
11276
11197
11162
11177
11199
11200
11202
11200
11172
11105
10977
11010
10971
10979
10970
11000
10975
10999
10958
10964
10946
10892
10992
10989
11000
10979
10952
10962
11072
11083
11106
11129
11099
11083
11060
11056
11052
11080
11012
10942
10939
10935
10984
10954
11020
11065
11126
11087
11169
11160
11170
11172
11169
11160
11180
11193
11189
11174
11182
11237
11253
11260
11245
11258
11275
11265
11244
11221
11205
11191
11222
11190
11251
11206
11161
11140
11130
11151
11142
11081
11063
11035
11102
11140
11160
11221
11226
11150
11189
11164
11212
11235
11257
11287
11258
11251
11330
11345
11323
11328
11328
11315
11297
11350
11332
11310
11340
11335
11331
11279
11287
11343
11371
11383
11408
11378
11363
11372
11348
11332
11360
11347
11333
11327
11322
11322
11334
11244
11270
11284
11277
11235
11219
11231
11243
11206
11333
11333
11370
11383
11324
11301
11340
11351
11382
11424
11423
11448
11513
11512
11520
11525
11545
11550
11455
11411
11445
11515
11523
11523
11503
11488
11488
11583
11563
11551
11538
11550
11583
11616
11596
11576
11555
11524
11550
11551
11590
11578
11574
11525
11550
11526
11504
11543
11537
11517
11492
11493
11488
11480
11509
11478
11462
11461
11450
11446
11477
11446
11555
11580
11608
11594
11638
11647
11656
11680
11650
11658
11672
11608
11622
11656
11627
11616
11622
11582
11549
11535
11521
11500
11559
11660
11489
11444
11434
11401
11445
11424
11396
11425
11374
11466
11393
11392
11343
11392
11420
11460
11414
11411
11389
11309
11300
11336
11358
11355
11374
11367
11391
11409
11366
11364
11401
11379
11400
11312
11315
11214
11209
11204
11201
11188
11198
11165
11178
11152
11123
11186
11160
11118
11094
11102
11131
11150
11182
11221
11178
11182
11196
11236
11250
11225
11205
11200
11234
11214
11217
11299
11218
11228
11184
11172
11130
11140
11140
11163
11189
11183
11197
11183
11198
11219
11179
11205
11240
11250
11248
11225
11225
11192
11175
11175
11180
11184
11176
11183
11120
11070
11048
11035
11088
11079
11071
11168
11144
11149
11138
11052
11035
11018
11050
11070
11044
11045
11019
11019
10927
10989
10902
10975
11008
11059
11058
11100
11068
11094
11048
11060
11050
10983
11039
11033
11136
11237
11212
11251
11253
11258
11269
11218
11236
11316
11316
11315
11294
11422
11377
11380
11342
11380
11353
11291
11287
11272
11220
11220
11266
11267
11303
11341
11326
11301
11288
11294
11356
11421
11395
11481
11447
11345
11343
11216
11243
11177
11105
11091
11075
11043
10996
11023
11105
10990
10992
11010
11014
10929
11120
11135
11124
11039
11052
11052
11052
11044
11010
10988
11083
11077
11049
10990
10995
11054
11040
11055
11071
11103
11175
11177
11149
11172
11015
10872
10861
10850
10902
10920
10884
10865
10802
10836
10875
10900
10949
10872
10900
10951
11007
11004
11005
11001
10977
10938
10919
10920
10889
10900
10972
10981
10973
10996
10987
10997
10989
11038
11022
11031
11094
11053
10969
10931
10861
10800
10747
10714
10714
10737
10737
10732
10719
10651
10650
10660
10706
10700
10701
10703
10704
10637
10614
10621
10626
10633
10612
10628
10624
10624
10504
10592
10600
10792
10830
10840
10800
10800
10800
10805
10871
10886
10865
10866
10791
10754
10673
10679
10734
10729
10699
10723
10729
10714
10718
10698
10740
10733
10644
10610
10700
10672
10667
10629
10658
10594
10643
10730
10749
10690
10775
10744
10718
10680
10641
10601
10715
10673
10606
10661
10673
10736
10830
10825
10775
10805
10814
10816
10846
10838
10864
10812
10805
10819
10879
10930
10916
10921
11000
11084
11113
11098
11122
11114
11083
11136
11114
11167
11118
11135
11107
11088
11098
11118
11020
10989
10994
11029
11014
11070
11020
10970
11013
11023
10987
10986
11017
11072
11114
11137
11103
11146
11025
11100
11070
10920
10924
10995
10999
10954
10980
11073
11103
11156
11159
11207
11175
11180
11240
11278
11273
11230
11217
11204
11185
11172
11190
11196
11197
11350
11299
11206
11201
11221
11151
11179
11194
11290
11315
11300
11365
11191
11190
11219
11177
11237
11287
11211
10947
10914
10891
10900
10933
10905
10787
10765
10795
10786
10699
10620
10613
10645
10587
10590
10640
10421
10430
10448
10340
10305
10303
10260
10262
10309
10360
10333
10308
10308
10286
10304
10370
10441
10330
10266
10308
10368
10337
10340
10283
10179
10300
10356
10306
10330
10345
10138
10102
10173
10137
10002
9983
10000
10174
10128
10159
10356
10392
10378
10406
10365
10382
10449
10403
10450
10415
10388
10399
10458
10412
10400
10379
10320
10438
10460
10390
10412
10488
10550
10633
10500
10508
10539
10518
10523
10560
10650
10711
10670
10707
10676
10702
10750
10772
10732
10699
10567
10546
10583
10451
10483
10320
10358
10388
10363
10409
10395
10370
10341
10350
10317
10297
10282
10307
10204
10210
10411
10387
10351
10325
10447
10512
10547
10554
10598
10568
10562
10484
10441
10449
10392
10420
10340
10329
10479
10520
10536
10628
10593
10700
10793
10797
10821
10812
10808
10780
10760
10786
10788
10753
10817
10886
10910
10912
10906
10965
10932
10912
10892
10873
10849
10900
10890
10838
10821
10843
10843
10850
10823
10820
10808
10791
10841
10826
10792
10751
10709
10795
10819
10823
10832
10897
10831
10913
10907
10957
10834
10767
10816
10790
10805
10796
10770
10730
10799
10869
10851
10790
10823
10810
10840
10785
10670
10698
10696
10698
10665
10638
10651
10590
10657
10665
10628
10750
10700
10567
10565
10557
10539
10368
10410
10448
10430
10496
10330
10360
10349
10364
10353
10341
10358
10294
10260
10104
10101
10100
10218
10218
10217
10251
10101
10276
10210
10200
10284
10430
10387
10494
10472
10400
10550
10566
10625
10600
10610
10619
10649
10570
10446
10452
10504
10491
10561
10630
10600
10600
10600
10528
10499
10468
10500
10580
10584
10584
10602
10686
10674
10670
10670
10675
10564
10629
10526
10625
10629
10630
10602
10602
10745
10720
10667
10675
10677
10709
10638
10640
10651
10699
10602
10569
10555
10585
10530
10462
10450
10487
10390
10350
10332
10388
10400
10454
10475
10569
10635
10673
10557
10593
10630
10604
10740
10750
10885
10876
10825
10766
10657
10706
10574
10625
10616
10680
10698
10692
10903
10999
11108
11125
11150
11215
11295
11350
11347
11337
11247
11307
11287
11304
11384
11447
11459
11475
11475
11501
11650
11600
11657
11702
11722
11728
11724
11702
11709
11705
11742
11715
11696
11696
11744
11719
11674
11743
11757
11692
11733
11816
11878
11879
11817
11788
11801
11808
11720
11692
11674
11686
11704
11734
11760
11760
11758
11777
11755
11723
11806
11807
11820
11812
11780
11819
11836
11863
11851
11890
11824
11808
11805
11770
11771
11750
11774
11795
11701
11685
11566
11591
11557
11573
11524
11573
11580
11638
11648
11652
11682
11658
11644
11650
11640
11677
11593
11500
11473
11497
11475
11500
11566
11539
11524
11500
11540
11546
11532
11567
11610
11656
11686
11693
11716
11730
11718
11706
11619
11610
11619
11618
11535
11537
11503
11485
11498
11512
11539
11518
11548
11468
11450
11458
11475
11504
11509
11578
11513
11447
11448
11324
11381
11381
11373
11377
11401
11389
11304
11420
11438
11447
11440
11427
11428
11423
11545
11554
11569
11600
11602
11661
11617
11612
11607
11635
11606
11560
11650
11557
11475
11480
11407
11473
11417
11417
11451
11468
11390
11399
11450
11349
11380
11369
11362
11350
11350
11318
11202
11345
11346
11361
11340
11482
11495
11421
11389
11407
11384
11402
11368
11389
11335
11332
11300
11305
11276
11259
11242
11227
11287
11333
11380
11313
11350
11207
11250
11260
11210
11285
11165
11170
11211
11250
11276
11299
11331
11280
11302
11345
11393
11505
11497
11481
11512
11530
11501
11492
11549
11595
11637
11620
11620
11548
11537
11551
11540
11519
11519
11376
11340
11381
11330
11401
11453
11472
11454
11479
11436
11502
11474
11443
11429
11350
11332
11338
11323
11258
11347
11416
11449
11419
11438
11360
11335
11260
11270
11306
11400
11413
11333
11472
11452
11590
11635
11632
11652
11659
11745
11750
11795
11870
11891
11900
11861
11865
11839
11820
11811
11789
11852
11838
11884
12071
12099
12069
12080
12079
12158
12235
12188
12207
12189
12218
12217
12163
12118
12080
12094
12027
11996
12012
12002
11975
12116
12126
12114
12143
12165
12140
12150
12170
12121
12155
12198
12244
12208
12191
12158
12142
12115
12115
12010
12062
12019
12007
12002
11980
11912
11886
11822
11782
11785
11863
11876
11935
11892
11925
11926
11879
11865
11876
11878
11870
11822
11849
11850
11817
11810
11776
11787
11772
11735
11735
11762
11771
11850
11803
11860
11842
11804
11740
11757
11718
11719
11770
11730
12010
11993
12004
12048
12044
11989
11958
11955
12005
12020
12041
11899
11875
11889
11922
11923
11900
11970
11931
11902
11845
11824
11869
11990
11981
11995
11927
11990
12005
11956
11951
11945
11950
12020
12050
12131
12159
12165
12178
12179
12209
12199
12150
12150
12155
12122
12165
12146
12160
12188
12150
12197
12103
12173
12142
12186
12213
12305
12233
12231
12250
12251
12249
12202
12190
12298
12434
12430
12434
12442
12470
12424
12488
12476
12496
12486
12449
12446
12459
12461
12454
12499
12500
12523
12571
12527
12509
12574
12495
12607
12619
12625
12656
12610
12690
12703
12635
12585
12606
12601
12525
12500
12525
12534
12542
12540
12512
12539
12640
12640
12624
12608
12545
12516
12503
12501
12450
12492
12502
12520
12432
12452
12532
12440
12400
12485
12488
12488
12610
12740
12735
12730
12750
12787
12766
12769
12767
12743
12710
12710
12717
12699
12727
12745
12745
12745
12765
12775
12843
12810
12825
12815
12801
12885
12880
12866
12938
12962
12935
12935
12935
12934
12898
12903
12903
12895
12874
12834
12814
12791
12781
12830
12862
12798
12779
12795
12784
12810
12833
12835
12739
12726
12767
12744
12710
12739
12750
12778
12711
12790
12753
12886
12880
12851
12873
12880
12908
12995
12882
12929
12944
12940
12947
12941
12875
12818
12822
12830
12865
12873
12831
12800
12790
12831
12876
12886
12860
12888
12905
12956
12987
12891
12860
12850
12881
12861
12855
12850
12839
12808
12702
12704
12700
12692
12633
12652
12658
12668
12618
12608
12540
12572
12516
12556
12561
12583
12554
12531
12533
12530
12530
12600
12600
12655
12667
12639
12674
12639
12632
12636
12662
12636
12600
12651
12720
12719
12703
12693
12590
12526
12597
12615
12610
12639
12528
12506
12550
12602
12639
12696
12675
12650
12682
12655
12528
12530
12530
12506
12504
12516
12532
12530
12545
12550
12538
12514
12526
12517
12420
12443
12467
12380
12361
12401
12406
12350
12345
12406
12433
12433
12433
12450
12500
12510
12588
12568
12588
12572
12576
12609
12604
12550
12580
12586
12539
12583
12598
12549
12560
12548
12516
12515
12502
12571
12515
12530
12525
12517
12502
12600
12639
12623
12642
12600
12639
12610
12646
12600
12620
12595
12740
12732
12705
12731
12731
12722
12793
12809
12641
12652
12660
12698
12595
12584
12525
12511
12502
12501
12515
12529
12629
12597
12505
12553
12575
12415
12471
12436
12500
12424
12449
12424
12425
12477
12487
12512
12539
12552
12520
12564
12593
12625
12711
12686
12691
12343
12366
12408
12425
12420
12369
12435
12459
12446
12500
12340
12411
12140
12198
11929
11785
11820
11825
11825
11800
11750
11770
11770
11765
11726
11679
11666
11673
11621
11693
11694
11725
11760
11758
11758
11790
11778
11813
11793
11838
11826
11799
11727
11725
11724
11700
11611
11630
11618
11642
11661
11683
11672
11754
11751
11731
11700
11703
11700
11737
11737
11730
11740
11751
11780
11750
11733
11677
11606
11614
11615
11612
11649
11637
11660
11660
11606
11547
11564
11550
11550
11615
11625
11648
11576
11576
11552
11386
11399
11438
11441
11453
11427
11465
11467
11441
11391
11331
11300
11307
11327
11350
11383
11371
11284
11320
11311
11320
11366
11387
11458
11490
11500
11434
11455
11560
11548
11509
11542
11532
11418
11386
11399
11400
11424
11450
11430
11400
11350
11251
11272
11267
11275
11266
11300
11240
11300
11335
11224
11221
11238
11193
11190
11225
11200
11213
11285
11333
11341
11296
11308
11293
11306
11240
11270
11335
11332
11332
11280
11244
11167
11150
11141
11174
11226
11326
11291
11326
11300
11300
11230
11288
11295
11326
11333
11346
11391
11395
11373
11342
11342
11379
11425
11474
11521
11540
11567
11547
11532
11596
11580
11684
11655
11671
11676
11670
11690
11688
11701
11701
11705
11711
11725
11705
11732
11722
11689
11675
11697
11679
11661
11664
11663
11583
11567
11620
11601
11594
11617
11582
11581
11588
11555
11631
11534
11526
11523
11475
11549
11607
11672
11660
11699
11677
11700
11700
11737
11797
11823
11783
11815
11820
11809
11794
11797
11815
11807
11799
11831
11895
11895
11925
11920
11940
11971
11950
11979
11991
12009
11962
11957
11927
11891
11878
11917
11870
11866
11841
11850
11860
11954
12000
11928
11845
11842
11784
11750
11713
11728
11722
11725
11719
11722
11736
11770
11793
11843
11884
11899
11912
11890
11912
11870
11848
11816
11796
11840
11860
11895
11842
11835
11810
11693
11745
11729
11718
11695
11723
11700
11736
11720
11676
11707
11725
11760
11790
11745
11786
11820
11830
11820
11775
11748
11667
11693
11673
11400
11421
11459
11426
11405
11427
11431
11477
11497
11536
11569
11525
11587
11553
11566
11550
11601
11610
11636
11639
11628
11520
11515
11469
11404
11428
11405
11391
11340
11367
11338
11317
11325
11339
11346
11433
11394
11416
11480
11495
11459
11440
11515
11227
11238
11110
11117
11210
11210
11224
11256
11197
11157
11178
11189
11215
11195
11167
11214
11218
11112
11142
11100
11113
11096
11101
11189
11153
11188
11206
11167
11191
11227
11220
11287
11435
11435
11456
11462
11482
11521
11455
11506
11478
11407
11512
11555
11478
11507
11569
11567
11548
11555
11532
11438
11369
11371
11349
11380
11398
11380
11309
11400
11406
11316
11285
11280
11280
11321
11300
11290
11199
11166
11133
11177
11226
11136
11096
11299
11240
11270
11330
11430
11328
11241
11215
11201
11275
11280
11287
11417
11467
11517
11575
11578
11526
11591
11599
11655
11665
11625
11620
11612
11623
11652
11765
11749
11775
11893
11972
11920
11895
11900
11889
11867
11805
11865
11778
11815
11825
11824
11824
11786
11754
11671
11650
11661
11671
11680
11758
11710
11792
11820
11790
11790
11732
11729
11620
11680
11582
11550
11509
11560
11503
11530
11579
11696
11710
11809
11780
11818
11830
11848
11760
11896
11832
11850
11878
11900
11854
11814
11781
11800
11760
11829
11821
11741
11750
11785
11710
11760
11782
11930
11946
11932
11882
11940
11950
12000
12075
12075
12076
12050
12060
12070
12078
11989
12003
11931
12108
12077
12129
12050
12065
12035
11924
11900
11863
11825
11792
11850
11899
11949
11899
11881
11940
11850
11850
11780
11721
11775
11740
11770
11810
11821
11790
11763
11841
11883
11946
11960
11828
11765
11626
11757
11741
11830
11935
11894
11903
11900
11933
11886
11870
11831
11800
11699
11673
11600
11606
11592
11482
11606
11584
11499
11499
11500
11560
11561
11561
11505
11475
11337
11350
11330
11348
11290
11300
11255
11256
11180
11218
11244
11286
11313
11294
11303
11315
11193
11232
11288
11285
11330
11380
11243
11229
11260
11250
11250
11144
10890
10897
10865
10841
10928
10820
10853
10819
10919
10943
10903
10855
10881
10842
10725
10890
10871
10840
10837
10834
10850
11250
11233
11210
11227
11200
11230
11170
11164
11186
11180
11276
11304
11269
11216
11320
11200
11129
11042
11059
11055
10990
11125
11158
11192
11134
10993
11010
10953
11020
11152
11126
11146
11200
11284
11194
11226
11171
11199
11187
11200
11248
11282
11300
11520
11486
11550
11520
11458
11455
11425
11440
11360
11361
11394
11493
11451
11704
11766
11824
11703
11700
11678
11757
11765
11742
11700
11576
11566
11592
11610
11740
11742
11555
11525
11388
11417
11422
11422
11396
11450
11440
11420
11401
11509
11591
11400
11326
11151
11019
11033
11128
11082
10928
11006
11049
11040
10896
11069
11053
11140
11169
11108
11281
11218
11200
11047
10990
10966
10858
10925
10861
10970
11100
11168
11163
11163
11173
11200
11251
11166
11168
11245
11280
11346
11140
11500
11537
11389
11330
11361
11309
11248
11249
11240
11240
11172
11300
11300
11290
10860
10801
10750
10774
10780
10850
10886
10900
10994
11000
10707
10713
10787
10716
10729
10881
10834
10795
10788
10740
10780
10780
10630
10440
10444
10541
10620
10580
10373
10442
10483
10436
10209
9990
10050
10050
10050
10120
10121
10052
10026
10000
9780
9780
9808
9801
9844
9863
9871
9874
9877
9800
9801
9791
9800
10010
10035
9977
10115
10134
10050
9933
10145
10230
10405
10485
10420
10374
10279
10300
10332
10143
10150
10131
10160
10091
10150
10077
10030
9870
9983
10070
9946
9830
9883
9669
9643
9570
9619
9420
9435
9570
9619
9576
9640
9650
9471
9500
9515
9571
9661
9594
9550
9646
9710
9733
9826
10002
10011
9903
9925
9999
10131
10130
10250
10171
10225
10360
10371
10380
10444
10449
10534
10380
10446
10410
10457
10696
10765
10759
10587
10550
10419
10410
10378
10316
10243
10146
10242
10111
10165
10305
10351
10358
10429
10452
10427
10453
10580
10580
10500
10541
10327
10174
10367
10324
10236
10206
10425
10359
10250
10248
10500
10537
10410
10375
10400
10536
10766
10827
10820
10800
10850
10801
10786
10758
10930
10938
11030
10940
10925
11053
11041
10917
10943
10997
11140
11240
11200
11194
11183
11192
11242
11265
11192
11295
11305
11332
11339
11298
11316
11316
11430
11419
11423
11446
11406
11497
11452
11461
11425
11361
11333
11264
11200
11200
11136
11034
11044
11156
11044
10970
11008
11029
11118
11129
11123
11191
11248
11164
11109
11086
11089
10900
10894
10882
10916
10822
10814
10731
10702
10797
10909
10861
10783
10806
10807
10790
10580
10613
10615
10751
10827
10737
10832
10843
10859
10889
10959
11028
10885
11108
11155
11270
11308
11314
11299
11355
11355
11372
11237
11325
11338
11395
11470
11488
11525
11590
11371
11331
11419
11319
11369
11336
11290
11311
11250
11259
11232
11360
11207
11174
11340
11410
11468
11622
11433
11417
11425
11417
11367
11361
11500
11124
10971
10960
10923
10941
11075
11220
11107
10952
10760
10593
10550
10185
10200
10272
10401
10409
10520
10520
10550
10612
10761
10810
10860
10780
10670
10618
10725
10860
10923
11029
11095
11131
11173
11216
11251
11172
11075
11022
11048
10989
11080
11100
11232
11332
11375
11359
11451
11447
11556
11574
11574
11591
11591
11524
11630
11648
11638
11475
11427
11400
11662
11640
11626
11733
11803
11844
11851
11865
11824
11779
11705
11703
11729
11711
11629
11740
11752
11760
11752
11604
11590
11363
11439
11430
11360
11421
11422
11371
11275
11300
11351
11395
11130
11189
11389
11442
11463
11615
11637
11670
11697
11705
11604
11579
11685
11633
11908
11947
12030
12056
12030
12239
12246
12266
12205
12216
12264
12316
12363
12315
12398
12297
12299
12203
12161
12142
12083
12091
12084
12017
12072
12085
12135
12087
12144
12168
12180
12000
11980
11993
11950
11989
12029
12084
12150
12120
12120
11945
11908
11912
11812
11738
11778
11792
11719
11671
11747
11901
11906
11853
11863
12005
12082
12248
12281
12260
12082
12046
12080
12155
12129
12278
12230
12187
12285
12292
12316
12275
12408
12428
12267
12330
12214
12214
12099
12066
12155
12035
12055
12197
12172
12190
12020
12050
11814
11750
11850
11793
11948
11890
11883
11853
11820
11731
11617
11638
11705
11620
11651
11750
11503
11503
11487
11389
11510
11893
11929
11943
12000
11913
11937
11983
11926
11883
11921
11800
12062
11827
11955
12242
12233
12080
12126
12171
12261
12205
11854
11800
11876
11953
12050
12100
12657
12439
12459
12786
12895
12915
13030
13092
13083
13091
13159
13133
13157
13230
13230
13230
13197
13188
13178
13194
13070
13070
13050
13060
13085
13080
13066
13062
13059
13064
13079
13070
13093
13100
13114
13131
13099
13065
13101
13012
12983
12970
12957
12908
13001
13001
13000
13000
13020
13002
12993
13008
12937
12962
12943
12935
12885
12915
13000
12954
12926
12912
12922
12970
12970
12955
12970
12973
12898
12900
12975
12976
12878
12999
13124
13115
13095
13150
13135
13093
13102
13123
13064
13030
13026
13027
13024
13015
12990
12944
12842
12995
13059
13015
13050
12986
12968
12830
12885
13113
13158
13180
13290
13318
13362
13202
13190
13144
13209
13208
13350
13380
13348
13336
13170
13211
13365
13353
13371
13467
13481
13455
13466
13586
13500
13541
13533
13588
13564
13530
13560
13577
13596
13660
13644
13645
13550
13550
13550
13550
13685
13690
13812
13793
13809
13910
13910
13910
13927
13909
13917
13940
13929
13930
13900
13893
13880
13810
13853
13862
13821
13803
13789
13794
13817
13816
13770
13895
13914
13925
13933
13915
13972
13969
13970
13949
13933
13930
13951
13920
13919
13880
13880
13881
13895
13902
13922
13896
13837
13838
13855
13845
13846
13899
13904
13907
13908
13910
14011
13993
13977
14015
14015
13958
13938
13926
14009
14009
13988
14020
14014
14013
13974
14000
13950
13955
13964
14012
14050
14064
14053
14044
14085
14133
14143
14136
14135
14185
14174
14155
14169
14114
14034
14050
14047
14050
14030
14098
14092
14048
14098
14071
14077
14074
14060
14055
14047
14087
14080
14061
14070
14116
14130
14103
14158
14181
14180
14177
14257
14302
14324
14300
14278
14275
14254
14235
14205
14265
14265
14350
14355
14212
14212
14217
14204
14219
14255
14186
14202
14225
14198
14150
14147
14161
14196
14192
14138
14130
14121
13980
13952
13862
13787
13709
13750
13724
13765
13741
13761
13790
13799
13768
13800
13746
13739
13648
13641
13641
13639
13686
13790
13790
13786
13794
13795
13800
13782
13760
13792
13750
13754
13800
13763
13709
13710
13749
13773
13770
13755
13730
13666
13580
13610
13647
13631
13660
13660
13660
13595
13600
13650
13623
13561
13627
13670
13672
13664
13646
13682
13672
13675
13642
13642
13643
13610
13700
13692
13726
13754
13710
13758
13737
13717
13734
13734
13750
13754
13756
13780
13779
13790
13800
13780
13722
13823
13734
13700
13721
13703
13678
13654
13617
13629
13615
13616
13619
13560
13556
13553
13551
13569
13560
13634
13656
13640
13640
13641
13652
13679
13543
13554
13613
13587
13614
13592
13611
13554
13580
13580
13551
13559
13481
13511
13458
13456
13438
13472
13540
13575
13604
13573
13576
13525
13508
13512
13524
13532
13580
13585
13702
13703
13703
13722
13722
13737
13745
13745
13729
13741
13722
13737
13746
13740
13733
13724
13684
13694
13653
13636
13609
13640
13660
13651
13608
13648
13648
13637
13669
13644
13624
13621
13697
13696
13686
13685
13692
13700
13686
13663
13706
13585
13562
13550
13527
13485
13472
13480
13488
13488
13453
13420
13451
13449
13443
13436
13450
13434
13484
13514
13514
13474
13466
13485
13480
13428
13418
13395
13460
13392
13360
13385
13383
13392
13342
13347
13364
13400
13445
13486
13517
13515
13505
13580
13560
13560
13580
13580
13569
13586
13555
13548
13548
13530
13548
13515
13558
13575
13508
13550
13545
13565
13560
13543
13529
13500
13500
13493
13392
13360
13357
13372
13348
13291
13310
13363
13345
13311
13290
13290
13343
13240
13250
13253
13253
13278
13250
13274
13249
13229
13200
13239
13223
13223
13193
13150
13265
13289
13280
13200
13234
13194
13177
13240
13285
13140
13290
13350
13372
13431
13416
13574
13560
13573
13572
13554
13566
13545
13583
13578
13529
13541
13524
13620
13642
13648
13700
13630
13545
13545
13598
13598
13578
13486
13478
13388
13378
13400
13319
13345
13365
13386
13400
13366
13365
13345
13345
13353
13431
13382
13329
13563
13552
13570
13550
13461
13543
13542
13611
13611
13605
13592
13610
13585
13593
13578
13504
13555
13572
13535
13532
13489
13490
13515
13442
13477
13456
13419
13616
13641
13660
13665
13599
13640
13736
13749
13770
13770
13781
13797
13809
13800
13778
13750
13780
13759
13739
13750
13750
13806
13800
13749
13750
13798
13848
13849
13849
13858
13840
13855
13900
13791
13789
13803
13803
13783
13777
13740
13735
13668
13772
13735
13676
13656
13678
13686
13905
13905
13959
13932
13855
13891
13918
13803
13883
13929
14047
14133
14212
14205
14250
14270
14265
14261
14224
14215
14220
14251
14220
14246
14230
14205
14230
14225
14237
14244
14278
14245
14255
14225
14220
14193
14235
14265
14306
14353
14358
14343
14307
14350
14353
14300
14332
14325
14365
14366
14327
14302
14300
14320
14320
14300
14290
14289
14267
14255
14243
14245
14216
14167
14194
14153
14198
14198
14175
14175
14196
14188
14211
14227
14213
14239
14219
14304
14272
14294
14234
14226
14220
14215
14214
14198
14153
14194
14161
14188
14135
14149
14221
14244
14230
14200
14113
14170
14118
14042
14186
14200
14168
14156
14196
14197
14221
14195
14193
14176
14159
14174
14125
14136
14123
14128
14173
14149
14149
14160
14172
14173
14163
14129
14084
14082
14091
14082
14087
14097
14180
14291
14263
14263
14265
14239
14239
14273
14255
14261
14224
14227
14317
14310
14291
14263
14280
14331
14287
14221
14245
14245
14260
14224
14228
14238
14286
14298
14277
14293
14299
14285
14305
14315
14315
14313
14312
14329
14369
14350
14288
14270
14254
14276
14273
14305
14354
14353
14308
14292
14221
14212
14194
14252
14219
14273
14353
14398
14375
14303
14340
14369
14350
14330
14398
14462
14512
14513
14512
14510
14510
14510
14534
14500
14490
14502
14508
14522
14523
14539
14443
14430
14460
14428
14451
14400
14400
14399
14378
14416
14398
14371
14371
14344
14384
14390
14406
14393
14408
14351
14350
14297
14300
14271
14259
14259
14259
14250
14244
14235
14235
14226
14185
14204
14205
14199
14234
14190
14237
14265
14220
14271
14270
14253
14265
14265
14296
14270
14270
14240
14240
14186
14250
14199
14176
14186
14177
14178
14165
14189
14151
14164
14175
14171
14210
14191
14166
14178
14211
14267
14284
14284
14271
14320
14288
14365
14340
14318
14304
14372
14344
14332
14333
14376
14404
14395
14407
14366
14369
14294
14286
14246
14224
14220
14217
14198
14187
14196
14133
14133
14158
14183
14151
14138
14135
14092
14143
14162
14170
14216
14225
14258
14201
14287
14287
14185
14138
14148
14148
14148
14122
14148
14136
14048
14065
14069
14165
14149
14175
14186
14186
14110
13988
13977
14003
13997
14001
14022
14066
14089
14122
14091
14148
14151
14162
14181
14148
14138
14131
14171
14187
14179
14181
14182
14131
14109
14110
14095
14110
14170
14150
14234
14252
14153
14225
14215
14235
14191
14152
13932
13900
13907
13845
13838
13852
13868
13880
13836
13879
13880
13887
13889
13862
13822
13775
13840
13850
13789
13759
13770
13739
13762
13767
13774
13775
13765
13645
13688
13650
13631
13640
13600
13645
13640
13626
13660
13674
13620
13696
13694
13675
13675
13675
13672
13700
13727
13731
13775
13796
13803
13765
13765
13764
13815
13793
13775
13748
13810
13849
13850
13800
13900
13899
13877
13862
13900
13937
13977
13858
13734
13735
13789
13740
13768
13800
13820
13780
13776
13789
13750
13744
13660
13671
13660
13697
13699
13686
13575
13550
13563
13567
13550
13583
13508
13483
13540
13564
13620
13587
13600
13485
13543
13547
13577
13540
13542
13532
13640
13658
13658
13700
13688
13659
13670
13684
13672
13636
13602
13588
13550
13575
13582
13575
13575
13590
13590
13590
13607
13593
13534
13526
13500
13540
13481
13540
13472
13738
13695
13698
13736
13734
13750
13757
13803
13840
13885
13937
13936
13975
13948
13952
14000
13879
13880
13838
13899
13915
13940
13929
13884
13880
13890
13970
14001
14063
13997
14015
14010
14026
14026
14064
14048
14064
14070
14025
14049
14016
14002
14000
14000
13951
13951
13900
13920
13961
13990
14060
14091
14095
14120
14097
14035
14012
14052
14080
14120
13933
13970
13987
13972
13976
13900
13905
13965
13940
13960
13984
13899
13900
13900
13900
13900
13895
13835
13749
13700
13624
13531
13550
13500
13450
13450
13449
13445
13445
13445
13392
13579
13566
13580
13565
13640
13618
13578
13620
13586
13600
13586
13565
13586
13504
13540
13604
13555
13590
13590
13579
13610
13607
13617
13791
13751
13762
13742
13678
13704
13661
13700
13761
13696
13650
13650
13676
13741
13756
13756
13720
13720
13710
13691
13730
13672
13671
13698
13741
13718
13673
13607
13635
13607
13563
13489
13489
13476
13540
13477
13700
13625
13608
13617
13596
13564
13541
13555
13550
13520
13600
13573
13620
13650
13666
13656
13624
13627
13533
13498
13500
13321
13324
13433
13450
13426
13370
13374
13440
13476
13470
13439
13480
13500
13502
13376
13350
13330
13309
13300
13364
13382
13371
13335
13285
13170
13119
13213
13050
13050
13061
13119
13103
13110
13110
12977
13034
12976
12938
12903
12950
13081
13092
13072
13295
13284
13329
13312
13245
13151
13122
13150
13175
13214
13150
13007
13011
13064
12965
12980
12979
13050
13050
13084
13089
13291
13316
13395
13376
13350
13344
13420
13500
13464
13441
13466
13308
13352
13392
13352
13376
13450
13417
13394
13446
13450
13430
13437
13398
13478
13425
13517
13530
13460
13527
13360
13350
13366
13271
13277
13377
13380
13305
13257
13304
13296
13463
13550
13580
13738
13739
13731
13755
13805
13784
13728
13719
13820
13755
13730
13726
13705
13704
13759
13872
13830
13824
13855
13813
13809
13799
13750
13756
13703
13682
13625
13628
13762
13690
13675
13685
13723
13726
13700
13740
13788
13769
13895
13934
14069
14115
14100
14100
14098
14074
14111
14105
14032
14035
13973
14028
14048
14021
14007
13924
13950
13948
13950
13909
13919
13960
14018
13964
14040
14069
14020
14121
14100
14100
13942
13907
13652
13674
13643
13674
13594
13637
13616
13632
13602
13670
13700
13730
13730
13730
13685
13685
13681
13600
13611
13650
13744
13701
13800
13870
13849
13830
13720
13730
13745
13727
13675
13675
13653
13675
13732
13598
13583
13580
13588
13460
13377
13429
13356
13200
13245
13260
13289
13331
13358
13220
13216
13200
13277
13329
13470
13560
13505
13480
13470
13397
13371
13473
13482
13519
13540
13600
13541
13499
13567
13570
13730
13693
13705
13725
13698
13735
13734
13787
13754
13838
13785
13838
13835
13708
13729
13727
13684
13779
13803
13720
13661
13582
13588
13670
13558
13337
13260
13288
13295
13300
13398
13449
13414
13472
13513
13558
13499
13515
13499
13496
13521
13385
13435
13423
13200
13125
13200
13416
13395
13353
13400
13540
13693
13560
13560
13291
13265
13257
13197
13002
13050
12920
13058
12871
13004
13131
12900
13296
13361
13308
13327
13140
13500
13596
13845
13800
13816
13892
13900
13961
13760
14233
14200
14435
14450
14442
14412
14421
14487
14443
14486
14562
14490
14505
14506
14482
14516
14516
14494
14500
14641
14641
14645
14700
14709
14630
14671
14730
14729
14781
14883
14836
14849
14780
14799
14790
14816
14820
14920
14900
14890
14850
14807
14584
14565
14605
14587
14572
14521
14505
14510
14519
14565
14566
14503
14425
14402
14405
14331
14369
14445
14445
14498
14488
14500
14511
14540
14524
14476
14476
14504
14503
14536
14491
14518
14552
14569
14497
14478
14500
14464
14450
14417
14425
14480
14466
14468
14443
14435
14510
14335
14302
14332
14339
14296
14387
14397
14390
14402
14428
14454
14358
14420
14402
14425
14422
14485
14486
14570
14570
14562
14520
14541
14574
14576
14630
14660
14668
14610
14656
14480
14444
14400
14434
14368
14493
14474
14525
14500
14523
14521
14492
14501
14510
14496
14490
14494
14557
14560
14630
14609
14469
14439
14379
14346
14204
14150
14186
14143
14139
14150
13969
14012
13933
13929
13940
13810
13708
13706
13761
13709
13700
13820
13830
13850
13805
13856
13820
13768
13871
13905
13890
13840
14046
14100
14105
13970
13904
13909
13892
13905
13941
13976
13990
14035
14060
13994
14070
14114
14075
14089
14097
14095
14070
14066
14107
14046
13911
13890
13826
13815
13823
13842
13813
13804
13801
13835
13845
13860
13859
13825
13875
13867
13852
13903
13818
13805
13838
13770
13844
13802
13813
13716
13783
13800
13875
13895
13731
13697
13707
13699
13683
13605
13678
13424
13585
13708
13677
13631
13666
13672
13612
13550
13620
13600
13700
13794
14033
14061
14110
14150
14150
14165
14096
14096
14179
14236
14235
14260
14188
14189
14230
14224
14246
14219
14205
14294
14259
14208
14173
14169
14069
14148
14035
14143
14145
14117
14136
14144
14109
14120
14189
14200
14200
14198
14310
14290
14261
14300
14300
14222
14177
14139
14159
14138
14138
14150
14181
14280
14256
14274
14310
14203
14216
14248
14304
14316
14290
14330
14290
14271
14238
14264
14264
14214
14214
14150
14205
14227
14204
14230
14212
14211
14264
14201
14148
14154
14175
14171
14120
14092
14150
14161
14220
14264
14182
14211
14204
14220
14222
14188
14117
14051
14077
14047
14056
13958
14014
14013
14043
14051
14096
14096
14095
14106
14096
13949
14027
13995
14099
14073
14224
14357
14337
14352
14360
14437
14375
14366
14376
14436
14368
14276
14226
14252
14301
14265
14375
14382
14537
14543
14544
14529
14515
14538
14546
14596
14585
14585
14620
14660
14695
14764
14761
14780
14757
14782
14779
14740
14625
14672
14674
14693
14675
14678
14657
14770
14739
14738
14727
14745
14743
14735
14720
14750
14750
14799
14829
14776
14817
14831
14808
14808
14757
14750
14742
14740
14731
14850
14900
14900
14900
14900
14919
14905
14890
14892
14881
14924
14919
14924
14840
14838
14846
14850
14830
14832
14940
14911
14902
14872
14812
14805
14825
14830
14936
14926
14914
14847
14856
14836
14701
14699
14661
14577
14583
14671
14675
14629
14715
14707
14705
14539
14573
14727
14551
14553
14550
14503
14452
14486
14510
14473
14352
14339
14305
14255
14235
14151
14383
14317
14344
14165
14230
14199
14295
14294
14333
14435
14498
14450
14421
14450
14376
14350
14402
14500
14534
14600
14619
14746
14724
14667
14648
14601
14590
14697
14685
14713
14848
14805
14778
14800
14780
14832
14834
14840
14796
14767
14815
14736
14726
14753
14628
14631
14683
14651
14593
14490
14694
14638
14600
14625
14635
14641
14665
14674
14645
14730
14770
14788
14828
14782
14843
14949
14974
14948
15078
15151
15151
15151
15151
15100
15166
15164
15150
15200
15230
15227
15242
15276
15245
15284
15220
15249
15223
15190
15209
15138
15170
15203
15170
15129
15030
15085
15051
15094
15098
14996
14970
14989
14981
14979
14983
14900
14817
14840
14936
15043
15138
15050
15042
15017
14961
14984
14914
15017
15201
15283
15321
15300
15270
15349
15335
15313
15329
15345
15350
15290
15330
15241
15249
15230
15270
15246
15246
15261
15246
15220
15315
15322
15323
15300
15320
15271
15278
15275
15265
15218
15222
15263
15278
15228
15217
15218
15199
15245
15229
15245
15262
15276
15262
15253
15241
15259
15260
15290
15290
15276
15143
15176
15135
15031
15080
15070
15000
15200
15215
15212
15214
15200
15212
15211
15200
15039
14991
15050
15050
14991
15082
15100
15085
15101
15101
15101
15050
14971
14948
14933
14932
14982
15000
14992
14999
15000
14980
14940
14979
14980
14968
14859
14832
14806
14635
14543
14538
14619
14657
14860
14880
14870
14879
14808
14791
14798
14799
14831
14910
14938
14963
15011
15046
15017
14918
14954
14935
14950
14920
14913
14828
14820
14779
14707
14750
14803
14970
14980
15096
15095
15080
15080
15070
15049
15065
15061
15068
15000
14952
15050
14880
14982
14946
15000
15029
14990
15060
14968
14989
14982
14950
14941
14763
14827
14860
14821
14820
14720
14700
14550
14546
14906
14850
14828
14835
14810
14879
14899
14899
14841
14869
14864
14850
14795
14775
14769
14721
14723
14766
14756
14790
14700
14639
14626
14618
14548
14630
14583
14471
14366
14259
14098
13905
14000
14459
14420
14557
14517
14616
14780
14750
14838
14742
14800
14699
14700
14793
14749
14580
14750
14780
14891
14832
14834
14650
14640
14749
14736
14761
14801
14758
14708
14834
14847
14900
14949
14935
15300
15349
15377
15388
15391
15377
15358
15320
15317
15314
15250
15350
15363
15360
15371
15425
15437
15460
15450
15430
15411
15380
15419
15432
15450
15419
15360
15360
15359
15340
15300
15225
15251
15280
15300
15303
15318
15308
15337
15328
15285
15171
15156
15251
15220
15389
15350
15280
15305
15371
15393
15368
15373
15506
15446
15419
15477
15465
15462
15455
15561
15635
15635
15617
15637
15729
15864
15883
15907
15911
15887
15894
15918
15880
15862
15880
15873
15887
15845
15831
15849
15795
15838
15837
15895
15866
15890
15865
15845
15816
15810
15785
15835
15907
15946
15902
15955
15920
15841
15791
15825
15915
15900
15952
15920
15875
15863
15875
15852
15823
15638
15576
15664
15680
15683
15690
15730
15699
15689
15730
15750
15745
15728
15707
15772
15802
15747
15700
15598
15580
15602
15584
15584
15699
15712
15628
15604
15650
15688
15621
15620
15717
15740
15773
15787
15850
15879
15881
15884
15870
15800
15890
15912
15936
15931
15990
16021
16051
16074
16059
16012
16036
15943
15944
15915
15915
15790
15823
15900
15999
15999
15727
15847
16000
16064
16148
16101
16139
16190
16165
16200
16187
16195
16290
16240
16195
16119
16070
16077
16170
16155
16199
16200
16250
16231
16231
16197
16179
16168
16282
16302
16314
16450
16460
16460
16479
16452
16452
16439
16452
16465
16444
16376
16368
16398
16347
16325
16332
16243
16200
16157
16155
16200
16227
16228
16198
16288
16241
16317
16305
16290
16276
16287
16270
16235
16218
16225
16200
16059
16041
16015
16050
16010
16026
16000
16001
16014
16024
16033
16011
16057
16101
16160
16165
16120
16149
16105
16149
16100
16068
16125
16120
16098
16098
16077
16071
15949
15932
15918
15879
15860
15781
15805
15856
15910
15922
15922
15921
15924
15750
15776
15747
15800
15817
15880
15976
16093
16150
16191
16151
16172
16188
16147
16147
16168
16103
16155
16160
16140
16181
16130
16076
16097
16080
16180
16175
16170
16245
16220
16279
16241
16318
16325
16302
16305
16372
16445
16470
16455
16464
16425
16400
16405
16425
16450
16465
16473
16456
16509
16480
16490
16486
16510
16510
16579
16539
16561
16590
16553
16533
16530
16529
16507
16509
16530
16521
16461
16463
16381
16381
16409
16413
16463
16445
16329
16325
16440
16485
16430
16434
16440
16425
16487
16558
16526
16519
16520
16490
16481
16622
16594
16594
16641
16653
16722
16686
16678
16688
16780
16779
16778
16777
16766
16785
16780
16780
16780
16785
16790
16752
16746
16754
16753
16736
16749
16723
16685
16640
16640
16648
16691
16719
16733
16733
16760
16770
16770
16784
16774
16792
16743
16762
16815
16815
16813
16813
16855
16850
16813
16811
16801
16750
16765
16743
16720
16678
16678
16596
16600
16601
16483
16482
16405
16422
16430
16439
16450
16534
16559
16549
16573
16573
16560
16540
16578
16583
16557
16590
16620
16647
16600
16600
16638
16614
16600
16697
16652
16680
16779
16827
16818
16826
16827
16809
16629
16641
16613
16603
16604
16647
16718
16704
16710
16769
16796
16776
16774
16707
16716
16739
16694
16702
16730
16690
16688
16698
16720
16782
16806
16827
16833
16802
16802
16804
16792
16886
16820
16855
16895
16895
16895
16923
16952
16954
16976
17018
16991
16997
16926
16978
16960
16949
16906
16977
17019
17026
17016
17045
17065
16999
17000
17000
17000
17012
17030
17001
16980
17018
17049
17066
17108
17134
17148
17134
17154
17154
17130
17135
17074
17182
17110
17090
17069
17100
17010
17130
17130
17175
17235
17215
17177
17161
17132
17195
17183
17110
16960
16930
16865
16820
16805
16805
16800
16820
16840
16832
16850
16830
16783
16764
16750
16768
16771
16720
16753
16720
16690
16689
16724
16660
16704
16706
16677
16681
16743
16732
16727
16724
16699
16667
16660
16681
16740
16720
16778
16759
16735
16726
16758
16759
16770
16965
16982
16983
16910
16876
16875
16850
16858
16858
16880
16826
16789
16789
16770
16789
16788
16788
16788
16730
16788
16800
16801
16813
16831
16846
16930
16813
16800
16770
16770
16765
16623
16617
16597
16599
16583
16600
16584
16532
16545
16539
16610
16616
16616
16640
16563
16560
16550
16550
16560
16525
16462
16450
16472
16451
16490
16508
16489
16465
16531
16500
16453
16463
16480
16487
16463
16485
16482
16444
16442
16444
16373
16368
16337
16281
16278
16276
16280
16284
16305
16325
16277
16334
16391
16352
16385
16364
16352
16250
16422
16477
16443
16444
16398
16384
16415
16450
16475
16479
16474
16496
16525
16523
16533
16550
16552
16587
16601
16608
16700
16709
16642
16661
16628
16628
16680
16688
16680
16619
16640
16578
16526
16523
16510
16504
16531
16520
16440
16399
16365
16354
16354
16334
16337
16350
16409
16426
16371
16440
16445
16474
16473
16464
16420
16390
16390
16415
16412
16448
16420
16420
16420
16491
16491
16438
16480
16500
16549
16550
16565
16558
16576
16488
16495
16436
16465
16400
16356
16333
16383
16474
16628
16607
16628
16606
16632
16544
16586
16610
16639
16633
16658
16671
16646
16645
16666
16680
16476
16533
16512
16482
16502
16539
16501
16603
16590
16574
16603
16632
16533
16445
16511
16501
16470
16481
16560
16581
16527
16570
16595
16613
16586
16629
16664
16673
16740
16702
16669
16645
16565
16691
16725
16688
16729
16744
16805
16888
16876
16850
17003
17023
17085
17051
17047
16981
16870
16991
16983
16999
16973
16926
16930
16820
16791
16666
16700
16662
16680
16682
16727
16771
16907
16870
16909
16860
17078
17080
17090
17055
16999
16967
16813
16900
16910
16920
16988
16921
16801
16799
16798
16830
16798
16770
16767
16702
16847
16895
16890
16882
16855
16820
16845
16777
16730
16728
16700
16700
16684
16697
16525
16520
16505
16453
16375
16380
16400
16366
16400
16480
16430
16415
16415
16388
16465
16429
16420
16405
16371
16340
16325
16324
16306
16275
16230
16250
16318
16265
16346
16350
16350
16375
16430
16450
16500
16480
16481
16485
16420
16364
16325
16379
16349
16451
16387
16439
16367
16326
16262
16244
16220
16230
16228
16232
16170
16250
16197
16210
16216
16283
16203
16215
16171
16114
16165
16113
16025
16000
16025
15981
15973
15959
15950
15963
15949
15965
15975
15940
15977
15970
15983
15990
15996
15989
15950
15940
16000
15982
15972
15966
16014
16040
16033
16010
16045
16029
16095
16052
16009
16015
15900
16025
16012
16010
15970
15956
16001
16003
16000
15960
15902
15919
15874
15748
15740
15900
15899
15948
15974
16036
16063
16051
15974
16009
15918
15970
15973
15933
15899
15796
15928
15982
15981
16033
16020
16028
16144
16155
15999
15910
15924
15918
15910
15950
15846
15840
15892
15860
15847
15903
15885
15951
15900
15830
15800
15900
15770
15697
15650
15600
15717
15490
15368
15253
15230
15230
15201
15220
15150
15100
15158
15139
15100
15100
15051
14996
14923
14939
14939
14965
14930
14949
14928
14964
14890
14845
14900
14884
14923
14976
14970
14989
14973
14950
15010
15009
14977
15015
15041
15058
15063
15000
15020
15028
15067
15038
15014
15031
15020
14916
14885
14927
14927
14910
14904
14865
14906
14923
14949
14923
14863
14905
14917
14932
14904
14881
14885
14861
14857
14854
14915
15001
15052
15048
14996
14989
14994
14979
14970
14990
15007
15020
14990
15028
15020
15012
14964
14955
15002
15033
15033
14999
14980
15025
15020
15022
15063
15100
15110
15152
15200
15164
15143
15160
15202
15243
15196
15165
15180
15165
15065
15086
15097
15129
15084
15100
15059
15032
15053
15014
15041
15060
15040
15030
15061
15020
15020
14996
15010
15026
15031
15000
14977
15018
14920
14921
14919
14943
14984
15006
15037
15180
15176
15097
15077
15058
15058
15083
15062
15034
15029
15006
15011
15009
15019
15090
15102
15069
15044
15022
14950
14910
14881
14894
14895
14871
14875
14875
14850
14944
14900
14920
14900
14900
14940
15030
14991
15029
15000
15039
15030
14998
14985
14949
14859
14895
14856
15035
15055
15060
15021
15087
15069
15068
15100
15100
15082
15038
15018
14987
14970
15018
15042
15027
14980
14937
14988
14971
14910
14879
14865
14856
14836
14800
14855
14830
14833
14852
14880
14924
14890
14812
14882
14945
14889
14877
14840
14790
14775
14746
14679
14668
14685
14709
14698
14675
14717
14680
14678
14670
14656
14561
14580
14537
14543
14577
14528
14550
14560
14496
14538
14529
14527
14460
14462
14421
14520
14541
14550
14599
14513
14563
14586
14644
14570
14535
14540
14540
14560
14660
14636
14636
14680
14650
14641
14629
14645
14641
14696
14605
14620
14589
14543
14585
14555
14543
14564
14570
14581
14530
14593
14580
14558
14594
14630
14580
14609
14600
14510
14505
14463
14476
14405
14449
14422
14414
14410
14421
14444
14444
14386
14350
14350
14400
14595
14559
14558
14593
14593
14588
14592
14580
14600
14568
14501
14532
14535
14503
14500
14451
14428
14410
14390
14410
14414
14383
14476
14419
14606
14536
14483
14501
14487
14453
14451
14500
14547
14546
14429
14470
14461
14500
14484
14489
14493
14421
14489
14351
14322
14318
14233
14337
14390
14435
14445
14459
14471
14475
14547
14783
14805
14810
14834
14872
14882
14843
14868
14838
14855
14826
14851
14898
14914
14901
14914
14880
14849
14771
14812
14840
14900
14900
14969
14981
14982
14968
15024
15096
15076
15068
15068
15013
15020
14978
14922
14964
14999
14960
14896
14878
14890
14880
14899
14930
14950
14916
14913
14913
14953
14919
14957
14970
14970
14970
14936
15047
15150
15165
15256
15232
15201
15200
15186
15235
15250
15255
15300
15300
15280
15234
15326
15349
15335
15362
15236
15281
15388
15318
15287
15300
15286
15275
15165
15144
15110
15112
15096
15038
15001
15095
15091
15051
15000
15015
15014
15151
15104
15112
15130
15100
15135
15073
15012
15022
15050
15079
15062
15109
15132
15170
15176
15171
15156
15171
15023
15000
15065
14856
14869
14864
14877
14851
14869
14862
14853
15000
14980
15001
14975
14993
15010
15025
15010
15009
15027
14990
14995
15060
15060
15050
15040
15040
14999
14980
14969
15000
14960
15019
14948
14964
15009
14984
14875
14874
14837
14815
14809
14800
14815
14800
14737
14768
14772
14785
14784
14796
14825
14840
14876
14840
14890
14914
14900
14914
14914
14900
14914
14890
14863
14834
14900
14901
14880
14832
14911
14900
14887
14900
14900
14912
14920
14925
14942
14921
14966
15000
15050
15051
15074
15030
15087
15127
15075
15050
15072
15091
15088
15067
15114
15121
15062
15108
15097
15095
15111
15144
15125
15090
15130
15200
15218
15173
15173
15199
15177
15126
15081
15076
15087
15055
15022
15022
15042
15095
15080
15080
15040
14869
14910
15000
15037
15096
15075
15093
14950
15000
14973
14972
14934
14798
14755
14792
14770
14745
14670
14740
14866
14909
14851
14833
14867
14906
14894
14908
14910
14910
14914
14914
14883
14757
14750
14750
14767
14754
14770
14780
14782
14730
14742
14774
14755
14766
14731
14718
14723
14706
14721
14611
14549
14695
14700
14860
14932
14872
14866
14825
14835
14866
14875
14852
14787
14815
14808
14850
14919
14877
14889
15122
15075
15125
15161
15207
15201
15099
15101
15120
15150
15115
15140
15136
15176
15300
15280
15239
15250
15299
15277
15347
15329
15290
15300
15330
15345
15355
15389
15370
15300
15288
15125
15140
15150
15080
15020
15147
15118
15076
15067
15025
15004
15055
15083
15069
15069
15076
15029
15038
15101
15128
15116
15029
15043
15062
15056
15120
15094
15065
15081
14998
15067
15034
15067
14975
14970
14920
14890
14880
14882
14877
15006
14971
15043
15062
15155
15020
15020
14991
15030
15045
15026
15016
15001
15020
14891
14798
14802
14808
14770
14755
14830
14800
14830
14825
14840
14802
14800
14824
14759
14768
14791
14790
14763
14823
14892
14863
14853
14949
14781
14730
14732
14700
14750
14759
14635
14647
14616
14659
14672
14700
14710
14756
14824
14784
14839
14819
14815
14800
14926
14956
15024
14970
14975
14980
14951
14940
14935
14850
14780
14810
14850
14727
14751
14800
14731
14854
14965
14999
14918
14900
15000
14990
14974
15200
15197
15119
15120
15099
15199
15048
14999
15000
14849
14970
14911
14877
14840
15110
14951
14877
14807
14711
14637
14620
14545
14511
14474
14500
14512
14750
14761
14617
14588
14570
14625
14494
14380
14139
14120
14050
13938
13860
13814
13781
13785
13802
13825
13804
13816
13810
13815
13784
13774
13750
13750
13694
13687
13725
13770
13799
13871
13801
13801
13816
13753
13753
13750
13749
13667
13663
13720
13685
13849
13814
13843
13834
13811
13909
13872
13896
13935
13900
13862
13856
13836
13877
13934
13909
13903
13985
13975
13941
13907
13900
13899
13854
13863
13880
13893
13610
13589
13588
13627
13609
13597
13552
13601
13682
13671
13653
13646
13650
13656
13656
13653
13625
13625
13620
13605
13605
13590
13563
13590
13560
13555
13532
13570
13570
13575
13533
13534
13569
13572
13575
13600
13614
13688
13699
13682
13649
13655
13649
13675
13666
13700
13700
13683
13640
13650
13665
13650
13650
13650
13659
13664
13650
13655
13622
13585
13600
13521
13519
13510
13540
13526
13537
13543
13541
13549
13550
13540
13540
13600
13600
13545
13571
13598
13455
13398
13400
13442
13450
13434
13484
13500
13496
13520
13500
13455
13454
13450
13429
13388
13368
13369
13381
13367
13383
13345
13314
13300
13281
13280
13317
13303
13318
13344
13310
13270
13216
13250
13197
13102
13116
13113
13137
13127
13165
13100
13086
13184
13100
13094
13143
13140
13164
13189
13153
13174
13195
13123
13175
13175
13107
13074
13066
12992
12940
12988
13049
12975
13370
13369
13350
13367
13355
13356
13350
13328
13367
13338
13350
13400
13436
13400
13400
13382
13345
13302
13335
13327
13374
13338
13450
13467
13466
13599
13551
13580
13543
13523
13521
13530
13525
13601
13650
13638
13604
13601
13675
13715
13687
13691
13694
13730
13779
13743
13720
13749
13750
13766
13765
13785
13773
13820
13792
13823
13795
13811
13860
13890
13900
13886
13829
13622
13643
13553
13551
13500
13547
13530
13528
13402
13396
13424
13441
13420
13442
13441
13476
13536
13604
13535
13603
13518
13548
13600
13610
13521
13555
13512
13506
13551
13555
13528
13528
13533
13622
13622
13617
13643
13610
13610
13417
13397
13478
13470
13465
13452
13452
13409
13490
13510
13442
13434
13283
13285
13200
13211
13145
13151
13214
13180
13180
13149
13140
13170
13175
13175
13165
13232
13226
13227
13227
13258
13219
13300
13246
13165
13166
13156
13115
13165
13061
13041
13170
13186
13157
13174
13220
13200
13170
13142
13142
13156
13165
13144
13168
13152
13104
13132
13136
13109
13199
13158
13075
13130
13133
13135
13274
13239
13251
13253
13229
13256
13264
13286
13329
13248
13263
13293
13298
13280
13243
13280
13362
13300
13182
13222
13229
13218
13076
13021
12949
12985
12843
12867
12930
12868
12840
13050
13049
13010
13095
13150
13144
13199
13210
13250
13216
13089
13319
13314
13360
13357
13300
13300
13289
13300
13308
13395
13363
13348
13315
13256
13255
13272
13255
13238
13241
13291
13229
13220
13220
13220
13169
13197
13319
13601
13577
13515
13515
13515
13543
13539
13556
13556
13556
13556
13556
13619
13627
13558
13561
13558
13538
13516
13600
13591
13591
13523
13513
13498
13500
13500
13500
13485
13554
13723
13740
13725
13640
13608
13644
13701
13706
13677
13821
13775
13775
13800
13839
13863
13939
13893
13863
13718
13740
13750
13651
13700
13696
13688
13621
13522
13522
13505
13568
13570
13549
13549
13577
13511
13510
13533
13535
13606
13605
13571
13594
13635
13610
13642
13642
13655
13650
13651
13600
13558
13520
13484
13501
13520
13514
13452
13408
13390
13422
13477
13497
13530
13579
13581
13625
13599
13508
13523
13497
13395
13421
13429
13401
13388
13430
13450
13400
13320
13311
13364
13421
13485
13460
13420
13341
13478
13478
13493
13490
13563
13582
13651
13651
13703
13644
13597
13600
13680
13634
13622
13669
13694
13733
13720
13681
13664
13728
13669
13665
13741
13680
13650
13632
13686
13744
