13913
13909
13823
13823
13893
13910
13920
13925
13945
13940
13940
13940
13970
13968
13958
13910
13908
13938
13950
13982
13971
14000
14024
14026
14020
13945
13953
14011
13950
14010
14011
13995
14000
13992
13977
14014
14145
14243
14230
14170
14186
14173
14072
14033
14048
14048
14048
14033
13991
14030
14038
14100
14082
13869
13890
13950
13944
13815
13945
13916
13999
13920
13880
13811
13886
13890
13837
13916
13904
13899
13961
13972
13975
13969
13970
14000
14000
14000
13974
13985
13948
13948
13948
13920
13982
14013
13900
13850
13990
14039
14036
14001
14036
14117
14119
14099
13949
13930
13849
13804
13660
13625
13429
13400
13363
13321
13274
13271
13260
13297
13244
13286
13265
13204
13258
13271
13411
13340
13354
13400
13400
13309
13329
13249
13179
13196
13164
13220
13262
13250
13101
13116
13100
13095
13063
13052
13056
13089
13083
13110
13125
13144
13065
13035
13036
13101
13100
13109
13299
13349
13318
13314
13300
13300
13270
13259
13231
13239
13051
13103
13051
13089
13010
13092
13100
13174
13154
13047
13174
13230
13140
13116
13104
13104
13006
13065
12970
12917
12830
12792
12804
12810
12695
12740
12656
12725
12788
12752
12722
12695
12729
12723
12790
12713
12655
12585
12646
12760
12733
12812
12835
12888
12890
12845
12831
12777
12844
12905
12967
13033
12997
13020
12945
12894
12900
12830
12840
12900
12915
12849
12800
12689
12758
12720
12789
12784
12814
12807
12900
12900
12948
12876
12833
12808
12883
12820
13035
13131
13086
13077
13083
13144
13124
13145
13111
13070
13040
12954
13065
13094
13104
13033
12976
12991
13000
13056
13032
13060
13071
13073
13088
13090
13065
13200
13321
13340
13300
13276
13320
13319
13377
13418
13460
13334
13308
13280
13253
13320
13201
13201
13225
13216
13210
13201
13323
13320
13295
13292
13304
13260
13090
13070
13080
13031
13076
13002
13013
13184
13156
13143
13128
13107
13101
13214
13142
13148
13005
13059
13080
13058
13070
13105
13070
13178
12898
12908
12830
12729
12670
12520
12654
12776
12799
12842
12827
12850
12900
12970
12868
12846
12850
12850
13010
13007
13035
12993
12890
13013
13048
13000
13049
13090
13010
13040
12959
13028
13047
13050
13034
13036
13025
13042
13036
13012
13012
13000
13025
12970
12950
12957
12990
12997
13002
12926
12923
12876
12875
12925
12970
12986
12940
13030
12998
12951
12951
12978
13099
13091
13094
13035
13190
13195
13229
13152
13115
13107
13054
12988
12965
13016
13035
13070
13030
13090
13029
13023
12964
13033
12903
12833
12727
12730
12791
12825
12825
12824
12830
12871
12839
12585
12573
12580
12569
12554
12513
12553
12433
12367
12246
12288
12092
12445
12529
12536
12601
12639
12666
12530
12527
12670
12674
12635
12546
12579
12536
12556
12701
12642
12672
12672
12728
12696
12765
12780
12680
12548
12549
12648
12680
12750
12718
12800
12800
12965
12903
12869
12741
12685
12658
12652
12587
12529
12400
12381
12493
12515
12895
12840
13012
13050
13047
13150
13233
13238
13222
13265
13195
13150
13155
13196
13175
13167
13131
13131
13232
13290
13569
13545
13585
13497
13524
13525
13525
13525
13496
13421
13400
13300
13380
13350
13338
13424
13442
13341
13282
13322
13393
13400
13480
13542
13600
13577
13542
13542
13500
13420
13414
13382
13450
13490
13450
13500
13550
13629
13620
13615
13698
13759
13770
13724
13740
13744
13574
13776
13740
13755
13767
13768
13738
13666
13655
13662
13637
13600
13523
13584
13550
13465
13380
13557
13557
13511
13544
13561
13589
13510
13502
13500
13432
13443
13443
13430
13408
13374
13400
13331
13310
13265
13218
13270
13185
13164
13156
13164
13540
13530
13580
13400
13387
13388
13368
13369
13469
13500
13480
13500
13600
13657
13667
13666
13627
13550
13585
13508
13533
13533
13550
13491
13580
13563
13398
13322
13459
13531
13596
13587
13632
13655
13739
13744
13728
14043
14149
14208
14197
14217
14140
14182
14228
14217
14216
14261
14250
14325
14112
14101
14212
14113
14130
14150
14130
14190
14146
14136
14259
14259
14260
14335
14333
14280
14380
14388
14398
14300
14305
14350
14380
14350
14380
14468
14529
14590
14566
14590
14536
14562
14649
14650
14500
14467
14455
14449
14435
14415
14435
14400
14343
14322
14370
14305
14268
14265
14264
14317
14281
14298
14423
14433
14416
14416
14480
14430
14416
14495
14501
14390
14492
14500
14585
14602
14614
14595
14517
14578
14438
14501
14501
14471
14450
14512
14580
14575
14540
14525
14586
14561
14501
14550
14560
14493
14500
14522
14585
14554
14606
14579
14625
14600
14600
14705
14753
14758
14720
14700
14679
14753
14730
14709
14730
14680
14732
14711
14705
14761
14772
14801
14744
14726
14728
14717
14650
14610
14533
14506
14504
14497
14533
14575
14555
14546
14509
14450
14471
14430
14371
14350
14450
14475
14500
14500
14434
14430
14457
14470
14514
14513
14476
14434
14392
14370
14398
14400
14360
14260
14219
14300
14033
14171
14186
14214
14159
14130
14124
14149
14165
14191
14258
14210
14160
14135
14177
14191
14219
14217
14168
14075
14196
14198
14200
14186
14301
14354
14307
14356
14323
14300
14250
14235
14311
14255
14181
14170
14000
14146
14082
14130
14200
14224
14250
14429
14405
14360
14475
14428
14388
14332
14280
14217
14301
14381
14350
14398
14350
14402
14500
14527
14500
14480
14552
14590
14570
14600
14700
14720
14659
14700
14666
14600
14604
14476
14474
14510
14559
14575
14613
14570
14666
14692
14600
14740
14753
14766
14900
14971
14963
14996
14955
14985
14998
15020
15050
15092
15098
15061
14950
14940
14901
14917
14920
14918
14962
14999
14998
14904
14894
14894
14827
14860
14753
14922
14923
14885
14850
14871
14908
14878
14877
14872
14949
14945
15050
15058
15074
14967
14806
14929
14929
14930
14900
14880
14872
14875
14867
14850
14922
14871
14891
15000
15010
14975
14877
14806
14796
14817
14850
14790
14812
14620
14500
14500
14317
14277
14244
14276
14274
14290
14310
14243
14345
14344
14344
14343
14272
14341
14490
14413
14414
14382
14382
14422
14381
14450
14439
14350
14403
14401
14491
14201
14285
14326
14325
14140
14140
14116
14126
14170
14100
14200
14158
14125
14159
14249
14225
14163
14120
13901
13849
13830
13832
13850
13925
14000
13887
13948
14035
14000
14099
14082
14060
14045
14043
13950
13982
13974
13878
13910
13804
13935
13813
13820
13793
13729
13650
13703
13553
13658
13585
13670
13710
13702
13801
13842
13974
14026
14027
14023
13950
13964
13888
13950
14023
14056
14061
14160
14053
14029
14093
13881
13861
13900
13892
13872
13999
14021
14021
14065
14117
14106
13986
13977
14097
14300
14350
14350
14314
14312
14153
14162
14200
14206
14216
14277
14330
14376
14361
14329
14330
14397
14425
14425
14458
14521
14462
14428
14280
14342
14170
14191
14265
14265
14150
13999
14000
14000
14026
14051
14066
14093
14245
14226
14260
14255
14194
14223
14200
14181
14210
14150
14034
13953
13900
13825
13900
13861
13859
13955
13938
13966
13942
13900
13900
13900
13906
13877
13756
13900
13898
13713
13762
13769
13741
13568
13700
13876
13907
14019
14050
14105
14141
14280
14222
14315
14372
14402
14366
14407
14405
14413
14259
14201
14215
14214
14180
14180
14150
14076
14015
13991
14163
14200
14219
14220
14170
14161
14200
14239
14238
14139
14150
14245
14223
14207
14145
14140
14090
14050
14025
13987
13885
13987
14069
14031
14070
14000
13953
13900
13843
14000
13998
13980
13948
13834
13950
13849
14101
14100
14150
14125
14219
14164
14030
14002
14130
14234
14250
14400
14423
14424
14477
14407
14502
14452
14605
14529
14460
14538
14359
14355
14500
14387
14468
14358
14100
14505
14525
14100
14364
14679
15094
15138
15204
15206
15270
15384
15444
15435
15307
15338
15338
15338
15330
15317
15294
15369
15329
15209
15209
15224
15161
15178
15244
15240
15200
15138
15103
15088
15088
15075
15134
15245
15268
15443
15426
15436
15442
15396
15442
15440
15272
15291
15325
15273
15350
15390
15445
15368
15306
15342
15275
15250
15126
15160
15120
15071
15103
15131
15176
15141
15147
15170
15160
15138
15199
14990
14914
14772
14750
14713
14743
14806
14768
14754
14714
14604
14768
14818
14765
14785
14767
14820
14850
14929
14791
14898
14900
14927
14986
15021
15000
15029
15129
15143
15160
15212
15215
15130
15128
14979
14999
15035
15036
14873
15100
15030
14950
14985
14934
14883
14985
14975
14880
14855
14887
14877
14725
14800
14788
14750
14620
14505
14592
14674
14719
14725
14840
14876
14850
14830
14835
14710
14905
15074
15269
15320
15300
15321
15280
15293
15270
15133
15300
15180
15230
15110
15188
15116
15146
15214
15275
15243
15205
15293
15675
15715
15723
15722
15697
15681
15706
15759
15805
15747
15749
15710
15670
15724
15640
15583
15860
15825
15821
15750
15732
15851
15871
15849
15850
15855
15812
15808
15700
15680
15680
15646
15639
15598
15629
15690
15590
15518
15568
15694
15705
15645
15645
15604
15650
15538
15468
15446
15400
15400
15768
15760
15738
15909
15841
15784
15800
15814
15705
15752
15801
15834
15721
16035
16019
16019
16019
16000
16124
16126
16100
16100
16100
16100
16100
16028
16050
16017
16050
16100
16066
16165
16160
16072
16057
16085
16132
16200
16200
16156
16140
16300
16375
16330
16320
16400
16380
16430
16451
16405
16389
16400
16400
16420
16420
16300
16299
16300
16277
16267
16267
16248
16300
16283
16270
16237
16202
16202
16249
16250
16287
16320
16325
16300
16280
16398
16358
16270
16197
15998
15913
15818
15758
15719
15719
15704
15695
15700
15660
15679
15600
15700
15796
15708
15739
15750
15795
15786
15784
15768
15755
15722
15700
15690
15719
15748
15690
15765
15852
15879
15899
15910
15919
15831
15967
15978
15954
15917
15927
15937
15866
15900
15870
15825
15894
15895
15885
15806
15670
15628
15719
15669
15700
15700
15643
15610
15608
15550
15600
15696
15686
15764
15710
15594
15647
15561
15571
15675
15650
15700
15790
15750
15728
15721
15686
15715
15715
15767
15716
15640
15670
15700
15790
15800
15853
15812
15853
15925
15914
15924
15930
15938
15900
15922
15875
15994
15910
15846
15842
15780
15765
15819
15832
15827
15815
15851
15728
15831
15961
15972
16000
15997
16049
16000
16041
16021
16000
16000
16002
16084
16096
16034
16010
15985
15955
15888
15812
15817
15825
15890
15856
15861
15886
15820
15815
15812
15806
15777
15801
15698
15655
15723
15729
15668
15700
15683
15615
15733
15794
15817
15734
15725
15721
15740
15639
15740
15911
15963
15969
15950
16015
16045
15981
15965
16048
16050
16050
16040
16050
16010
15915
15903
16012
16050
16032
16058
16114
16098
16000
15945
15860
15914
15770
15775
15767
15750
15772
15779
15830
15850
15785
15709
15640
15802
15854
15745
15720
15709
15710
15595
15595
15580
15561
15598
15590
15595
15500
15530
15499
15478
15483
15450
15370
15360
15360
15360
15347
15348
15320
15303
15218
15219
15300
15336
15302
15250
15261
15262
15303
15339
15350
15321
15401
15332
15250
15253
15203
15290
15298
15313
15270
15240
15269
15224
15040
15000
14987
14899
14911
14924
14999
14995
15000
14993
14932
14999
15060
15046
15075
15107
15122
15101
15100
15135
15200
15200
15170
15182
15206
15227
15234
15192
15225
15203
15150
15135
15137
15141
15135
15071
15081
15000
15027
14983
14977
15065
15183
15233
15260
15327
15389
15500
15500
15500
15500
15484
15483
15375
15357
15350
15342
15396
15435
15500
15525
15509
15563
15520
15510
15500
15500
15298
15299
15226
15210
15191
15150
15140
15186
15123
15236
15074
15126
15212
15230
15236
15326
15335
15491
15466
15255
15024
14995
14992
15001
15000
14870
14920
14877
14804
14650
14648
14607
14402
14385
14356
14023
14003
14040
14067
14040
13998
13954
13986
13995
14005
14005
13952
14050
14050
14047
14000
13947
13871
13810
13875
13875
13866
13799
13799
13919
13861
13870
13815
13837
13967
13984
13934
13942
13940
13997
13950
14010
14100
14219
14218
14137
14137
14126
14126
14127
14115
14048
13923
13926
13955
13936
14025
14100
14000
13960
13900
13867
13999
13978
13980
14011
13845
13750
13735
13737
13707
13657
13673
13776
13810
13733
13824
13719
13824
13840
13789
13800
13808
13760
13805
13787
13770
13740
13838
13774
13622
13600
13566
13681
13700
13698
13647
13673
13773
13730
13988
14011
14016
14050
14075
14115
14121
14106
14069
14081
14076
14076
14050
14095
14098
14077
14119
14114
14100
14160
14145
14115
14144
14070
14030
14090
14060
14048
14055
14131
14263
14099
14050
14002
14000
14017
14060
14069
14035
14035
14079
13996
14071
14011
13900
13850
13880
13882
13849
13757
13701
13718
13787
13765
13899
13947
13970
13970
13945
14009
13998
14040
14010
14000
13947
13933
14019
14010
14046
14000
14000
13850
13805
13853
13874
13898
13900
13860
13763
13650
13672
13741
13743
13650
13685
13590
13523
13522
13670
13681
13543
13559
13505
13894
13872
13872
13907
13699
13687
13717
13773
13936
13826
14230
14200
14293
14215
14260
14344
14548
14547
14555
14497
14480
14411
14473
14494
14421
14440
14450
14413
14417
14381
14387
14347
14316
14323
14346
14325
14317
14309
14325
14333
14236
14168
14018
14080
14015
14039
14103
14045
14028
14036
13990
13907
13987
14000
13988
14017
14186
14110
14074
14069
14065
14047
14082
14072
13914
13950
13907
14009
14006
14040
14236
14200
14314
14263
14255
14259
14201
14232
14232
14217
13943
13926
13953
13801
13888
13864
13898
13949
14000
14100
14100
13980
13998
13992
13850
13907
13927
13975
13975
13997
13980
13961
13898
13877
13766
13886
14027
14201
14220
14216
14249
14092
14067
13983
13984
14023
14052
14052
14055
14032
14049
14050
13955
13961
13951
14014
13995
14044
14114
14122
14013
14052
14000
14033
13999
14038
13988
13850
13955
13742
13720
13693
13685
13386
13316
13317
13429
13465
13473
13490
13861
13740
13743
13726
13669
13651
13672
13615
13619
13572
13567
13650
13672
13670
13534
13550
13596
13507
13494
13520
13745
13781
13837
13941
13919
13867
13909
13890
13949
13974
13890
13750
13740
13778
13823
13915
13900
13868
13876
13837
13857
13788
13801
13771
13805
13789
13769
13883
13977
13962
14021
14198
14080
14120
14190
14184
14128
14128
14105
14188
14082
14040
13900
13800
13835
13871
13911
13945
13992
13992
13983
13716
13755
13740
13767
13627
13405
13354
13362
13205
13190
13136
13033
13079
13100
13199
13155
13125
13245
13296
13322
13396
13325
13361
13150
13129
13129
13199
13164
13409
13322
13443
13387
13300
13230
13239
13245
13350
13296
13279
13208
13140
13206
13289
13220
12935
12894
12915
13040
12948
12960
12971
13033
12903
12717
12780
12680
12835
12810
12825
12793
13047
13100
13200
13196
13118
13179
13196
13157
13178
13035
13038
12871
12893
12904
12999
12934
12999
13051
13080
13155
13265
13274
13254
13231
13271
13240
13300
13396
13421
13407
13449
13498
13511
13544
13580
13527
13545
13454
13600
13655
13670
13635
13651
13665
13558
13570
13666
13666
13598
13544
13456
13453
13477
13455
13343
13330
13255
13150
13296
13453
13368
13530
13651
13640
13564
13610
13505
13405
13394
13540
13520
13473
13410
13499
13419
13335
13330
13385
13380
13200
13160
13260
13303
13342
13309
13329
13294
13200
12897
12839
12798
12715
12522
12561
12658
12700
12691
12981
13098
13105
12883
13013
13017
13224
13200
12991
12831
12823
12932
12980
12890
13012
13091
13211
13302
13350
13365
13375
13376
13572
13598
13511
13537
13597
13437
13315
13328
13220
13408
13686
13632
14133
14181
14180
14150
14082
14182
14270
14339
14377
14370
14290
14300
14300
14289
14330
14312
14270
14251
14251
14117
14209
14202
14170
14230
14248
14290
14318
14280
14422
14517
14508
14437
14434
14453
14400
14448
14438
14430
14402
14330
14310
14295
14300
14228
14117
14121
14123
14139
14143
14118
14144
14165
14117
14082
14081
14020
14039
13995
13920
13900
13925
13995
13949
14000
14000
13958
13982
13888
13840
13807
13774
13711
13592
13815
13890
13943
13909
13813
14111
14150
14166
14174
14186
14098
14186
14182
14258
14188
14041
14045
14020
14035
13980
13977
13900
13890
13942
13816
13760
13498
13611
13768
13811
13904
13945
13929
14070
14000
13879
13843
14017
13830
13976
13868
14126
14170
14235
14265
14451
14429
14532
14521
14489
14371
14421
14400
14470
14567
14600
14583
14583
14534
14482
14226
14402
14400
14226
14150
14298
14520
14315
14553
14850
14825
14848
14932
15110
15169
15135
14957
15057
15500
15500
15480
15481
15480
15500
15482
15510
15480
15398
15425
15430
15434
15351
15431
15543
15558
15550
15522
15513
15500
15479
15477
15354
15363
15215
15058
15072
15062
15040
15048
15013
15013
14998
14929
15010
15010
15066
15021
15035
15013
15006
15020
15025
14995
14977
14956
14975
15020
14988
15028
14980
15018
15098
15100
15080
15154
15110
14979
14950
14940
14816
14840
14765
14833
14939
14994
15029
14954
15191
15249
15321
15307
15204
15291
15201
15248
15215
15215
15177
15068
15050
15020
14940
14843
14970
14987
14914
14934
14680
14894
14893
15070
15032
15360
15440
15500
15458
15500
15570
15702
15580
15580
15522
15480
15377
15303
15303
15288
15200
15171
15177
15135
15133
15133
15073
15004
14999
15010
14924
14990
14959
15038
15048
15030
15020
15014
14846
14821
14971
15154
15110
15150
15232
15200
15216
15250
15062
14972
15179
15250
15215
15035
14870
14880
14870
14919
15012
15000
14960
14990
14943
14885
14900
14931
15021
15055
14850
14877
14897
14940
14910
14634
14550
14499
14360
14411
14365
14359
14365
14535
14535
14550
14634
14583
14443
14402
14375
14402
14390
14402
14366
14344
14328
14132
14195
14185
14378
14316
14361
14426
14417
14327
14587
14625
14600
14550
14613
14583
14489
14200
14354
14348
14420
14350
14195
14200
14187
14115
14100
13957
13985
14098
14047
13787
13740
13934
13943
13859
13633
13760
13751
13715
13733
13853
13909
13909
13885
13945
13991
13874
13800
13854
13907
13816
13927
14087
14167
14202
14248
14417
14402
14298
14193
14171
14082
14550
14600
14600
14580
14550
14533
14740
14640
14690
14735
14785
14806
14800
14693
14765
14634
14671
14619
14729
14692
14700
14649
14669
14590
14521
14550
14530
14404
14440
14498
14457
14313
14327
14327
14446
14474
14483
14477
14427
14648
14641
14600
14450
14450
14270
14300
14220
14300
14149
13993
14098
13930
13911
13830
13951
13832
14019
14008
14250
14202
14250
14262
14270
14071
14032
14000
14002
14050
14150
14076
14190
14000
13980
13695
14001
14300
14062
14195
14637
14650
14570
14540
14612
14563
14540
14800
14765
14700
14680
14670
14656
14541
14538
14500
14387
14205
14327
14199
14199
14199
14407
14332
14413
14137
14091
14179
14191
14152
14390
14400
14117
14263
13808
13700
13694
13600
13642
13520
13429
13216
13301
13208
13250
13229
13200
13047
13024
13189
13277
13164
13176
13288
13200
13358
13498
13470
13393
13500
13561
13332
13224
13340
13441
13463
12857
12800
12802
12802
12764
12768
12776
13026
13023
12800
12721
13085
13261
13296
13200
13184
13196
13065
12945
12805
12873
12988
13000
13000
12873
12700
12801
12830
12772
12800
12777
12830
12747
12648
12839
13240
13296
13329
13168
12956
13016
13050
13017
13035
13085
12791
12603
12527
12458
12460
12367
12300
12133
12244
11400
11389
11529
11791
11794
12330
12370
12571
12941
12888
12834
13000
12600
13000
12903
13065
12843
12885
13149
13150
13620
13658
13800
14011
13963
14060
14060
14050
13993
13950
14008
14008
14010
14010
14026
13925
13940
13940
13959
14041
14020
13803
13722
13803
13848
13686
13969
14085
13930
13951
14142
14073
14030
13907
13753
13900
13902
13931
14086
14090
14290
14319
14467
14336
13943
13911
13900
13870
13930
13872
13713
13667
13851
13753
13749
13700
13481
13407
13294
13286
13320
13200
13222
13318
13170
13425
13349
13520
13220
13133
13014
12960
12968
13080
13087
13300
13400
13400
13665
13599
13349
13250
13082
12987
13349
13400
12853
12899
12932
13290
13263
13300
13396
13411
13600
13617
13850
13950
13990
13838
14040
14054
14135
14180
14438
14249
14090
14062
14172
14050
14000
14020
14200
14350
14385
14414
14562
14552
14548
14720
14733
14803
14961
14823
14540
14540
14583
14650
14560
14489
14500
14575
14223
13549
13394
13467
13530
13656
13874
13922
13876
13942
13759
13783
13950
14153
13810
14059
14190
14222
14366
14613
14596
14698
14649
14650
14700
14453
14512
14566
14546
14366
14688
14710
14833
15063
14857
14890
14753
15071
15093
15214
15279
15278
15409
15449
15401
15427
15473
15374
15423
15306
15370
15600
15599
15695
15796
15758
15770
15540
15490
15544
15491
15427
15444
15450
15530
15447
15549
15549
15508
15493
15620
15638
15669
15622
15596
15640
15672
15762
15803
15769
15827
15806
15787
15691
15621
15655
15753
15600
15387
15312
15361
15335
15190
15212
15211
15275
15250
15259
15223
15195
15200
15350
15460
15459
15430
15417
15477
15400
15456
15315
15315
15300
15330
15305
15253
15440
15363
15329
15180
15220
15321
15249
15200
15228
15305
15300
15282
15291
15355
15399
15450
15397
15363
15250
15300
15350
15290
15010
15177
15265
15541
15445
15492
15467
15590
15638
15639
15655
15687
15700
15717
15657
15580
15700
15649
15670
15487
15406
15551
15550
15431
15453
15772
15726
15460
15468
15495
15900
15860
15757
15765
15875
15955
16073
16143
16117
16171
16230
16111
16057
16200
16205
16368
16382
16306
16350
16463
16415
16338
16232
16228
16180
16165
16250
16250
16285
16300
16315
16391
16531
16550
16564
16532
16585
16574
16606
16664
16638
16643
16640
16645
16719
16803
16812
16784
16812
16812
16807
16800
16741
16736
16676
16700
16700
16711
16759
16710
16686
16449
16480
16500
16500
16565
16627
16695
16667
16600
16543
16494
16472
16500
16509
16446
16500
16510
16510
16500
16530
16493
16469
16460
16450
16550
16563
16615
16614
16729
16781
16810
16885
16860
16921
16921
16955
16920
16920
16915
16831
16922
16791
16801
16800
16800
16862
16877
16941
16962
16911
16863
16804
16745
16885
16870
16789
16866
17045
17067
17080
17032
17038
17043
17051
16970
17210
17250
17193
17159
17194
17175
17144
17090
16975
16900
16939
16905
16921
16897
16832
16874
16813
16795
16784
16751
16687
16654
16662
16725
16770
16834
16856
16955
16971
16938
16857
16812
16814
16750
16888
16766
16943
16939
16665
16680
16480
16369
16338
16399
16410
16392
16261
16154
16148
16338
16305
16355
16400
16380
16400
16436
16456
16482
16508
16480
16505
16560
16600
16587
16604
16551
16582
16432
16559
16528
16575
16513
16555
16544
16355
16425
16557
16542
16634
16710
16659
16520
16650
16649
16518
16320
16347
16397
16443
16484
16457
16419
16401
16445
16350
16349
16315
16410
16300
16150
16190
16289
16270
16235
16110
16189
16169
15800
15899
15880
15875
15821
15725
15587
15796
15901
16233
16317
16197
16198
16182
16200
16317
16461
16478
16525
16440
16469
16509
16590
16500
16749
16745
16750
16760
16780
16771
16771
16662
16672
16604
16719
16670
16737
16712
16719
16695
16672
16629
16835
16758
16661
16701
16716
16722
16742
16776
16800
16785
16685
16524
16553
16751
16770
16782
16600
16614
16694
16738
16707
16943
16953
16949
16914
16904
16855
16621
16607
16662
16750
16813
16284
16333
16341
16352
16305
16195
16428
16493
16604
16540
16395
16320
16301
16450
16588
16551
16627
16690
16750
16766
16890
16898
16855
17152
17330
17344
17350
17383
17270
17236
17270
17367
17320
17341
17445
17504
17563
17530
17475
17457
17560
17201
17275
17244
17324
17450
17543
17600
17675
17721
17752
17754
17781
17723
17718
17762
17848
17840
17800
17765
17685
17682
17709
17718
17622
17566
17619
17579
17566
17550
17532
17558
17461
17498
17342
17317
17296
17378
17355
17305
17303
17589
17600
17600
17412
17378
17135
17127
17130
17049
16983
16964
17003
16968
16976
16946
17079
17026
17027
16932
16918
17005
17003
16944
17004
17043
17061
17180
17012
17036
17035
17024
17079
16939
16919
16840
16810
16690
16725
16742
16705
16750
16606
16505
16584
16721
16639
16686
16773
16770
16815
16815
16563
16478
16380
16341
16315
16282
16420
16276
16250
16114
16114
16224
16224
16053
16051
16100
16160
16207
16221
16230
16300
16330
16368
16400
16487
16540
16497
16450
16544
16745
16687
16799
16794
16687
16680
16700
16735
16795
16955
17050
17020
17023
16995
16987
17052
16934
16805
16855
16764
17031
16989
17000
17148
17130
17135
17132
17075
17238
17152
17046
16982
16977
16950
17018
17024
16982
16903
16750
16984
16855
16800
16710
16734
16380
16483
16223
16299
16317
16073
16150
16344
16481
16487
16841
16894
16855
16604
16804
16539
16563
16461
16284
16413
16467
16126
16100
16253
16892
16973
16900
17333
17290
17222
17281
17509
17635
17610
17706
17746
17616
17547
17498
17483
17485
17400
17384
17352
17328
17370
17370
17341
17392
17395
17416
17455
17455
17348
17250
17224
17347
17345
17198
17300
17196
17282
17326
17320
17395
17366
17351
17406
17416
17417
17390
17492
17408
17238
17105
17069
17002
16919
17050
17046
17100
16849
16917
17067
17212
17342
17557
17600
17676
17712
17740
17766
17760
17751
17743
17742
17787
17787
17650
17668
18045
18031
17971
17905
17930
17906
17990
17985
17931
17893
17920
18063
18068
18060
18132
18120
18120
18260
18284
18214
18349
18348
18289
18264
18259
18229
18240
18261
18255
18269
18274
18245
18318
18290
18290
18335
18340
18338
18318
18349
18429
18398
18405
18440
18390
18400
18411
18392
18348
18338
18289
18246
18180
18195
18154
18241
18240
18166
18165
18000
18013
18003
17960
17960
17962
17987
17966
18070
18057
18000
17895
17911
17989
18000
18017
17950
17921
17902
17971
17959
17849
17807
17851
17866
17966
18024
17911
17917
17950
17896
18000
18060
18031
18096
18180
18200
18140
18200
18215
18156
18150
18199
18231
18222
18210
18230
18239
18272
18254
18200
18111
18149
17980
17990
17990
17983
18195
18199
18199
18164
18120
18150
18101
18050
18061
18083
18055
17944
17903
17900
17973
17586
17540
17630
17726
17800
17938
17999
18150
18314
18243
18197
18144
18100
18029
18129
18136
17962
17844
18018
18100
18165
18336
18445
18420
18303
18238
18509
18547
18575
18612
18587
18576
18625
18678
18818
18855
18859
18858
18874
18849
18864
18861
18870
18878
18870
18889
18875
18881
18878
18917
18890
18900
18855
18836
18856
18847
18802
18899
18900
18835
18836
18839
18830
18822
18815
18810
18749
18720
18728
18719
18773
18780
18840
18820
18813
18832
18848
18898
18873
18895
18862
18895
18865
18845
18837
18845
18850
18880
18881
18867
18962
18948
18907
18932
18939
18900
18970
18980
18999
19049
19018
19019
18955
18889
18829
18825
18825
18813
18820
18860
18860
18880
18888
18873
18829
18820
18795
18789
18805
18787
18797
18745
18800
18785
18789
18806
18732
18800
18800
18825
18820
18830
18872
18888
18943
18922
18890
18906
18932
18940
18940
18899
19000
18957
18818
18850
18801
18806
18745
18859
18860
19046
19022
19008
18900
18900
18930
18949
18936
18920
18920
18912
18878
18894
18900
18913
18920
18912
18915
18917
18718
18661
18633
18700
18741
18739
18701
18701
18740
18738
18678
18675
18661
18675
18715
18700
18700
18710
18709
18675
18669
18690
18741
18691
18720
18720
18740
18725
18725
18725
18700
18715
18600
18590
18611
18640
18665
18700
18700
18736
18665
18650
18616
18630
18600
18712
18700
18700
18735
18689
18539
18547
18470
18410
18538
18456
18400
18425
18464
18500
18582
18550
18560
18530
18578
18582
18500
18502
18571
18571
18574
18655
18665
18726
18760
18725
18681
18700
18690
18788
18833
18898
18828
18832
18801
18815
18874
18885
18898
18907
18870
18851
18806
18712
18649
18601
18700
18719
18662
18650
18635
18627
18635
18632
18621
18570
18480
18490
18405
18408
18627
18575
18619
18750
18783
18815
18818
18821
18813
18824
18830
18911
18955
18950
18868
18958
18976
18981
18984
18990
19012
19020
19020
19020
19000
19000
19090
19205
19151
19167
19191
19216
19198
19190
19120
19146
19124
19120
19050
18975
18970
18950
18935
18930
18910
18915
18916
18900
18900
18850
18851
18910
18909
18848
18830
18862
18838
18850
18840
18800
18719
18740
18800
18795
18790
18847
18844
18928
18935
18940
18910
18876
18850
18760
18694
18702
18800
18809
18790
18799
18800
18800
18713
18713
18679
18673
18838
18865
18865
18848
18885
18955
18924
18924
18925
18946
18956
18957
18952
18952
18922
18922
18966
18970
18971
18960
18900
18873
18896
18889
18876
18868
18868
18858
18764
18650
18620
18621
18650
18665
18721
18744
18799
18782
18734
18734
18723
18629
18628
18661
18661
18671
18619
18568
18601
18600
18489
18490
18475
18480
18450
18377
18400
18596
18437
18481
18361
18200
18200
18199
18333
18295
18381
18450
18961
18700
18660
18425
18462
18441
18343
18289
18304
18300
18407
18140
18009
17950
18100
18165
18138
18264
17900
18033
18050
18184
18138
18229
18372
18400
18465
18709
18760
18879
18899
18870
18899
18900
18900
18900
18970
18967
18820
18907
18837
18988
19130
19203
19215
19200
19259
19264
19250
19191
19153
19146
19152
19075
19035
19078
19039
19059
19041
18867
18858
18864
18860
18877
18907
18950
18906
18908
18937
18910
18951
18990
18963
18952
18924
18850
18900
18915
18970
18970
18967
19075
19035
19026
19097
19133
19153
19146
19075
19055
19065
18970
18750
18685
18492
18622
18626
18663
18650
18612
18669
18683
18600
18777
18948
18949
18913
18876
18775
18886
18984
18996
19035
19038
19049
19049
19008
19045
19034
19075
19051
19049
19030
19049
19026
19118
19118
19101
19119
19109
19101
19097
19050
19030
19029
18953
19018
19100
19099
19035
19086
19020
19010
18910
18970
18957
18990
19071
19060
19098
19015
19245
19236
19250
19182
19127
19105
19165
19085
19229
19315
19315
19310
19290
19260
19250
19250
19390
19447
19420
19420
19382
19348
19361
19424
19493
19444
19469
19441
19530
19530
19565
19552
19549
19549
19548
19533
19550
19554
19536
19527
19422
19444
19380
19375
19377
19462
19537
19560
19598
19617
19617
19600
19605
19626
19657
19650
19650
19631
19651
19642
19620
19547
19543
19534
19534
19534
19534
19529
19526
19500
19500
19499
19498
19499
19500
19500
19500
19495
19490
19470
19462
19470
19448
19400
19400
19431
19432
19432
19448
19470
19490
19470
19423
19441
19428
19434
19350
19305
19300
19377
19375
19389
19327
19335
19299
19299
19299
19265
19289
19411
19419
19369
19340
19335
19400
19480
19472
19475
19475
19480
19480
19462
19462
19450
19450
19450
19463
19461
19457
19448
19439
19443
19433
19420
19420
19432
19400
19396
19353
19283
19286
19275
19276
19275
19273
19279
19343
19327
19307
19286
19265
19265
19267
19257
19244
19217
19200
19145
19185
19139
19109
19087
19128
19081
19031
19025
19025
19077
19075
19040
19027
19014
18972
19076
19065
19078
19144
19139
19125
19115
19104
19064
19040
19050
19070
19078
19111
19143
19144
19156
19176
19201
19236
19249
19225
19177
19148
19136
19100
19112
19093
19075
19100
19041
19151
19161
19161
19122
19065
19065
18992
18923
18930
18903
18891
18889
18983
18870
18860
18825
18996
19000
19013
19001
19000
19110
19120
19140
19147
19147
19092
19070
19070
19171
19220
19194
19195
19159
19082
19016
19200
19263
19291
19225
19225
19225
19245
19266
19236
19250
19250
19250
19248
19208
19187
19149
19184
19162
19130
19000
19065
19065
19025
19036
19025
19064
19140
19130
19120
19100
19120
19100
19100
19118
19085
19040
19040
19078
19041
18994
19130
19150
19184
19168
19160
19168
19160
19104
19135
19163
19165
19171
19017
18980
18974
18921
18900
18900
18900
18866
18730
18747
18717
18696
18711
18773
18724
18723
18711
18665
18722
18710
18777
18780
18790
18774
18722
18680
18700
18742
18703
18654
18630
18769
18799
18828
18722
18644
18623
18650
18650
18530
18859
18750
18700
18717
18768
18740
18700
18689
18638
18570
18570
18577
18547
18580
18603
18595
18550
18533
18490
18496
18500
18467
18450
18448
18413
18431
18411
18364
18367
18300
18264
18293
18265
18298
18255
18377
18238
18321
18300
18298
18279
18228
18279
18222
18135
18168
18037
18061
18018
18000
18000
17988
17950
17934
17949
17948
17953
17968
17962
18000
17998
17996
17992
17967
17990
17990
17974
17925
17900
17880
17865
17863
17888
17848
17839
17806
17842
17820
17793
17817
17770
17743
17800
17769
17770
17729
17759
17775
17750
17859
17842
17845
17845
17840
17845
17845
17844
17845
17845
17844
17845
17844
17844
17826
17808
17808
17840
17810
17818
17817
17825
17829
17840
17840
17830
17830
17751
17763
17735
17735
17710
17658
17780
17750
17829
17813
17819
17819
17796
17813
17776
17763
17760
17800
17770
17810
17802
17779
17763
17722
17711
17690
17699
17708
17707
17673
17687
17664
17638
17631
17600
17600
17570
17553
17566
17565
17547
17547
17511
17540
17526
17493
17493
17516
17508
17500
17499
17476
17488
17515
17515
17499
17488
17462
17452
17491
17446
17469
17490
17495
17500
17505
17446
17442
17470
17446
17412
17295
17292
17300
17299
17330
17360
17434
17417
17425
17450
17425
17438
17363
17380
17366
17435
17436
17441
17453
17454
17461
17436
17465
17465
17465
17460
17500
17470
17475
17489
17489
17406
17440
17384
17455
17397
17465
17500
17473
17462
17421
17500
17500
17500
17500
17477
17486
17456
17491
17496
17497
17459
17464
17478
17435
17398
17445
17456
17480
17569
17591
17603
17425
17341
17300
17300
17338
17221
17150
17267
17287
17312
17347
17350
17400
17389
17420
17400
17397
17410
17236
17230
17306
17277
17362
17251
17500
17539
17573
17563
17599
17600
17601
17589
17592
17658
17661
17676
17636
17604
17620
17639
17633
17605
17620
17611
17567
17539
17580
17643
17645
17645
17634
17595
17624
17658
17750
17749
17650
17635
17519
17600
17500
17440
17527
17600
17600
17602
17599
17600
17590
17590
17599
17584
17597
17564
17485
17560
17594
17556
17570
17570
17569
17540
17566
17577
17487
17579
17583
17575
17571
17581
17588
17497
17492
17499
17569
17500
17480
17500
17478
17488
17493
17550
17618
17622
17650
17619
17689
17693
17652
17667
17655
17760
17740
17772
17765
17800
17779
17790
17710
17732
17803
17838
17842
17783
17756
17737
17708
17574
17555
17535
17550
17641
17673
17663
17758
17828
17804
17809
17735
17735
17702
17720
17877
17857
17922
17906
17900
17888
17870
17881
17875
17869
17848
17835
17835
17675
17701
17716
17561
17543
17570
17434
17510
17751
17740
17735
17726
17730
17678
17685
17562
17640
17486
17499
17373
17347
17325
17305
17270
17260
17263
17220
17225
17200
17200
17285
17311
17159
17160
17124
17127
17081
17080
17050
17050
17020
16902
16850
16767
16720
16682
16790
16781
16811
16900
17059
17106
17096
17108
17075
17093
17000
17092
17001
17100
17101
17100
17150
17128
17180
17180
17215
17188
17154
17110
17117
17136
17117
17200
17200
17193
17200
17181
17220
17150
17125
17189
17190
17212
17222
17202
17230
17262
17220
17267
17277
17212
17200
17140
17170
17140
17107
17070
17116
17118
17150
16887
17039
17200
17141
17165
17150
17251
17254
17210
17061
16958
17027
17100
17288
17268
17214
17209
17210
17252
17268
17296
17294
17255
17089
16992
17000
16881
16809
16833
16992
16987
16985
16983
16954
16965
16923
16900
16900
16750
16779
16727
16849
16845
16799
16850
16850
16794
16683
16681
16500
16416
16416
16400
16400
16405
16405
16388
16402
16405
16394
16380
16405
16405
16380
16358
16347
16329
16306
16312
16230
16321
16327
16281
16364
16371
16375
16350
16334
16309
16291
16308
16300
16347
16440
16433
16431
16444
16410
16413
16416
16416
16330
16358
16334
16181
16250
16117
16100
16288
16290
16365
16300
16318
16390
16390
16374
16451
16454
16465
16440
16449
16409
16419
16439
16450
16425
16335
16385
16420
16378
16391
16374
16322
16390
16381
16390
16370
16403
16360
16409
16479
16450
16549
16564
16580
16579
16580
16580
16576
16578
16442
16462
16514
16524
16535
16509
16488
16454
16400
16535
16535
16471
16447
16425
16357
16318
16365
16375
16365
16418
16430
16420
16400
16400
16369
16318
16416
16323
16316
16290
16334
16197
16238
16250
16253
16200
16240
16204
16138
16090
16034
16092
16195
16275
16347
16327
16360
16396
16305
16427
16476
16454
16428
16535
16510
16535
16530
16450
16500
16599
16555
16620
16580
16636
16720
16568
16609
16682
16638
16653
16698
16698
16657
16700
16671
16611
16595
16570
16500
16500
16428
16429
16432
16448
16448
16400
16446
16500
16480
16499
16500
16468
16560
16577
16613
16600
16589
16573
16528
16468
16497
16445
16381
16329
16362
16394
16279
16277
16345
16345
16430
16388
16340
16400
16570
16577
16577
16567
16540
16614
16540
16540
16540
16553
16559
16510
16471
16500
16675
16665
16709
16667
16819
16671
16634
16245
16245
16234
16240
16210
16205
16208
16245
16210
16210
16274
16226
16194
16144
16172
16187
16180
16200
16200
16198
16188
16234
16234
16219
16210
16240
16251
16206
16310
16182
16176
16160
16140
16145
16140
16140
16140
16118
16095
16098
16146
16185
16138
16154
16054
16100
16102
16130
16170
16230
16116
16000
16000
16000
16000
16000
15999
15992
16000
15960
15928
15929
15909
15880
15927
15963
16000
16000
15998
15987
15974
15955
16000
16000
15950
15949
15945
15968
16019
16068
16071
16139
16109
16140
16189
16253
16250
16224
16188
16100
16100
16281
16304
16353
16349
16350
16365
16352
16459
16416
16334
16300
16300
16280
16271
16255
16256
16300
16201
16150
16175
16182
16199
16155
16245
16180
16190
16080
16110
16096
16149
16170
16173
16241
16278
16320
16331
16357
16324
16328
16335
16356
16308
16289
16290
16200
16252
16253
16387
16391
16344
16346
16344
16321
16316
16400
16401
16465
16482
16497
16450
16458
16356
16375
16345
16350
16376
16334
16334
16330
16306
16327
16300
16000
16000
16039
16052
16119
16200
16195
16165
16199
16249
16287
16220
16253
16248
16131
16158
16196
16200
16122
16102
15880
15867
16026
16088
16070
16088
16090
16003
15855
15831
15689
15669
15711
15520
15500
15750
15790
15998
16173
16272
16230
16280
16550
16506
16480
16370
16155
16200
16329
16313
16390
16391
16348
16410
16444
16525
16498
16537
16654
16650
16624
16683
16700
16675
16683
16722
16670
16720
16715
16740
16790
16800
16799
16752
16783
16795
16881
16930
16923
16940
16916
16930
16931
16957
16931
16925
16927
16945
16942
16943
17000
16989
16950
17003
16940
16952
16902
16925
16931
16920
17000
17084
17068
17088
17050
17038
16970
16955
16921
16980
16948
16948
16988
16958
17060
16900
16902
16894
16825
16805
16758
16667
16663
16559
16559
16555
16559
16559
16555
16559
16549
16540
16520
16514
16540
16540
16531
16530
16530
16530
16530
16530
16530
16530
16530
16527
16500
16499
16479
16500
16560
16560
16560
16500
16500
16560
16500
16560
16560
16525
16540
16540
16520
16515
16559
16500
16501
16527
16560
16560
16560
16640
16640
16632
16605
16530
16509
16530
16499
16527
16500
16530
16475
16512
16530
16530
16530
16517
16499
16481
16499
16432
16441
16488
16470
16470
16499
16530
16464
16464
16464
16444
16450
16476
16423
16528
16530
16571
16541
16550
16600
16600
16598
16601
16638
16640
16640
16670
16650
16699
16699
16700
16700
16686
16677
16621
16637
16680
16580
16430
16403
16382
16299
16248
16243
16248
16384
16376
16404
16471
16468
16560
16530
16520
16513
16505
16442
16600
16615
16586
16600
16626
16720
16690
16752
16816
16890
16885
16953
16892
17016
17036
17032
16975
16965
16975
16960
16928
16900
16928
16911
16897
16833
16836
16868
16871
16854
16852
16882
16855
16825
16824
16815
16650
16697
16724
16724
16710
16773
16831
16843
16847
16788
16768
16768
16710
16749
16698
16861
17002
17036
17090
17100
17062
17081
17095
17140
17165
17194
17135
17115
17014
17060
17040
17075
17048
17048
17055
17091
17140
17157
17121
17138
17100
17075
17158
17107
17100
17120
17069
17160
17160
17220
17326
17251
17225
17309
17314
17330
17313
17329
17342
17342
17317
17313
17313
17312
17299
17300
17259
17264
17280
17330
17307
17269
17316
17350
17342
17315
17295
17235
17212
17260
17217
17250
17243
17175
17219
17246
17220
17332
17260
17240
17299
17191
17170
17114
17166
17085
17104
17089
17075
17084
17104
17071
17098
17099
17050
17096
17070
17118
17100
17118
17069
17101
17122
17131
17193
17074
17100
17101
17084
17071
17068
17050
17056
16933
16952
16942
16920
16880
16920
16965
16877
16912
16960
16895
16915
16935
17050
17150
17074
17152
17180
17191
17150
17210
17199
17250
17161
17020
17039
17030
17020
17024
17000
16999
16993
17040
16930
16830
16781
16681
16690
16673
16660
16600
16632
16660
16660
16625
16631
16592
16561
16531
16451
16498
16498
16529
16550
16587
16617
16614
16614
16590
16676
16655
16636
16620
16649
16619
16600
16600
16580
16560
16584
16575
16540
16512
16501
16460
16500
16480
16610
16610
16588
16630
16593
16610
16567
16570
16568
16567
16603
16651
16651
16651
16651
16651
16666
16642
16643
16590
16584
16725
16700
16670
16617
16570
16605
16671
16677
16676
16593
16615
16624
16694
16720
16725
16638
16607
16615
16556
16537
16507
16526
16520
16510
16499
16409
16410
16411
16406
16440
16438
16378
16430
16431
16450
16450
16450
16363
16363
16350
16385
16285
16285
16285
16260
16272
16282
16285
16283
16285
16288
16288
16288
16200
16192
16173
16174
16164
16191
16158
16080
16105
16125
16125
16098
16120
16120
16049
16049
15969
15982
16060
15999
16040
16040
16120
16110
16080
16136
16190
16241
16224
16203
16258
16203
16256
16229
16247
16205
16217
16225
16210
16250
16115
16021
16000
16127
16200
16238
16300
16300
16391
16462
16470
16500
16490
16454
16381
16409
16320
16403
16470
16566
16532
16510
16520
16520
16508
16434
16352
16377
16381
16383
16352
16451
16450
16309
16306
16300
16345
16332
16408
16381
16357
16390
16422
16586
16590
16451
16707
16762
16842
16808
16788
16765
16831
16834
16808
16813
16815
16950
16802
16868
16900
16957
16959
16962
16985
16984
16950
16914
16871
16825
16900
16817
16776
16881
16881
16900
16941
16858
16990
17028
17045
17028
17028
17099
16990
17050
17202
17200
17112
17110
17100
16929
16936
16820
16800
16817
16819
16807
16692
16616
16495
16491
16490
16476
16480
16448
16435
16410
16400
16361
16354
16319
16325
16314
16328
16345
16351
16200
16195
16137
16105
16130
16166
16144
16113
16125
16100
16179
16149
16202
16190
16263
16335
16147
16050
16038
16115
16222
16210
16260
16292
16300
16288
16300
16300
16297
16277
16350
16360
16328
16296
16220
16190
16180
16200
16132
16180
16201
16340
16372
16376
16278
16211
16237
16294
16336
16498
16520
16461
16434
16439
16440
16430
16190
16051
16000
15962
15830
15987
16020
16000
15980
16000
16125
16370
16300
16300
16300
16365
16316
16430
16440
16430
16460
16460
16459
16460
16420
16439
16450
16450
16354
16300
16440
16459
16460
16450
16467
16523
16511
16530
16470
16461
16479
16415
16510
16555
16536
16549
16470
16550
16475
16431
16480
16485
16465
16448
16400
16346
16389
16336
16372
16332
16367
16400
16365
16404
16357
16295
16372
16309
16399
16408
16430
16460
16432
16410
16320
16320
16351
16350
16321
16455
16432
16443
16450
16420
16450
16372
16355
16320
16299
16197
16150
16160
16200
16162
16149
16127
16320
16349
16369
16363
16192
16152
16151
16126
16127
16109
16100
16018
15995
15927
15888
15888
15831
15880
15867
15900
15930
15960
15927
15891
15910
15960
15967
15930
15893
15808
15638
15670
15656
15726
15710
15640
15707
15770
15800
15770
15820
15800
15800
15834
15830
15898
15828
15815
15790
15760
15750
15777
15786
15740
15809
15654
15600
15638
15638
15622
15615
15520
15497
15481
15435
15449
15480
15466
15433
15426
15350
15299
15302
15408
15344
15220
15200
15183
15150
15049
15028
14911
14887
14890
14902
14930
14935
14897
14840
14947
14903
14805
14950
14762
14757
14728
14840
14926
14960
14978
14947
14989
15045
15060
15003
14895
14746
14240
14204
14493
14450
14550
14455
14449
14250
14228
14390
14390
14390
14260
14120
14150
14198
14200
14048
14400
14480
14455
14530
14540
14599
14437
14412
14312
14170
14527
14746
14881
15039
15040
15020
15034
15042
15140
15146
15142
15173
15139
15158
15120
15175
15174
15111
15282
15200
15240
15186
15186
15181
15085
15086
15086
14980
14954
14925
14947
14925
14927
14910
14931
14949
15000
14881
14893
14893
15089
15089
14970
14928
14928
14905
14909
15010
14955
14997
15042
15000
14899
14810
14869
14943
15002
14929
15060
15059
15070
15050
15110
15164
15079
15066
15068
15050
15005
15009
15040
15040
15000
15131
15192
15134
15101
15057
14600
14746
14751
14791
14800
14700
14849
14855
14900
15180
15065
14770
14893
14853
14793
14500
14206
14125
13790
13787
13694
13669
13670
13597
13552
13507
13495
13483
13517
13489
13500
13491
13491
13615
13615
13601
13520
13560
13610
13606
13731
13749
13746
13732
13739
13685
13664
13660
13631
13619
13580
13585
13600
13617
13642
13787
13793
13752
13714
13700
13617
13617
13604
13610
13405
13425
13530
13582
13550
13486
13339
13338
13309
13250
13250
13287
13323
13306
13185
13202
13334
13225
13180
13217
13084
13054
13075
13088
13160
13197
13250
13300
13334
13395
13402
13401
13374
13390
13565
13620
13626
13679
13781
13867
13788
13688
13600
13425
13457
13479
13400
13405
13494
13482
13351
13260
13260
13289
13264
13290
13385
13285
13340
13530
13464
13471
13505
13563
13626
13617
13600
13519
13473
13274
13330
13156
13110
13209
13396
13300
13150
13100
13106
13120
13210
13210
13355
13396
13331
13350
13386
13433
13487
13460
13370
13365
13436
13365
13465
13482
13500
13550
13629
13660
13887
13856
13833
13925
13964
13964
13817
13591
13701
13714
13730
13700
13762
13829
13845
13737
13753
13861
13935
13885
13993
14100
14100
14100
14153
14125
14158
14160
14091
14073
14080
14050
14170
14270
14255
14354
14399
14401
14500
14601
14515
14500
14400
14248
14250
14244
14200
14214
14230
14199
14216
14420
14391
14455
14500
14519
14550
14518
14455
14442
14376
14397
14401
14386
14420
14328
14305
14305
14303
14300
14300
14312
14270
14254
14248
14280
14240
14240
14280
14241
14236
14175
14175
14179
14110
14110
14140
14140
14299
14350
14260
14450
14436
14420
14454
14330
14200
14310
14160
14160
14168
14075
14101
14110
14098
13847
13758
13753
13803
13902
13905
13901
13918
13951
14090
14169
14133
14100
14080
14060
14092
14066
13963
13891
13940
13898
13899
13808
14288
14288
14200
14000
13757
13650
13753
13482
12888
13110
13217
13240
13401
13300
13740
13620
13460
13471
13662
13790
13886
13948
13995
13945
14089
14100
14170
14000
14220
14312
14432
14499
14578
14593
14547
14549
14550
14560
14586
14555
14542
14565
14520
14549
14630
14635
14749
14750
14746
14749
14725
14830
14919
14881
14830
14881
14860
14872
14850
14847
14790
14832
14848
14900
14961
14988
14988
14920
14929
14975
14838
14830
14850
14800
14851
14865
14848
14865
14860
14866
14802
14783
14722
14751
14896
14875
14956
15020
15042
15000
15000
14868
14866
14890
14866
14857
14814
14882
14881
14864
14864
14667
14660
14700
14737
14590
14600
14800
14762
14860
14858
14751
14943
14908
14984
15048
15040
15098
15082
15014
15050
15119
15130
15169
15088
15085
15075
15120
15126
15110
15077
15060
15206
15234
15270
15261
15261
15192
15245
15274
15192
15251
15290
15268
15315
15226
15222
15300
15400
15413
15471
15424
15419
15400
15500
15446
15400
15339
15340
15204
15204
15186
15190
15216
15189
15166
15190
15170
15172
15195
15265
15251
15214
15190
15150
15040
15003
15030
15001
14900
14881
14920
15174
15245
15171
15112
15149
15192
15402
15430
15585
15605
15604
15530
15475
15475
15445
15427
15428
15474
15440
15415
15395
15355
15390
15351
15475
15475
15468
15452
15391
15463
15447
15413
15499
15497
15500
15385
15370
15307
15250
15238
15210
15250
15250
15202
15200
15254
15280
15272
15280
15272
15280
15235
15335
15300
15290
15344
15383
15379
15374
15400
15599
15496
15454
15393
15552
15490
15560
15600
15696
15788
15822
15883
15890
15998
15920
15950
15929
15779
15700
15747
15614
15610
15625
15650
15725
15709
15639
15624
15633
15682
15606
15503
15653
15754
15700
15828
15910
15774
15627
15600
15553
15451
15372
15375
15263
15239
15192
15167
14906
14989
15118
15118
15090
15090
15099
15121
15123
15042
15042
15057
15060
15201
15100
15094
15051
15020
15069
15070
15107
15257
15232
15200
15186
15280
15320
15110
15051
15040
14962
15000
14893
14868
14875
14821
14925
14911
14899
14975
14952
14850
14955
15010
15010
15005
15018
15018
15060
15000
15121
15042
15019
15000
14952
14972
14967
15002
15000
14890
14924
15097
15192
15380
15382
15280
15404
15402
15448
15325
15255
15305
15300
15270
15380
15430
15440
15460
15390
15450
15458
15548
15400
15432
15638
15530
15461
15483
15501
15555
15637
15580
15480
15495
15400
15162
15042
14985
15019
14920
15110
15037
14820
14803
14820
14766
14574
14440
14335
14400
14590
14575
14671
14799
14768
14822
14800
14733
14610
14667
14799
14890
14599
14750
14750
14950
14941
14889
14756
14810
14678
14652
14495
14236
14300
13750
14415
14480
14497
14511
14738
14878
14645
14700
14781
14871
15175
15157
15099
15043
15210
15246
15278
15130
15000
14730
14756
14820
14801
14779
15000
15003
14922
14995
15630
15653
15700
15873
15892
15910
15928
16020
16001
15900
15884
15915
15960
15739
15851
15859
15959
16078
16065
16053
16102
16127
16220
15972
15737
15623
15609
15651
15460
15467
15410
15304
15300
15300
15042
15042
15035
14900
14900
14932
14950
15200
15290
15290
15112
14284
14557
14616
14751
15139
15470
15511
15650
15700
15770
15553
15837
15931
15962
16060
16098
16042
16025
15997
16094
16184
16303
16288
16151
16127
16070
16014
15967
15750
15743
15925
15655
15850
15905
16055
16335
16352
16400
16407
16400
16434
16289
16360
16370
16288
16284
16212
16500
16602
16640
16640
16620
16615
16564
16600
16579
16600
16600
16620
16600
16450
16450
16600
16615
16600
16550
16535
16590
16600
16480
16565
16545
16476
16420
16410
16410
16410
16402
16350
16380
16390
16383
16370
16401
16390
16335
16350
16425
16401
16389
16300
16280
16293
16301
16200
16050
16127
16127
15989
15792
15790
15773
15732
15699
15651
15625
15684
15755
15774
15773
15764
15750
15738
15740
15682
15632
15648
15643
15600
15590
15597
15530
15462
15500
15510
15451
15350
15181
15100
15278
15351
15428
15450
15322
15192
14810
15170
15300
15300
15515
15515
15768
15774
15774
15742
15700
15500
15527
15526
15526
15585
15598
15498
15498
15425
15400
15167
15036
14893
14746
14740
14520
15042
15250
15340
15299
15730
15826
15894
15780
15789
15809
15650
15720
15525
15498
15492
15344
15300
15452
15653
15620
15640
15599
15558
15498
15443
15350
15260
15344
15334
15328
15240
15315
15330
15344
15300
15247
15240
15150
15200
15143
14999
14989
14941
14991
14970
14952
14900
14874
14945
14870
14830
14900
14895
14887
14893
14700
14657
14656
14657
14633
14641
14662
14707
14540
14552
14525
14474
14469
14552
14485
14477
14356
14273
14646
14670
14614
14680
14746
14700
14669
14595
14599
14591
14600
14403
14750
14750
14825
14845
14718
14746
14746
14712
14663
14692
14600
14746
14730
14715
14690
14585
14588
14594
14620
14600
14585
14577
14585
14585
14580
14530
14600
14591
14587
14430
14416
14420
14434
14460
14444
14490
14489
14500
14555
14552
14478
14480
14465
14449
14239
14198
14170
14136
14134
14126
14110
14109
14110
14110
14110
14095
14103
14146
13970
13970
13947
13980
13970
13997
14026
14036
14075
14094
14100
14086
14150
14160
14161
14084
14065
14030
14030
14020
14020
14027
14005
13923
13916
13950
13970
13891
13870
13840
14085
14085
14100
14090
13999
13999
13992
13987
13939
13944
13888
13924
13910
13900
13915
13898
13842
13649
13712
13712
13636
13731
13735
13786
13770
13764
13838
13783
13745
13600
13583
13598
13500
13605
13582
13617
13500
13139
13312
13396
13400
13440
13450
13764
13857
13870
13755
13888
14044
13995
13980
13891
13891
13889
13900
13878
13867
13580
13900
13979
14030
14004
13990
13970
13972
13984
13960
13930
13900
13882
13869
13847
13848
13721
13714
13600
13521
13528
13477
13475
13499
13513
13411
13435
13482
13482
13446
13670
13615
13547
13567
13460
13470
13375
13345
13156
13274
13211
13200
13192
13192
13100
13100
13099
13085
13089
13057
13140
13130
13180
13160
13163
13156
12909
13165
13089
13074
13099
13053
13098
13098
13070
13010
12920
12945
12941
12906
12935
12872
12828
12800
12794
12800
12770
12760
12740
12740
12741
12788
12775
12767
12730
12707
12664
12651
12640
12698
12690
12698
12698
12690
12689
12681
12670
12688
12700
12683
12684
12700
12701
12700
12695
12695
12695
12685
12650
12636
12640
12597
12585
12595
12580
12615
12557
12575
12489
12430
12600
12479
12500
12599
12649
12734
12749
12750
12750
12752
12751
12750
12753
12779
12752
12736
12736
12701
12720
12699
12712
12675
12650
12635
12636
12613
12600
12540
12587
12670
12700
12684
12675
12650
12634
12739
12739
12680
12680
12650
12650
12644
12664
12664
12665
12667
12600
12595
12598
12577
12590
12580
12585
12648
12670
12651
12576
12650
12570
12553
12555
12535
12575
12520
12473
12793
12785
12774
12740
12749
12701
12677
12668
12628
12580
12586
12583
12575
12575
12540
12500
12497
12484
12445
12485
12485
12485
12485
12485
12485
12448
12448
12435
12435
12413
12401
12416
12451
12448
12450
12432
12429
12377
12375
12386
12390
12375
12359
12315
12389
12400
12400
12440
12329
12430
12435
12420
12435
12349
12342
12328
12328
12327
12300
12300
12311
12310
12304
12267
12251
12250
12165
12155
12155
12140
12100
12145
12182
12163
12166
12196
12188
12138
12209
12233
12208
12225
12169
12172
12215
12235
12227
12229
12228
12270
12269
12274
12180
12194
12201
12174
12124
12190
12119
12141
12149
12125
12134
12083
11999
11990
11992
11970
11965
11965
11965
11965
11965
11948
11942
11870
11868
11870
11885
11885
11886
11880
11854
11850
11851
11856
11867
11870
11873
11846
11846
11834
11831
11825
11823
11809
11793
11775
11765
11715
11715
11698
11704
11704
11675
11655
11690
11721
11726
11720
11720
11725
11724
11726
11724
11720
11738
11739
11693
11650
11711
11715
11755
11769
11777
11781
11781
11778
11765
11765
11772
11772
11772
11761
11750
11721
11756
11766
11769
11770
11743
11750
11776
11780
11761
11775
11784
11770
11818
11784
11785
11766
11780
11780
11745
11745
11738
11758
11748
11760
11760
11760
11691
11705
11720
11748
11750
11745
11740
11738
11690
11690
11690
11690
11704
11705
11701
11657
11688
11679
11700
11690
11656
11653
11650
11681
11716
11704
11700
11700
11689
11695
11710
11701
11705
11715
11725
11720
11687
11618
11620
11637
11656
11665
11633
11640
11617
11686
11726
11719
11714
11695
11677
11677
11807
11800
11784
11780
11780
11780
11780
11775
11771
11780
11780
11775
11770
11756
11751
11775
11750
11770
11760
11800
11829
11839
11788
11795
11800
11765
11750
11730
11791
11846
11787
11765
11765
11758
11752
11752
11750
11710
11746
11745
11700
11715
11705
11690
11651
11649
11635
11623
11590
11660
11668
11660
11651
11639
11622
11650
11638
11606
11604
11570
11580
11580
11613
11611
11604
11608
11605
11604
11601
11565
11561
11529
11530
11560
11550
11530
11555
11580
11562
11578
11509
11485
11617
11608
11640
11660
11708
11715
11728
11713
11712
11710
11699
11697
11707
11735
11734
11735
11718
11720
11718
11730
11736
11723
11732
11738
11739
11724
11708
11698
11694
11739
11729
11719
11720
11686
11674
11676
11655
11678
11649
11615
11555
11524
11530
11523
11525
11525
11489
11560
11543
11520
11507
11519
11540
11540
11536
11527
11545
11535
11525
11514
11501
11500
11513
11500
11500
11500
11500
11491
11489
11504
11505
11542
11546
11547
11534
11500
11525
11525
11510
11510
11519
11485
11495
11445
11507
11485
11485
11460
11488
11517
11518
11500
11538
11535
11579
11590
11590
11580
11553
11532
11561
11554
11580
11574
11583
11571
11585
11520
11550
11535
11530
11533
11545
11523
11518
11486
11462
11616
11616
11610
11635
11650
11651
11621
11600
11588
11602
11600
11603
11593
11572
11572
11566
11557
11557
11555
11578
11543
11552
11537
11570
11578
11587
11573
11550
11556
11574
11590
11600
11584
11585
11577
11592
11594
11600
11567
11566
11576
11560
11630
11617
11600
11662
11609
11600
11563
11490
11488
11488
11500
11513
11511
11529
11506
11521
11529
11500
11526
11500
11500
11490
11470
11460
11486
11471
11475
11479
11485
11480
11477
11481
11491
11511
11514
11514
11540
11530
11519
11545
11541
11523
11529
11509
11500
11484
11520
11516
11542
11517
11489
11480
11495
11400
11394
11369
11380
11381
11384
11345
11209
11189
11190
11192
11193
11181
11180
11154
11174
11150
11207
11195
11197
11199
11196
11196
11189
11170
11149
11132
11160
11185
11157
11198
11168
11202
11236
11249
11227
11260
11262
11313
11306
11294
11307
11290
11312
11320
11316
11290
11291
11323
11315
11305
11283
11249
11250
11314
11305
11291
11283
11354
11324
11337
11295
11283
11281
11259
11283
11241
11314
11300
11354
11354
11370
11381
11380
11350
11300
11282
11271
11265
11271
11295
11329
11300
11283
11300
11298
11236
11160
11058
11049
11031
11047
11005
10979
10977
10950
10920
10881
10999
11133
11202
11207
11209
11182
11160
11096
11117
11090
11160
11180
11200
11282
11284
11278
11300
11290
11310
11296
11310
11287
11287
11325
11325
11309
11349
11336
11300
11270
11301
11274
11340
11298
11300
11323
11335
11290
11272
11251
11227
11259
11300
11379
11426
11457
11439
11458
11483
11476
11524
11549
11542
11562
11556
11545
11545
11547
11550
11540
11550
11569
11573
11540
11569
11569
11500
11494
11489
11456
11498
11427
11436
11427
11406
11370
11417
11406
11440
11420
11403
11400
11377
11369
11374
11446
11461
11450
11452
11444
11445
11456
11471
11466
11447
11400
11400
11430
11403
11400
11484
11470
11493
11489
11483
11500
11437
11455
11504
11448
11480
11422
11424
11430
11472
11384
11371
11300
11283
11327
11306
11319
11308
11253
11316
11308
11337
11337
11331
11313
11262
11262
11259
11254
11319
11330
11225
11160
11266
11254
11299
11280
11232
11223
11376
11399
11381
11399
11395
11375
11364
11390
11370
11381
11375
11375
11274
11262
11252
11240
11250
11256
11232
11255
11237
11245
11245
11295
11314
11278
11310
11330
11230
11233
11094
11088
11030
11145
11164
11144
11124
11105
11182
11181
11248
11250
11243
11200
11100
11140
11106
11251
11160
11145
11140
11030
10976
11049
10977
11010
10930
10796
10598
10550
10812
10867
10850
10820
10930
11106
11123
10956
10832
10749
11420
11409
11416
11384
11384
11384
11369
11439
11360
11440
11205
11210
11250
11599
11765
11780
11743
11740
11723
11720
11690
11695
11698
11700
11708
11708
11718
11713
11712
11723
11734
11700
11700
11699
11718
11720
11701
11675
11673
11663
11681
11681
11682
11698
11697
11707
11709
11700
11700
11710
11661
11672
11672
11665
11670
11671
11670
11653
11619
11702
11769
11770
11745
11768
11765
11761
11710
11710
11712
11735
11750
11770
11783
11786
11784
11650
11635
11600
11599
11575
11550
11551
11611
11580
11583
11567
11597
11655
11689
11680
11645
11650
11662
11650
11662
11640
11615
11620
11614
11675
11700
11587
11571
11535
11543
11590
11550
11584
11601
11597
11569
11560
11572
11613
11615
11615
11550
11585
11570
11550
11523
11490
11439
11173
11134
11119
11099
11126
11126
11108
11137
11137
11137
11150
11135
11137
11155
11145
11147
11125
11140
11129
11110
11095
11105
11093
11157
11147
11164
11150
11150
11136
11137
11142
11089
11140
11151
11141
11140
11140
11138
11142
11142
11161
11161
11170
11165
11160
11167
11160
11175
11138
11139
11144
11145
11163
11140
11174
11179
11175
11165
11118
11133
11110
11118
11130
11131
11093
11048
11060
10985
10997
11030
11015
11060
11060
11060
11055
11046
11060
11060
11052
11056
11068
11121
11086
11097
11074
11095
11118
11118
11120
11055
10998
11039
11030
11045
11045
11049
11040
11045
11048
10981
10973
10973
10978
10917
10922
10921
10914
10886
10914
10934
10952
10950
10939
10950
10955
10939
10934
10926
10919
10919
10919
10919
10919
10923
10913
10868
10851
10855
10870
10888
10890
10878
10875
10870
10820
10850
10850
10852
10895
10975
10975
10973
10970
10955
10944
10967
10970
10970
10970
10934
10904
10876
10898
10849
10899
10944
10972
10980
10947
10959
10955
10996
10999
10990
10969
10975
11000
11005
11005
10995
10995
10993
11025
11030
11025
10987
10982
10978
10978
10982
11002
11002
11002
10999
10989
10930
10910
10914
10895
10925
10899
10900
10910
10890
10890
10894
10889
10931
10938
10946
10948
10952
10955
10903
10928
10886
10876
10885
10855
10960
10945
10950
10960
10965
10965
10934
10991
10889
10863
10891
10872
10846
10879
10869
10933
10888
10868
10875
10868
10850
10824
10825
10777
10773
10781
10750
10785
10771
10764
10720
10720
10750
10809
10811
10750
10733
10740
10710
10850
10832
10806
10903
10929
10933
10903
10903
10888
10899
10924
10877
10770
10811
10790
10659
10775
10830
10866
10900
11025
10982
11099
11100
11074
11120
11135
11136
11136
11136
11141
11098
11082
11082
11069
11082
11100
11099
11100
11049
11048
11005
11009
11018
11010
10974
10970
10970
10959
10975
10999
10990
10999
10978
10969
11001
10932
10940
10940
10900
10922
10908
10920
10933
10916
10932
10903
11003
11096
11086
11086
11152
11155
11141
11151
11135
11151
11150
11155
11150
11182
11194
11187
11150
11150
11109
11095
11109
11108
11092
11097
11089
11069
11076
11063
11049
10980
10985
10959
10893
10952
10953
10970
10930
10970
10909
10971
10976
10978
10935
10948
10938
10917
10913
10893
10925
10928
10932
10936
10918
10909
10886
10865
10870
10870
10870
10874
10857
10818
10813
10823
10870
10904
10900
10868
10868
10871
10871
10871
10871
10872
10883
10940
10910
10933
10940
10923
10881
10849
10832
10801
10760
10750
10732
10721
10706
10672
10708
10785
10780
10810
10845
10768
10751
10813
10746
10760
10761
10930
10944
10930
10960
10958
10958
10960
10935
10949
10951
10950
10961
10961
10961
10922
11026
11050
11040
11025
11015
10990
11000
10967
10968
10994
10970
10974
11000
10953
10944
11028
11045
11066
11039
11081
11049
11044
11025
11007
11007
11000
10982
10962
10962
10992
10953
10973
10950
10967
10963
10980
10940
10975
10993
10975
10980
10975
10940
10860
10850
10840
10827
10832
10832
10784
10784
10761
10756
10699
10703
10686
10798
10825
10821
10825
10810
10833
10800
10819
10800
10800
10820
10863
10869
10902
10872
10848
10850
10871
10857
10901
10928
10935
10915
10938
10875
10860
10840
10817
10803
10792
10781
10808
10800
10814
10814
10850
10848
10820
10725
10720
10750
10612
10620
10614
10605
10598
10585
10585
10546
10596
10595
10621
10632
10617
10623
10612
10629
10610
10609
10584
10618
10588
10560
10528
10500
10528
10555
10565
10565
10561
10565
10505
10485
10485
10485
10490
10453
10473
10449
10534
10611
10543
10523
10575
10575
10575
10700
10697
10670
10660
10660
10635
10591
10532
10540
10541
10556
10556
10548
10519
10558
10580
10533
10520
10518
10525
10587
10575
10490
10577
10556
10585
10513
10481
10530
10522
10586
10565
10650
10684
10657
10687
10612
10599
10600
10625
10650
10663
