6294
6294
6294
6297
6297
6296
6298
6298
6302
6302
6301
6301
6301
6303
6307
6299
6299
6299
6296
6296
6298
6296
6296
6296
6298
6303
6301
6303
6304
6304
6305
6306
6304
6305
6305
6305
6305
6305
6305
6299
6301
6301
6300
6302
6301
6302
6304
6304
6306
6306
6307
6306
6305
6305
6303
6304
6307
6306
6308
6306
6306
6307
6307
6310
6310
6309
6311
6311
6309
6307
6313
6307
6308
6312
6312
6311
6310
6304
6304
6304
6300
6301
6302
6304
6293
6300
6300
6301
6302
6301
6302
6303
6304
6304
6304
6304
6303
6302
6305
6303
6300
6299
6301
6300
6306
6307
6305
6305
6305
6304
6305
6305
6301
6300
6303
6303
6303
6303
6303
6302
6302
6303
6307
6307
6304
6303
6303
6303
6303
6300
6301
6306
6297
6297
6296
6297
6295
6297
6303
6312
6312
6315
6310
6310
6310
6310
6311
6313
6310
6310
6311
6310
6310
6310
6310
6310
6304
6299
6306
6310
6307
6302
6302
6315
6322
6280
6290
6260
6249
6240
6235
6236
6231
6235
6233
6230
6221
6223
6231
6224
6218
6225
6231
6219
6252
6250
6250
6253
6253
6248
6251
6255
6246
6251
6250
6250
6249
6250
6249
6254
6250
6257
6259
6259
6258
6257
6257
6256
6256
6258
6258
6264
6271
6270
6270
6270
6270
6270
6268
6268
6268
6269
6266
6268
6266
6265
6266
6267
6267
6268
6269
6268
6268
6268
6268
6268
6267
6260
6267
6264
6264
6264
6261
6260
6260
6260
6260
6257
6255
6253
6259
6258
6258
6260
6260
6261
6257
6260
6254
6257
6255
6264
6264
6264
6264
6263
6264
6265
6265
6265
6266
6268
6268
6268
6266
6264
6264
6264
6264
6264
6264
6265
6265
6266
6262
6266
6266
6266
6266
6266
6264
6263
6263
6262
6265
6261
6261
6266
6266
6269
6269
6266
6266
6266
6270
6270
6267
6267
6267
6267
6269
6265
6264
6267
6267
6265
6267
6265
6268
6266
6267
6269
6267
6266
6266
6269
6268
6267
6269
6269
6273
6269
6269
6269
6269
6268
6267
6268
6264
6264
6264
6262
6262
6259
6264
6266
6265
6264
6266
6265
6265
6268
6269
6266
6266
6266
6266
6270
6271
6271
6271
6266
6273
6277
6277
6277
6277
6277
6274
6272
6273
6272
6266
6273
6269
6269
6269
6271
6272
6267
6274
6270
6271
6268
6267
6273
6269
6274
6269
6279
6276
6276
6273
6278
6284
6271
6271
6269
6269
6264
6263
6265
6269
6268
6265
6268
6271
6274
6271
6271
6270
6276
6272
6269
6265
6273
6273
6269
6264
6264
6260
6264
6260
6262
6254
6254
6256
6255
6258
6260
6262
6263
6252
6258
6259
6258
6255
6255
6257
6259
6259
6256
6258
6246
6251
6251
6250
6255
6255
6255
6257
6257
6257
6256
6256
6259
6258
6257
6260
6260
6259
6260
6260
6260
6260
6262
6263
6263
6263
6263
6262
6264
6262
6263
6264
6267
6262
6262
6263
6263
6264
6264
6263
6263
6267
6267
6267
6271
6270
6267
6264
6269
6267
6267
6267
6267
6268
6267
6266
6261
6259
6258
6259
6259
6257
6259
6262
6261
6261
6262
6260
6260
6258
6255
6255
6255
6259
6260
6258
6258
6260
6260
6263
6263
6261
6262
6262
6263
6268
6265
6265
6268
6268
6269
6269
6269
6266
6265
6261
6261
6266
6266
6277
6271
6272
6261
6258
6261
6261
6260
6257
6261
6263
6261
6257
6254
6254
6250
6249
6247
6247
6247
6245
6254
6254
6253
6253
6252
6252
6252
6252
6250
6252
6249
6252
6252
6251
6253
6253
6252
6251
6250
6247
6246
6246
6250
6250
6255
6257
6257
6255
6255
6258
6261
6255
6260
6260
6262
6262
6266
6266
6266
6271
6270
6271
6270
6268
6271
6274
6275
6275
6275
6272
6272
6272
6274
6281
6282
6282
6280
6280
6277
6277
6275
6280
6280
6278
6276
6279
6281
6282
6282
6277
6276
6273
6270
6285
6285
6287
6287
6287
6281
6284
6283
6282
6287
6289
6287
6289
6287
6279
6279
6278
6271
6275
6271
6276
6277
6281
6281
6278
6272
6272
6272
6267
6273
6275
6271
6280
6282
6264
6262
6260
6260
6260
6262
6261
6258
6260
6257
6260
6258
6255
6253
6254
6254
6258
6260
6253
6253
6261
6261
6259
6263
6263
6263
6263
6262
6262
6264
6265
6268
6265
6266
6264
6257
6261
6263
6266
6263
6264
6267
6260
6261
6265
6265
6268
6267
6265
6265
6258
6259
6264
6264
6264
6254
6260
6265
6265
6265
6261
6260
6256
6255
6250
6253
6262
6256
6250
6249
6245
6249
6241
6235
6239
6238
6232
6241
6241
6240
6248
6243
6247
6254
6256
6258
6258
6255
6257
6259
6254
6243
6244
6242
6239
6239
6247
6240
6255
6260
6262
6262
6263
6261
6259
6268
6267
6266
6265
6262
6265
6262
6262
6262
6261
6265
6264
6267
6265
6265
6267
6266
6268
6265
6267
6265
6264
6268
6268
6269
6274
6272
6274
6274
6274
6274
6275
6274
6275
6270
6272
6274
6278
6273
6279
6278
6274
6278
6274
6278
6277
6275
6274
6274
6274
6273
6273
6269
6267
6263
6263
6263
6269
6269
6260
6264
6258
6255
6262
6268
6265
6270
6270
6274
6268
6261
6258
6267
6264
6261
6256
6259
6257
6247
6292
6307
6308
6315
6317
6320
6325
6332
6323
6323
6321
6328
6328
6320
6315
6311
6310
6309
6308
6304
6301
6331
6385
6386
6386
6390
6388
6393
6389
6391
6388
6389
6391
6391
6391
6389
6388
6392
6390
6384
6380
6383
6384
6384
6387
6390
6387
6390
6388
6391
6391
6391
6393
6393
6393
6391
6391
6392
6390
6397
6396
6396
6397
6396
6400
6395
6396
6396
6398
6396
6398
6398
6400
6396
6396
6397
6397
6399
6399
6400
6400
6400
6400
6402
6402
6402
6403
6403
6403
6403
6403
6404
6403
6405
6403
6403
6402
6405
6405
6408
6408
6408
6407
6402
6407
6407
6407
6407
6407
6407
6408
6403
6407
6402
6402
6403
6408
6408
6411
6410
6410
6410
6412
6412
6410
6407
6407
6410
6412
6413
6412
6413
6415
6415
6414
6414
6415
6413
6415
6412
6407
6406
6410
6410
6410
6411
6407
6405
6405
6405
6405
6405
6405
6401
6402
6400
6399
6399
6399
6402
6403
6403
6400
6404
6404
6404
6404
6401
6401
6401
6401
6408
6405
6408
6405
6408
6408
6404
6402
6406
6401
6407
6402
6402
6402
6408
6408
6408
6408
6408
6408
6408
6404
6398
6398
6397
6396
6398
6397
6396
6396
6393
6394
6394
6397
6397
6394
6395
6394
6394
6395
6395
6395
6397
6396
6396
6396
6396
6387
6387
6397
6393
6397
6393
6397
6397
6396
6395
6395
6393
6391
6390
6390
6384
6388
6385
6387
6390
6397
6399
6398
6402
6402
6402
6398
6402
6402
6396
6396
6399
6403
6398
6398
6396
6397
6396
6397
6394
6394
6394
6394
6396
6396
6396
6400
6406
6404
6404
6404
6404
6404
6404
6404
6404
6402
6402
6398
6400
6400
6398
6400
6398
6393
6404
6405
6403
6403
6403
6403
6403
6403
6403
6403
6403
6403
6401
6403
6404
6404
6404
6404
6404
6406
6406
6405
6405
6407
6407
6407
6408
6405
6405
6405
6405
6405
6405
6402
6405
6402
6405
6405
6405
6402
6403
6399
6400
6399
6399
6399
6399
6399
6399
6399
6399
6399
6399
6400
6400
6399
6400
6400
6400
6401
6401
6403
6401
6401
6401
6403
6401
6401
6406
6404
6404
6403
6405
6405
6405
6406
6405
6406
6406
6406
6406
6406
6406
6406
6406
6405
6406
6406
6406
6406
6406
6403
6402
6402
6400
6402
6400
6400
6401
6401
6403
6406
6399
6398
6399
6399
6399
6401
6405
6407
6404
6411
6412
6412
6412
6413
6413
6413
6412
6407
6407
6407
6411
6410
6410
6408
6408
6408
6408
6408
6408
6408
6408
6406
6406
6406
6406
6406
6406
6406
6408
6408
6408
6408
6406
6406
6406
6406
6406
6406
6406
6406
6406
6406
6405
6405
6405
6405
6406
6406
6406
6406
6406
6406
6406
6406
6406
6406
6406
6406
6406
6406
6405
6406
6406
6406
6406
6406
6406
6404
6406
6406
6406
6404
6404
6406
6406
6406
6404
6404
6404
6404
6404
6404
6404
6404
6404
6404
6404
6404
6404
6404
6404
6405
6408
6408
6408
6408
6407
6406
6405
6405
6405
6405
6410
6411
6411
6414
6414
6414
6414
6414
6414
6414
6412
6405
6409
6409
6413
6413
6413
6413
6410
6410
6410
6410
6410
6410
6406
6406
6410
6410
6410
6410
6408
6408
6408
6406
6406
6406
6403
6399
6407
6407
6406
6402
6397
6396
6396
6396
6395
6392
6393
6396
6400
6403
6403
6404
6402
6405
6394
6400
6400
6400
6399
6399
6398
6396
6396
6399
6399
6399
6399
6402
6402
6401
6402
6402
6402
6402
6402
6402
6403
6400
6403
6407
6407
6407
6404
6402
6405
6405
6401
6398
6400
6401
6401
6401
6401
6401
6400
6399
6399
6392
6392
6399
6392
6388
6393
6397
6391
6386
6391
6386
6389
6389
6391
6400
6400
6401
6401
6401
6397
6397
6397
6398
6395
6398
6399
6394
6397
6395
6399
6399
6405
6400
6402
6405
6406
6408
6408
6408
6408
6408
6408
6405
6408
6408
6408
6405
6405
6405
6406
6407
6407
6406
6401
6406
6401
6406
6399
6404
6404
6404
6404
6402
6399
6402
6402
6401
6400
6403
6404
6404
6404
6404
6404
6400
6400
6403
6404
6408
6411
6411
6411
6405
6407
6412
6407
6411
6411
6412
6413
6411
6411
6410
6410
6410
6408
6407
6404
6409
6409
6410
6406
6407
6411
6411
6411
6413
6410
6412
6415
6415
6415
6414
6414
6415
6412
6415
6412
6412
6415
6412
6415
6412
6416
6416
6412
6418
6418
6418
6416
6417
6416
6416
6417
6417
6417
6417
6414
6417
6415
6415
6412
6412
6412
6412
6412
6412
6412
6412
6412
6412
6412
6412
6416
6416
6420
6420
6420
6420
6420
6418
6416
6416
6416
6416
6416
6416
6413
6413
6413
6413
6415
6412
6420
6418
6418
6418
6418
6417
6413
6416
6420
6418
6418
6413
6411
6414
6414
6414
6414
6414
6413
6411
6411
6410
6410
6410
6412
6410
6410
6411
6411
6411
6410
6410
6410
6410
6410
6415
6415
6413
6415
6415
6412
6412
6412
6412
6410
6410
6409
6410
6409
6409
6406
6408
6408
6409
6412
6410
6409
6409
6409
6411
6408
6408
6408
6408
6408
6407
6405
6401
6401
6401
6401
6401
6400
6400
6401
6403
6403
6406
6406
6406
6406
6406
6406
6404
6406
6404
6404
6402
6405
6405
6403
6402
6398
6395
6395
6395
6400
6400
6404
6404
6404
6404
6402
6402
6402
6402
6402
6402
6402
6405
6400
6405
6405
6405
6404
6403
6403
6405
6405
6405
6405
6403
6404
6404
6404
6401
6402
6404
6401
6401
6398
6398
6397
6402
6402
6400
6398
6400
6400
6398
6399
6402
6405
6405
6404
6402
6405
6406
6405
6404
6406
6408
6406
6407
6404
6409
6406
6408
6408
6408
6408
6408
6408
6406
6407
6409
6409
6406
6407
6408
6404
6407
6408
6408
6407
6399
6399
6407
6405
6401
6397
6396
6396
6396
6396
6395
6395
6393
6393
6396
6399
6396
6400
6402
6398
6394
6397
6397
6411
6403
6403
6395
6392
6392
6396
6394
6393
6388
6388
6392
6387
6395
6394
6394
6396
6396
6394
6396
6394
6397
6390
6408
6407
6412
6415
6408
6405
6408
6408
6408
6404
6402
6400
6400
6405
6407
6408
6409
6420
6417
6417
6420
6415
6415
6420
6417
6420
6417
6417
6415
6418
6417
6417
6418
6414
6416
6416
6419
6410
6409
6412
6412
6417
6418
6418
6421
6421
6416
6418
6418
6418
6426
6422
6424
6426
6430
6434
6430
6428
6421
6425
6430
6435
6430
6427
6407
6406
6394
6390
6390
6390
6390
6390
6390
6385
6382
6386
6386
6388
6390
6390
6390
6388
6388
6388
6392
6392
6383
6382
6389
6389
6395
6395
6395
6391
6395
6395
6395
6395
6395
6394
6394
6394
6394
6394
6395
6393
6390
6390
6390
6392
6392
6392
6392
6392
6392
6392
6391
6391
6389
6386
6385
6387
6388
6384
6388
6387
6389
6389
6387
6386
6387
6385
6387
6383
6389
6388
6387
6385
6389
6389
6389
6394
6397
6398
6398
6394
6388
6388
6388
6392
6394
6394
6394
6394
6394
6388
6394
6390
6390
6390
6388
6389
6393
6394
6392
6392
6392
6392
6394
6394
6396
6394
6398
6400
6400
6400
6400
6401
6402
6400
6400
6400
6398
6400
6402
6400
6400
6400
6400
6395
6394
6395
6395
6395
6398
6400
6400
6399
6399
6399
6398
6398
6397
6402
6401
6400
6404
6407
6413
6408
6408
6411
6409
6409
6408
6408
6408
6403
6405
6396
6398
6398
6398
6398
6399
6397
6398
6394
6395
6400
6398
6402
6402
6402
6398
6400
6397
6405
6405
6405
6405
6405
6405
6405
6408
6408
6408
6410
6410
6411
6411
6410
6410
6410
6410
6409
6412
6412
6412
6412
6412
6409
6412
6412
6412
6413
6413
6410
6410
6403
6406
6402
6402
6403
6399
6399
6399
6399
6396
6398
6398
6399
6399
6399
6399
6397
6400
6400
6400
6400
6398
6397
6400
6400
6400
6400
6400
6400
6402
6402
6405
6402
6403
6403
6402
6396
6398
6395
6397
6402
6394
6395
6395
6395
6399
6399
6394
6396
6399
6399
6399
6398
6399
6400
6400
6398
6400
6397
6397
6400
6400
6400
6398
6405
6407
6409
6410
6408
6408
6407
6407
6404
6405
6407
6409
6407
6408
6405
6407
6400
6402
6400
6399
6396
6397
6404
6404
6405
6404
6404
6402
6400
6400
6400
6400
6402
6400
6402
6401
6399
6401
6397
6397
6400
6396
6391
6395
6393
6392
6398
6404
6403
6402
6401
6401
6403
6397
6396
6393
6393
6397
6396
6397
6395
6395
6394
6395
6398
6397
6396
6396
6396
6396
6393
6394
6398
6398
6399
6403
6403
6403
6403
6405
6410
6406
6408
6405
6405
6407
6399
6399
6399
6399
6402
6403
6405
6404
6401
6406
6405
6405
6406
6404
6405
6406
6406
6406
6404
6398
6398
6397
6395
6395
6396
6398
6398
6398
6399
6400
6397
6397
6393
6393
6392
6392
6392
6389
6394
6393
6395
6395
6396
6392
6392
6391
6390
6389
6389
6385
6385
6389
6392
6392
6392
6394
6396
6391
6389
6392
6396
6390
6390
6395
6393
6394
6393
6393
6388
6388
6388
6390
6390
6390
6390
6388
6389
6392
6391
6387
6388
6391
6387
6382
6385
6382
6384
6392
6376
6365
6413
6418
6419
6419
6422
6422
6422
6422
6423
6419
6418
6418
6414
6410
6411
6409
6411
6411
6410
6410
6411
6410
6412
6411
6410
6412
6412
6415
6410
6415
6416
6411
6408
6408
6408
6418
6417
6423
6424
6425
6424
6424
6427
6426
6422
6425
6427
6431
6431
6427
6427
6427
6427
6427
6426
6427
6426
6425
6424
6424
6423
6423
6435
6429
6423
6423
6423
6423
6423
6425
6425
6425
6422
6420
6426
6426
6426
6426
6423
6417
6414
6413
6415
6423
6429
6429
6429
6429
6429
6429
6429
6428
6426
6423
6427
6428
6428
6428
6427
6427
6427
6427
6427
6428
6428
6428
6428
6428
6428
6423
6423
6423
6416
6421
6421
6421
6428
6428
6426
6427
6427
6426
6427
6427
6426
6425
6425
6424
6424
6423
6424
6424
6424
6424
6425
6420
6425
6423
6421
6421
6417
6416
6415
6430
6433
6433
6434
6435
6438
6436
6438
6438
6435
6437
6437
6440
6437
6437
6437
6440
6436
6441
6441
6438
6439
6435
6435
6433
6434
6435
6435
6436
6435
6434
6434
6434
6434
6434
6434
6432
6433
6433
6430
6430
6430
6430
6424
6429
6429
6430
6430
6430
6427
6423
6425
6425
6424
6427
6427
6432
6431
6429
6429
6432
6432
6438
6437
6439
6439
6440
6440
6442
6447
6448
6441
6450
6447
6447
6449
6447
6445
6440
6434
6434
6433
6433
6432
6431
6428
6428
6431
6430
6430
6429
6430
6430
6426
6426
6430
6433
6434
6436
6436
6435
6436
6439
6436
6436
6435
6431
6431
6429
6428
6430
6430
6431
6431
6436
6434
6436
6431
6436
6436
6437
6441
6447
6448
6448
6448
6446
6441
6441
6440
6439
6445
6452
6446
6447
6456
6451
6416
6414
6411
6408
6409
6405
6405
6416
6416
6419
6416
6416
6412
6414
6418
6418
6416
6413
6410
6407
6406
6404
6406
6406
6407
6406
6405
6405
6401
6401
6399
6400
6399
6404
6405
6404
6405
6405
6405
6401
6405
6404
6402
6410
6410
6409
6410
6404
6402
6404
6404
6404
6402
6404
6402
6401
6402
6397
6396
6396
6396
6396
6396
6393
6396
6396
6396
6394
6394
6392
6399
6399
6396
6396
6405
6403
6403
6399
6394
6394
6388
6394
6389
6394
6395
6395
6388
6388
6393
6390
6400
6394
6402
6401
6401
6401
6399
6399
6394
6400
6394
6394
6392
6396
6393
6394
6397
6397
6394
6398
6405
6404
6402
6404
6407
6406
6406
6410
6414
6413
6416
6406
6400
6400
6400
6395
6400
6397
6398
6395
6392
6391
6392
6390
6390
6390
6388
6388
6387
6387
6386
6386
6384
6384
6384
6386
6390
6390
6394
6396
6398
6394
6395
6392
6396
6397
6394
6387
6387
6385
6385
6388
6394
6391
6394
6395
6395
6384
6384
6384
6383
6383
6383
6381
6382
6393
6392
6390
6389
6388
6386
6386
6389
6391
6393
6394
6395
6394
6398
6400
6399
6399
6398
6397
6397
6397
6395
6394
6393
6391
6393
6388
6387
6393
6379
6380
6376
6379
6379
6376
6376
6376
6376
6380
6375
6375
6377
6373
6374
6379
6382
6379
6378
6373
6378
6376
6365
6372
6380
6384
6383
6384
6389
6389
6389
6388
6392
6394
6393
6390
6382
6382
6391
6393
6397
6401
6404
6401
6401
6401
6401
6401
6404
6401
6403
6401
6399
6396
6399
6399
6398
6399
6402
6401
6399
6402
6399
6398
6399
6399
6402
6401
6400
6398
6398
6403
6403
6403
6399
6400
6400
6396
6400
6397
6401
6403
6403
6400
6402
6395
6399
6404
6404
6404
6406
6407
6406
6406
6406
6406
6407
6407
6407
6406
6406
6402
6402
6402
6400
6401
6398
6396
6397
6397
6397
6397
6396
6395
6392
6388
6401
6410
6410
6410
6412
6406
6411
6411
6405
6404
6405
6404
6404
6409
6408
6406
6404
6407
6407
6407
6408
6411
6410
6411
6411
6415
6412
6413
6415
6415
6413
6411
6413
6413
6417
6414
6417
6410
6410
6412
6413
6413
6414
6414
6411
6410
6410
6410
6404
6407
6408
6405
6406
6408
6408
6407
6408
6410
6410
6410
6410
6414
6410
6410
6410
6408
6410
6408
6411
6401
6408
6410
6405
6406
6406
6404
6401
6401
6402
6398
6401
6404
6404
6401
6407
6411
6411
6407
6411
6415
6412
6415
6415
6413
6415
6406
6401
6403
6403
6397
6400
6404
6395
6395
6391
6390
6398
6393
6395
6395
6394
6392
6396
6396
6397
6396
6394
6400
6394
6394
6398
6397
6391
6393
6393
6394
6394
6397
6395
6400
6402
6403
6400
6403
6403
6402
6402
6407
6405
6400
6405
6405
6405
6404
6404
6404
6404
6404
6399
6399
6404
6400
6405
6403
6402
6400
6399
6399
6395
6395
6405
6405
6402
6406
6401
6402
6401
6398
6397
6396
6395
6399
6399
6396
6395
6395
6395
6395
6392
6392
6392
6394
6388
6386
6386
6386
6388
6388
6388
6388
6385
6388
6390
6390
6392
6397
6400
6403
6402
6400
6393
6393
6393
6382
6387
6388
6387
6387
6381
6398
6398
6397
6403
6402
6397
6402
6401
6400
6397
6400
6400
6402
6399
6397
6397
6399
6401
6398
6401
6397
6400
6400
6403
6401
6401
6400
6398
6402
6402
6402
6401
6399
6398
6400
6404
6401
6399
6397
6399
6399
6399
6399
6400
6401
6402
6403
6402
6402
6398
6398
6400
6402
6402
6404
6404
6403
6404
6403
6405
6397
6398
6400
6401
6405
6402
6398
6397
6397
6400
6409
6410
6408
6409
6403
6408
6411
6409
6417
6416
6416
6416
6416
6416
6414
6418
6419
6420
6422
6422
6422
6422
6422
6422
6422
6422
6422
6420
6420
6419
6419
6422
6423
6425
6427
6424
6421
6420
6420
6420
6422
6424
6426
6426
6426
6426
6428
6425
6425
6425
6422
6422
6423
6418
6413
6412
6413
6413
6413
6412
6413
6414
6414
6414
6412
6412
6412
6411
6411
6411
6411
6410
6411
6411
6411
6411
6411
6411
6411
6411
6413
6413
6413
6412
6413
6417
6418
6418
6418
6418
6418
6418
6418
6418
6421
6412
6409
6413
6410
6411
6411
6409
6406
6402
6408
6408
6404
6403
6408
6402
6402
6400
6400
6395
6398
6404
6401
6401
6404
6406
6406
6409
6413
6414
6415
6415
6417
6417
6416
6416
6419
6418
6412
6419
6421
6421
6423
6423
6410
6430
6430
6429
6435
6434
6436
6435
6434
6434
6431
6437
6437
6437
6437
6437
6437
6437
6437
6436
6436
6438
6438
6437
6436
6436
6438
6438
6438
6436
6436
6436
6435
6435
6435
6436
6435
6434
6436
6436
6436
6436
6436
6436
6437
6437
6433
6434
6436
6435
6438
6439
6439
6435
6436
6436
6436
6437
6437
6435
6437
6437
6436
6436
6436
6436
6435
6435
6435
6440
6437
6440
6437
6437
6437
6430
6430
6432
6437
6435
6434
6437
6437
6437
6437
6437
6437
6440
6439
6441
6445
6445
6441
6446
6446
6446
6442
6445
6442
6439
6438
6440
6442
6442
6442
6442
6442
6442
6443
6444
6447
6447
6447
6447
6446
6447
6446
6447
6445
6449
6450
6449
6449
6440
6436
6440
6440
6439
6438
6438
6437
6438
6438
6438
6437
6438
6437
6437
6438
6440
6438
6436
6437
6435
6432
6431
6431
6432
6432
6425
6430
6435
6435
6434
6435
6436
6433
6433
6436
6434
6436
6439
6440
6443
6445
6446
6446
6445
6445
6446
6449
6447
6447
6447
6447
6446
6445
6442
6444
6442
6440
6437
6437
6441
6442
6440
6440
6440
6440
6442
6435
6434
6434
6435
6434
6434
6434
6434
6434
6434
6433
6431
6431
6427
6427
6424
6429
6428
6429
6429
6428
6429
6429
6429
6429
6429
6429
6428
6428
6429
6432
6432
6430
6430
6430
6428
6428
6428
6428
6428
6428
6428
6428
6428
6428
6428
6428
6428
6428
6428
6428
6428
6428
6426
6426
6426
6429
6429
6429
6429
6429
6429
6429
6429
6430
6430
6430
6430
6430
6430
6430
6430
6429
6427
6427
6429
6430
6433
6433
6436
6436
6435
6438
6434
6436
6438
6436
6436
6431
6432
6432
6430
6426
6437
6437
6433
6434
6436
6439
6439
6436
6439
6440
6433
6436
6438
6439
6438
6439
6442
6441
6436
6436
6446
6441
6447
6450
6423
6422
6426
6416
6419
6423
6421
6421
6418
6419
6420
6420
6417
6414
6415
6415
6412
6412
6406
6411
6410
6413
6410
6410
6409
6407
6403
6401
6401
6403
6402
6410
6410
6407
6409
6407
6411
6409
6402
6397
6397
6398
6403
6403
6403
6406
6405
6404
6404
6404
6403
6404
6404
6403
6404
6404
6404
6404
6406
6405
6403
6402
6403
6404
6402
6403
6402
6402
6402
6403
6399
6399
6399
6396
6396
6395
6395
6395
6392
6392
6392
6392
6392
6388
6399
6394
6394
6394
6390
6389
6394
6397
6388
6392
6396
6396
6394
6394
6395
6396
6395
6394
6390
6395
6395
6390
6389
6390
6388
6399
6398
6401
6400
6396
6395
6396
6396
6396
6398
6398
6397
6393
6393
6393
6397
6397
6393
6393
6397
6400
6398
6396
6398
6397
6397
6397
6397
6404
6404
6404
6405
6404
6403
6404
6400
6400
6400
6400
6400
6400
6400
6401
6406
6408
6409
6409
6409
6408
6408
6408
6408
6408
6408
6406
6406
6406
6406
6408
6403
6402
6402
6401
6401
6401
6401
6401
6412
6411
6409
6409
6409
6409
6409
6409
6405
6407
6407
6406
6401
6404
6401
6405
6405
6403
6401
6401
6401
6403
6395
6399
6401
6407
6402
6401
6406
6403
6417
6412
6412
6412
6403
6412
6399
6402
6401
6405
6410
6407
6403
6414
6412
6408
6401
6399
6402
6399
6402
6409
6408
6414
6407
6407
6407
6407
6405
6413
6409
6418
6410
6417
6418
6400
6394
6391
6389
6387
6390
6392
6389
6389
6389
6389
6387
6386
6386
6386
6386
6386
6386
6386
6384
6384
6388
6388
6387
6387
6386
6385
6386
6381
6386
6386
6386
6386
6389
6382
6381
6381
6378
6377
6379
6382
6382
6381
6381
6381
6380
6379
6378
6382
6379
6382
6383
6384
6384
6379
6379
6381
6383
6385
6387
6389
6389
6393
6397
6391
6381
6382
6383
6383
6383
6384
6377
6373
6368
6368
6368
6369
6371
6373
6372
6373
6373
6373
6366
6366
6375
6377
6376
6375
6380
6380
6380
6386
6386
6385
6382
6384
6385
6385
6384
6383
6381
6386
6386
6387
6387
6384
6384
6381
6386
6387
6388
6384
6386
6385
6384
6385
6387
6386
6386
6386
6388
6387
6389
6390
6387
6388
6383
6380
6384
6383
6384
6383
6383
6383
6381
6382
6381
6383
6383
6381
6381
6381
6381
6380
6384
6377
6377
6383
6385
6389
6380
6387
6388
6388
6395
6394
6392
6394
6393
6392
6396
6391
6391
6397
6397
6396
6396
6392
6388
6390
6392
6392
6390
6390
6388
6389
6389
6389
6384
6390
6390
6387
6386
6385
6387
6385
6385
6379
6390
6388
6391
6396
6388
6387
6387
6384
6383
6387
6385
6383
6385
6385
6385
6384
6384
6384
6385
6383
6385
6384
6383
6382
6384
6385
6385
6374
6371
6376
6375
6374
6378
6377
6376
6378
6378
6376
6382
6381
6381
6383
6384
6382
6382
6383
6385
6382
6382
6385
6384
6384
6376
6376
6380
6382
6380
6380
6380
6380
6379
6376
6374
6374
6375
6375
6379
6374
6372
6372
6366
6374
6372
6380
6380
6383
6386
6388
6388
6386
6380
6382
6386
6382
6381
6379
6380
6385
6385
6394
6393
6396
6394
6394
6390
6390
6387
6379
6379
6379
6375
6375
6383
6392
6394
6391
6385
6385
6388
6383
6383
6381
6381
6379
6375
6375
6379
6377
6380
6379
6385
6382
6378
6367
6371
6371
6364
6359
6361
6367
6374
6375
6368
6373
6364
6364
6371
6368
6359
6359
6361
6363
6367
6363
6363
6369
6370
6367
6365
6363
6366
6366
6371
6372
6374
6373
6373
6373
6374
6373
6373
6367
6367
6384
6385
6382
6385
6392
6392
6397
6394
6396
6397
6397
6397
6397
6399
6397
6394
6394
6392
6396
6393
6392
6392
6393
6391
6391
6389
6389
6389
6389
6389
6389
6389
6391
6397
6398
6399
6393
6395
6395
6395
6396
6395
6395
6397
6396
6399
6400
6407
6400
6389
6391
6390
6389
6389
6389
6389
6391
6391
6391
6388
6387
6382
6392
6393
6393
6393
6398
6397
6396
6399
6402
6402
6403
6402
6398
6398
6398
6398
6406
6403
6400
6400
6400
6400
6396
6397
6392
6395
6396
6399
6408
6389
6389
6386
6388
6386
6386
6383
6382
6380
6382
6389
6366
6363
6368
6367
6363
6364
6368
6365
6365
6377
6372
6371
6371
6370
6369
6369
6380
6379
6384
6385
6380
6389
6393
6382
6383
6384
6387
6396
6394
6397
6398
6393
6395
6395
6393
6390
6396
6396
6396
6395
6400
6400
6398
6398
6395
6391
6385
6384
6386
6386
6383
6375
6377
6389
6386
6386
6395
6390
6387
6389
6395
6393
6393
6404
6402
6400
6396
6405
6396
6389
6386
6383
6383
6393
6395
6406
6408
6421
6416
6428
6431
6430
6430
6431
6431
6432
6430
6432
6435
6435
6436
6435
6435
6436
6434
6434
6433
6435
6435
6436
6436
6434
6443
6442
6440
6440
6444
6438
6436
6440
6434
6432
6432
6423
6434
6439
6442
6443
6440
6433
6433
6436
6437
6442
6439
6437
6437
6431
6432
6428
6430
6428
6428
6431
6431
6435
6433
6434
6436
6437
6440
6437
6440
6440
6441
6435
6436
6443
6443
6440
6442
6444
6444
6439
6443
6440
6437
6437
6432
6435
6433
6430
6432
6429
6433
6434
6429
6428
6439
6439
6438
6438
6442
6446
6445
6448
6450
6447
6447
6445
6447
6444
6449
6448
6445
6445
6445
6445
6449
6444
6445
6443
6442
6443
6442
6443
6440
6443
6443
6442
6447
6445
6449
6446
6446
6439
6441
6438
6438
6434
6432
6434
6437
6435
6435
6437
6435
6435
6433
6421
6435
6437
6446
6448
6443
6450
6446
6443
6441
6440
6445
6448
6449
6441
6445
6445
6450
6450
6449
6449
6450
6450
6447
6447
6447
6450
6450
6446
6446
6446
6444
6447
6447
6447
6447
6451
6454
6454
6451
6445
6445
6450
6452
6455
6454
6455
6455
6454
6454
6454
6456
6454
6456
6460
6460
6456
6458
6459
6460
6452
6458
6464
6466
6467
6467
6476
6473
6452
6447
6448
6447
6447
6447
6443
6445
6442
6447
6445
6445
6444
6441
6443
6443
6443
6443
6443
6443
6442
6443
6439
6442
6442
6440
6440
6440
6438
6438
6441
6439
6440
6439
6440
6442
6441
6438
6438
6440
6439
6439
6436
6436
6439
6442
6440
6440
6440
6444
6443
6445
6443
6445
6443
6443
6440
6443
6438
6441
6439
6446
6446
6445
6450
6448
6448
6445
6448
6443
6446
6443
6446
6444
6444
6443
6443
6443
6443
6444
6444
6443
6443
6443
6447
6452
6443
6443
6435
6435
6442
6440
6440
6437
6442
6441
6431
6434
6433
6435
6432
6432
6432
6432
6429
6431
6432
6432
6419
6420
6426
6432
6435
6439
6438
6440
6446
6445
6442
6442
6435
6437
6435
6440
6444
6440
6440
6445
6445
6443
6444
6441
6444
6446
6444
6449
6448
6446
6441
6441
6443
6441
6441
6444
6443
6442
6444
6445
6443
6440
6440
6440
6440
6440
6443
6445
6440
6440
6437
6435
6431
6429
6432
6429
6429
6430
6434
6434
6434
6434
6435
6436
6436
6440
6436
6433
6426
6422
6422
6422
6421
6421
6426
6427
6415
6415
6422
6425
6425
6425
6424
6421
6424
6427
6425
6425
6425
6425
6424
6424
6428
6430
6434
6434
6437
6437
6438
6438
6437
6440
6435
6429
6429
6431
6431
6432
6429
6420
6422
6425
6430
6423
6428
6421
6411
6416
6420
6420
6423
6421
6421
6423
6425
6424
6427
6423
6424
6423
6425
6424
6424
6421
6425
6430
6429
6432
6429
6425
6429
6427
6418
6420
6420
6423
6428
6432
6437
6444
6438
6440
6442
6442
6431
6431
6431
6440
6440
6438
6436
6435
6435
6434
6435
6435
6433
6433
6443
6438
6438
6435
6435
6433
6432
6430
6425
6425
6425
6431
6427
6440
6437
6436
6437
6445
6445
6448
6445
6449
6449
6448
6447
6447
6446
6446
6447
6445
6444
6442
6441
6445
6444
6444
6444
6455
6458
6460
6459
6456
6452
6450
6450
6449
6450
6449
6449
6453
6451
6450
6447
6446
6446
6444
6446
6452
6449
6447
6447
6449
6454
6445
6445
6445
6445
6445
6443
6441
6441
6443
6444
6438
6441
6441
6441
6440
6439
6439
6437
6440
6440
6439
6435
6435
6439
6441
6441
6442
6447
6448
6449
6448
6448
6456
6459
6465
6465
6465
6453
6455
6453
6456
6460
6465
6460
6460
6457
6454
6455
6454
6457
6450
6450
6447
6458
6464
6460
6459
6463
6459
6461
6461
6467
6477
6469
6471
6469
6457
6453
6455
6453
6451
6447
6444
6450
6444
6437
6436
6437
6445
6443
6449
6460
6457
6457
6460
6460
6451
6442
6449
6445
6440
6445
6444
6444
6441
6445
6457
6452
6447
6446
6444
6443
6444
6450
6439
6444
6446
6449
6443
6445
6441
6443
6438
6438
6436
6436
6432
6430
6424
6423
6427
6427
6428
6431
6431
6434
6429
6428
6434
6432
6435
6435
6432
6431
6431
6435
6433
6432
6431
6431
6431
6436
6436
6433
6426
6425
6423
6423
6415
6415
6430
6425
6430
6419
6418
6416
6417
6416
6419
6419
6407
6419
6424
6424
6418
6428
6443
6437
6443
6447
6440
6440
6437
6437
6437
6434
6438
6434
6436
6437
6438
6440
6444
6446
6444
6446
6443
6446
6443
6447
6450
6444
6450
6450
6454
6454
6449
6469
6458
6464
6453
6455
6451
6440
6450
6444
6437
6433
6435
6435
6435
6431
6440
6439
6442
6447
6447
6452
6446
6439
6439
6439
6431
6430
6431
6428
6431
6432
6432
6434
6436
6435
6437
6437
6435
6435
6432
6430
6426
6426
6428
6428
6429
6430
6436
6433
6433
6432
6437
6431
6430
6430
6430
6430
6435
6435
6432
6430
6430
6430
6431
6432
6435
6439
6439
6418
6421
6423
6424
6432
6425
6420
6425
6433
6454
6454
6447
6451
6450
6450
6451
6456
6459
6459
6454
6457
6452
6466
6478
6473
6476
6476
6467
6468
6460
6465
6469
6476
6459
6489
6488
6481
6457
6438
6426
6424
6424
6428
6426
6427
6425
6425
6425
6420
6420
6425
6428
6428
6432
6432
6432
6429
6433
6430
6432
6424
6420
6420
6424
6427
6429
6422
6425
6433
6439
6432
6432
6432
6430
6428
6430
6430
6430
6430
6423
6426
6426
6424
6424
6424
6425
6425
6422
6436
6436
6432
6432
6433
6429
6426
6424
6427
6417
6425
6426
6422
6422
6421
6420
6419
6416
6426
6426
6433
6433
6440
6451
6444
6437
6440
6438
6436
6425
6429
6434
6435
6431
6426
6429
6432
6432
6430
6425
6420
6414
6410
6406
6403
6404
6404
6395
6389
6389
6388
6388
6390
6389
6390
6395
6397
6392
6395
6388
6400
6398
6402
6406
6398
6396
6393
6396
6393
6392
6390
6390
6391
6385
6386
6364
6378
6382
6390
6398
6408
6404
6404
6403
6405
6399
6410
6405
6413
6405
6394
6393
6393
6394
6412
6401
6402
6402
6406
6406
6406
6411
6402
6402
6407
6407
6410
6419
6406
6419
6412
6412
6419
6416
6414
6421
6405
6400
6398
6392
6404
6392
6392
6391
6391
6392
6395
6387
6382
6378
6381
6380
6370
6373
6381
6390
6385
6391
6391
6407
6397
6400
6398
6392
6393
6393
6383
6398
6400
6413
6400
6407
6416
6413
6405
6405
6394
6391
6382
6416
6406
6400
6413
6421
6444
6434
6425
6428
6427
6433
6425
6426
6423
6400
6413
6419
6434
6437
6434
6448
6439
6429
6418
6418
6412
6417
6417
6406
6404
6402
6413
6443
6441
6438
6428
6430
6430
6424
6394
6383
6400
6386
6389
6397
6412
6412
6414
6420
6428
6431
6435
6430
6428
6432
6433
6440
6454
6403
6390
6434
6434
6444
6487
6495
6483
6478
6496
6526
6566
6652
6659
6700
6727
6730
6625
6564
6559
6560
6601
6524
6533
6359
6394
6256
6256
6270
6271
6246
6247
6233
6210
6210
6210
6209
6210
6209
6213
6213
6217
6218
6218
6216
6218
6217
6217
6213
6215
6215
6215
6215
6214
6215
6210
6208
6208
6208
6208
6208
6208
6208
6208
6203
6201
6201
6202
6202
6202
6207
6199
6199
6201
6201
6203
6201
6214
6203
6208
6201
6197
6197
6197
6192
6197
6192
6195
6196
6186
6178
6170
6171
6170
6169
6162
6158
6157
6174
6174
6176
6180
6178
6181
6173
6163
6147
6176
6166
6181
6193
6199
6202
6198
6198
6201
6204
6202
6201
6210
6210
6210
6215
6215
6215
6206
6213
6215
6215
6207
6211
6208
6202
6206
6202
6202
6209
6209
6205
6213
6212
6206
6205
6199
6211
6211
6205
6205
6208
6223
6228
6233
6240
6241
6239
6239
6246
6246
6246
6248
6248
6244
6244
6244
6244
6244
6242
6239
6234
6238
6242
6243
6238
6237
6236
6236
6237
6234
6231
6233
6231
6233
6236
6236
6237
6238
6231
6231
6236
6236
6238
6238
6239
6234
6238
6232
6237
6233
6237
6241
6241
6244
6241
6241
6241
6238
6238
6238
6238
6238
6237
6236
6233
6232
6231
6231
6224
6223
6223
6225
6225
6223
6225
6223
6223
6223
6223
6220
6223
6223
6223
6223
6223
6223
6225
6224
6224
6224
6224
6224
6222
6225
6225
6223
6218
6221
6223
6223
6231
6224
6230
6230
6230
6230
6235
6235
6235
6230
6230
6230
6228
6217
6218
6218
6220
6218
6218
6215
6219
6213
6213
6213
6212
6210
6215
6216
6216
6219
6219
6219
6220
6228
6229
6228
6227
6227
6227
6227
6228
6228
6227
6228
6228
6228
6227
6235
6235
6235
6235
6235
6235
6235
6237
6240
6237
6238
6241
6245
6244
6245
6238
6238
6239
6239
6243
6243
6246
6250
6242
6244
6240
6240
6241
6245
6243
6239
6244
6245
6247
6246
6251
6248
6248
6245
6244
6244
6241
6242
6242
6242
6237
6237
6237
6237
6237
6246
6244
6247
6247
6249
6258
6258
6261
6262
6265
6262
6269
6273
6267
6264
6261
6261
6261
6258
6249
6249
6245
6258
6228
6217
6219
6228
6220
6220
6213
6214
6214
6200
6200
6198
6200
6201
6201
6200
6200
6200
6200
6200
6200
6200
6199
6199
6200
6200
6200
6200
6198
6199
6200
6200
6200
6196
6196
6196
6196
6196
6199
6196
6196
6196
6196
6196
6199
6200
6198
6198
6198
6195
6198
6200
6201
6201
6201
6199
6200
6200
6202
6198
6202
6204
6204
6205
6200
6200
6200
6201
6199
6197
6197
6195
6200
6200
6196
6194
6194
6194
6191
6191
6188
6188
6185
6187
6197
6190
6190
6190
6196
6196
6200
6197
6195
6193
6191
6189
6188
6187
6190
6189
6190
6190
6187
6190
6193
6187
6202
6199
6200
6202
6199
6190
6199
6203
6197
6205
6189
6187
6179
6188
6189
6192
6195
6192
6204
6203
6206
6205
6205
6205
6203
6205
6202
6202
6205
6201
6206
6206
6206
6206
6206
6205
6206
6206
6206
6206
6207
6204
6204
6209
6207
6208
6207
6207
6205
6205
6206
6201
6205
6203
6201
6203
6198
6198
6203
6200
6205
6199
6199
6198
6198
6200
6198
6200
6200
6198
6200
6199
6198
6197
6200
6200
6195
6196
6199
6192
6192
6192
6192
6187
6190
6190
6188
6191
6189
6188
6187
6187
6194
6194
6194
6197
6197
6197
6197
6197
6196
6195
6191
6192
6198
6195
6191
6190
6190
6200
6200
6208
6203
6205
6205
6207
6208
6209
6207
6204
6204
6204
6204
6208
6208
6205
6208
6208
6210
6210
6210
6206
6204
6202
6201
6201
6201
6201
6201
6201
6201
6208
6211
6207
6196
6192
6192
6190
6193
6195
6193
6192
6192
6195
6190
6190
6189
6189
6190
6191
6194
6194
6194
6194
6194
6194
6196
6196
6194
6194
6196
6196
6196
6190
6188
6191
6187
6187
6185
6185
6185
6185
6187
6192
6195
6193
6193
6196
6196
6196
6193
6193
6189
6184
6192
6195
6202
6201
6201
6201
6203
6200
6200
6192
6193
6194
6192
6195
6193
6193
6190
6190
6191
6191
6187
6194
6194
6188
6183
6182
6178
6181
6181
6181
6184
6181
6188
6185
6176
6175
6185
6183
6184
6191
6191
6194
6187
6194
6194
6190
6190
6194
6190
6184
6192
6194
6198
6202
6200
6196
6198
6196
6196
6195
6193
6193
6196
6193
6193
6193
6193
6191
6191
6193
6193
6193
6197
6197
6197
6197
6205
6204
6204
6205
6205
6203
6204
6202
6197
6196
6215
6194
6182
6175
6182
6189
6188
6188
6189
6189
6189
6189
6189
6201
6200
6202
6200
6200
6200
6198
6205
6205
6203
6196
6196
6194
6204
6196
6193
6184
6178
6179
6190
6196
6190
6190
6202
6204
6201
6208
6207
6217
6211
6223
6222
6220
6220
6220
6219
6219
6213
6218
6216
6215
6215
6217
6210
6206
6206
6206
6208
6208
6210
6212
6210
6214
6215
6216
6212
6216
6216
6213
6212
6207
6207
6207
6206
6205
6206
6203
6203
6204
6204
6200
6204
6205
6200
6200
6200
6200
6202
6202
6203
6202
6196
6196
6193
6202
6199
6208
6210
6212
6211
6211
6214
6215
6215
6215
6215
6215
6215
6215
6215
6222
6221
6223
6223
6219
6221
6219
6219
6221
6220
6218
6221
6231
6227
6224
6219
6223
6221
6225
6223
6218
6218
6218
6210
6211
6211
6215
6210
6210
6211
6210
6200
6201
6203
6205
6204
6202
6209
6222
6216
6220
6220
6219
6219
6218
6220
6219
6221
6213
6215
6220
6217
6217
6214
6210
6208
6209
6206
6208
6197
6198
6200
6197
6201
6208
6210
6206
6206
6206
6205
6205
6205
6210
6208
6203
6202
6202
6205
6203
6201
6199
6199
6200
6200
6202
6200
6200
6198
6201
6207
6210
6220
6220
6215
6212
6215
6218
6214
6216
6215
6214
6220
6227
6226
6218
6216
6218
6212
6222
6224
6232
6223
6219
6209
6213
6210
6214
6212
6212
6212
6211
6218
6220
6214
6204
6201
6192
6190
6194
6184
6192
6193
6199
6196
6196
6196
6199
6197
6201
6202
6202
6202
6203
6198
6191
6186
6186
6186
6186
6186
6192
6191
6189
6183
6183
6182
6172
6173
6173
6170
6173
6172
6172
6172
6172
6181
6180
6181
6179
6179
6178
6181
6181
6183
6181
6179
6178
6164
6166
6179
6181
6178
6177
6170
6160
6160
6159
6150
6156
6157
6165
6169
6163
6157
6149
6145
6138
6140
6141
6110
6133
6140
6163
6176
6167
6142
6155
6138
6167
6189
6185
6185
6190
6187
6193
6189
6195
6184
6187
6193
6191
6190
6208
6207
6204
6214
6197
6198
6198
6197
6203
6186
6190
6194
6195
6200
6205
6202
6202
6206
6201
6189
6197
6168
6174
6183
6182
6179
6180
6184
6196
6204
6202
6199
6199
6199
6200
6193
6189
6194
6194
6197
6198
6192
6197
6212
6209
6212
6212
6211
6211
6210
6210
6215
6211
6206
6212
6211
6209
6209
6209
6209
6211
6210
6208
6222
6220
6219
6217
6216
6214
6208
6204
6205
6205
6209
6205
6204
6204
6206
6201
6205
6205
6202
6196
6195
6195
6193
6195
6189
6189
6182
6193
6197
6198
6198
6200
6198
6196
6203
6206
6206
6218
6209
6218
6220
6219
6218
6220
6220
6221
6221
6221
6223
6238
6224
6216
6209
6205
6210
6216
6218
6218
6218
6225
6219
6197
6188
6176
6172
6185
6191
6198
6198
6196
6198
6194
6194
6196
6195
6195
6191
6195
6197
6191
6194
6196
6197
6195
6194
6180
6198
6192
6195
6200
6202
6200
6198
6188
6208
6205
6204
6204
6210
6210
6213
6208
6208
6201
6198
6201
6203
6204
6204
6204
6209
6209
6209
6209
6209
6209
6209
6213
6207
6205
6205
6210
6207
6198
6196
6204
6198
6203
6203
6196
6202
6202
6208
6208
6204
6223
6220
6214
6212
6207
6210
6212
6206
6203
6203
6203
6206
6204
6202
6201
6203
6203
6200
6201
6207
6180
6175
6174
6172
6188
6191
6190
6192
6191
6206
6203
6205
6204
6192
6194
6190
6157
6193
6185
6190
6201
6208
6201
6200
6204
6211
6207
6207
6201
6195
6218
6223
6224
6216
6217
6224
6225
6225
6234
6230
6224
6227
6218
6209
6223
6239
6242
6239
6239
6214
6212
6214
6213
6208
6224
6200
6203
6193
6190
6194
6200
6205
6206
6201
6190
6200
6197
6193
6182
6188
6194
6185
6157
6145
6177
6186
6153
6193
6145
6122
6112
6090
6090
6114
6195
6181
6293
6423
6468
6460
6480
6481
6480
6487
6506
6510
6517
6516
6516
6517
6518
6521
6514
6524
6528
6524
6529
6529
6527
6529
6529
6528
6525
6519
6520
6515
6510
6516
6522
6518
6515
6515
6516
6520
6507
6501
6520
6519
6519
6523
6520
6523
6519
6519
6520
6522
6520
6522
6527
6527
6527
6532
6537
6534
6539
6539
6539
6539
6539
6539
6539
6539
6539
6540
6540
6540
6540
6535
6535
6531
6531
6531
6531
6544
6544
6544
6544
6544
6544
6548
6549
6554
6551
6551
6546
6543
6526
6526
6527
6527
6521
6520
6520
6520
6521
6521
6521
6521
6524
6518
6526
6524
6524
6517
6515
6520
6509
6506
6508
6508
6508
6508
6508
6508
6506
6507
6507
6507
6495
6492
6493
6496
6500
6498
6497
6496
6498
6502
6502
6501
6503
6500
6501
6507
6507
6513
6513
6513
6507
6506
6508
6508
6500
6505
6510
6510
6511
6515
6514
6517
6517
6511
6505
6507
6506
6509
6509
6506
6506
6503
6503
6503
6507
6513
6503
6498
6498
6498
6496
6499
6498
6500
6498
6487
6487
6488
6491
6490
6493
6490
6490
6485
6486
6489
6489
6485
6480
6483
6485
6488
6493
6493
6493
6495
6495
6495
6495
6495
6495
6493
6493
6493
6493
6496
6496
6497
6497
6500
6500
6510
6508
6497
6495
6484
6480
6479
6479
6479
6479
6480
6480
6481
6481
6479
6479
6485
6485
6486
6492
6491
6489
6487
6489
6487
6483
6487
6481
6481
6475
6477
6482
6488
6488
6482
6483
6477
6474
6475
6473
6472
6470
6458
6446
6454
6450
6450
6450
6450
6459
6455
6475
6470
6485
6483
6484
6484
6491
6490
6419
6524
6526
6528
6526
6534
6534
6532
6537
6545
6543
6542
6539
6542
6540
6538
6535
6552
6552
6552
6553
6558
6558
6565
6565
6564
6564
6564
6564
6565
6564
6564
6564
6561
6561
6575
6576
6576
6576
6576
6576
6571
6582
6585
6585
6585
6585
6585
6585
6590
6589
6589
6589
6589
6589
6589
6592
6592
6592
6592
6592
6592
6592
6592
6592
6594
6594
6594
6594
6594
6594
6594
6592
6592
6592
6590
6590
6589
6587
6587
6587
6581
6579
6581
6580
6580
6578
6582
6581
6578
6578
6577
6570
6576
6579
6576
6580
6579
6575
6576
6578
6580
6579
6580
6579
6579
6579
6579
6573
6573
6574
6580
6581
6582
6585
6585
6589
6589
6590
6593
6593
6600
6593
6590
6592
6590
6589
6590
6584
6585
6586
6584
6587
6581
6580
6575
6575
6574
6572
6573
6573
6574
6573
6572
6572
6572
6572
6572
6573
6573
6572
6571
6573
6571
6568
6565
6571
6572
6570
6567
6569
6575
6575
6575
6575
6573
6571
6570
6570
6573
6571
6569
6569
6571
6571
6566
6564
6567
6568
6566
6571
6566
6566
6564
6561
6570
6571
6569
6569
6566
6560
6557
6557
6566
6566
6567
6568
6570
6570
6570
6569
6569
6570
6572
6572
6565
6565
6565
6566
6570
6576
6578
6578
6578
6578
6578
6580
6579
6578
6575
6573
6580
6578
6585
6583
6583
6583
6584
6584
6584
6583
6581
6578
6578
6578
6582
6582
6580
6577
6584
6584
6584
6586
6590
6591
6588
6590
6588
6589
6588
6586
6587
6589
6588
6592
6592
6593
6593
6593
6595
6589
6587
6587
6586
6586
6586
6586
6586
6587
6587
6587
6586
6585
6584
6584
6584
6584
6579
6579
6583
6578
6578
6582
6597
6598
6594
6597
6597
6597
6602
6598
6598
6596
6594
6593
6592
6592
6590
6594
6594
6594
6594
6596
6596
6597
6597
6596
6596
6597
6599
6603
6603
6601
6600
6600
6598
6598
6599
6599
6601
6602
6601
6602
6601
6603
6602
6605
6605
6605
6607
6607
6610
6608
6611
6611
6611
6611
6610
6611
6609
6608
6608
6608
6608
6609
6609
6607
6606
6606
6606
6606
6606
6606
6605
6604
6604
6598
6595
6600
6603
6603
6601
6601
6601
6601
6600
6604
6601
6600
6599
6596
6596
6600
6602
6601
6603
6602
6599
6597
6596
6602
6595
6602
6603
6604
6604
6603
6606
6609
6610
6609
6614
6614
6615
6615
6608
6610
6608
6611
6611
6605
6605
6602
6602
6600
6600
6600
6601
6603
6598
6598
6599
6598
6599
6599
6592
6598
6601
6601
6605
6612
6612
6612
6608
6611
6614
6611
6615
6615
6613
6612
6614
6615
6612
6617
6617
6620
6617
6615
6613
6617
6620
6628
6628
6629
6621
6621
6627
6621
6624
6630
6629
6630
6630
6626
6630
6631
6634
6634
6633
6633
6633
6630
6632
6631
6628
6621
6622
6622
6622
6611
6611
6609
6607
6610
6609
6610
6606
6608
6616
6617
6620
6620
6621
6619
6617
6618
6615
6614
6607
6605
6605
6604
6603
6606
6613
6615
6616
6617
6617
6616
6616
6616
6616
6616
6620
6623
6618
6619
6621
6629
6627
6628
6628
6628
6618
6615
6620
6617
6617
6620
6615
6612
6615
6615
6619
6620
6614
6610
6609
6605
6602
6607
6604
6602
6603
6606
6607
6607
6613
6623
6627
6629
6632
6638
6640
6650
6647
6647
6639
6631
6630
6630
6626
6623
6621
6625
6604
6599
6599
6592
6588
6583
6574
6586
6586
6590
6593
6593
6593
6568
6567
6567
6561
6564
6558
6561
6561
6554
6552
6553
6557
6555
6553
6551
6554
6554
6552
6552
6552
6552
6552
6548
6545
6547
6547
6543
6543
6548
6543
6543
6544
6546
6546
6546
6546
6546
6546
6549
6548
6547
6547
6549
6548
6546
6547
6550
6550
6555
6552
6554
6552
6549
6547
6548
6543
6546
6543
6545
6545
6546
6544
6546
6548
6548
6549
6549
6549
6549
6549
6549
6546
6548
6550
6556
6559
6559
6561
6561
6561
6559
6558
6555
6555
6557
6557
6555
6555
6555
6553
6553
6558
6558
6558
6558
6558
6557
6557
6558
6558
6558
6558
6558
6558
6558
6558
6558
6557
6558
6557
6557
6556
6554
6555
6554
6554
6555
6558
6558
6560
6561
6561
6560
6559
6562
6562
6562
6561
6561
6562
6565
6562
6570
6573
6573
6573
6569
6568
6569
6569
6570
6570
6574
6570
6566
6566
6571
6572
6563
6578
6572
6585
6590
6590
6585
6575
6578
6540
6539
6539
6539
6538
6538
6538
6538
6538
6538
6538
6535
6535
6535
6535
6535
6532
6531
6536
6536
6536
6536
6536
6532
6535
6531
6531
6531
6532
6531
6531
6531
6529
6529
6529
6528
6523
6523
6531
6529
6529
6528
6528
6527
6528
6527
6527
6527
6531
6531
6531
6532
6532
6533
6532
6534
6534
6538
6534
6541
6535
6535
6532
6530
6536
6537
6533
6535
6533
6533
6536
6536
6529
6532
6532
6532
6532
6531
6527
6523
6524
6524
6524
6524
6524
6525
6525
6525
6522
6518
6518
6528
6528
6528
6528
6527
6524
6524
6528
6526
6526
6525
6525
6523
6522
6522
6522
6522
6522
6522
6522
6522
6528
6529
6529
6532
6535
6535
6535
6532
6531
6533
6533
6532
6530
6530
6523
6523
6535
6530
6526
6522
6520
6517
6516
6514
6517
6517
6513
6513
6513
6513
6511
6513
6513
6513
6515
6515
6515
6510
6518
6520
6518
6514
6520
6520
6520
6519
6518
6518
6514
6514
6516
6512
6516
6512
6516
6513
6513
6515
6516
6516
6530
6530
6530
6523
6525
6525
6525
6518
6518
6517
6517
6518
6517
6517
6518
6521
6521
6521
6519
6517
6515
6518
6518
6518
6518
6518
6518
6516
6517
6514
6514
6513
6513
6508
6509
6517
6511
6515
6510
6506
6504
6512
6507
6500
6530
6531
6533
6533
6536
6536
6536
6537
6537
6537
6540
6542
6542
6542
6542
6542
6542
6542
6541
6537
6537
6534
6534
6538
6538
6538
6538
6540
6540
6541
6541
6541
6539
6539
6539
6540
6536
6539
6535
6541
6541
6542
6542
6544
6540
6541
6538
6537
6537
6535
6534
6540
6544
6544
6544
6549
6546
6546
6553
6553
6553
6551
6550
6550
6549
6549
6545
6548
6549
6548
6548
6549
6548
6551
6552
6550
6554
6552
6555
6553
6554
6552
6552
6553
6553
6551
6551
6554
6554
6552
6556
6545
6551
6539
6551
6554
6552
6555
6554
6550
6550
6545
6555
6555
6548
6547
6544
6548
6544
6544
6543
6538
6544
6540
6540
6542
6544
6543
6541
6541
6541
6539
6539
6536
6536
6540
6542
6556
6556
6556
6556
6549
6544
6544
6546
6546
6545
6545
6545
6548
6548
6545
6550
6550
6552
6553
6554
6545
6547
6545
6545
6542
6546
6547
6541
6540
6540
6544
6544
6539
6533
6536
6536
6536
6534
6533
6540
6542
6543
6542
6543
6542
6543
6542
6542
6543
6536
6540
6549
6549
6553
6553
6557
6557
6557
6558
6558
6554
6554
6554
6554
6554
6546
6557
6540
6547
6552
6555
6555
6556
6553
6550
6550
6546
6550
6550
6550
6550
6550
6541
6545
6546
6546
6546
6546
6546
6543
6539
6538
6538
6538
6538
6538
6539
6538
6541
6538
6537
6534
6530
6530
6532
6534
6535
6538
6540
6539
6547
6547
6547
6548
6546
6548
6548
6548
6552
6552
6539
6543
6535
6545
6545
6545
6545
6545
6545
6541
6558
6561
6563
6563
6565
6567
6567
6567
6569
6572
6571
6570
6570
6570
6569
6569
6567
6567
6567
6567
6567
6567
6567
6566
6566
6566
6564
6564
6564
6564
6563
6563
6560
6559
6560
6560
6563
6561
6570
6571
6570
6570
6570
6571
6571
6571
6568
6568
6568
6568
6568
6568
6568
6568
6568
6566
6566
6566
6566
6566
6568
6568
6568
6566
6566
6566
6563
6569
6569
6569
6569
6572
6572
6572
6572
6572
6572
6577
6577
6577
6574
6574
6574
6572
6569
6570
6570
6570
6571
6570
6570
6572
6570
6570
6570
6570
6565
6565
6571
6569
6560
6560
6564
6564
6560
6568
6568
6568
6568
6566
6566
6561
6566
6561
6565
6564
6566
6558
6561
6558
6550
6561
6549
6573
6575
6576
6576
6579
6575
6575
6577
6573
6573
6576
6577
6573
6576
6575
6579
6570
6566
6583
6587
6587
6587
6587
6584
6589
6587
6586
6587
6589
6588
6588
6580
6575
6576
6580
6577
6573
6583
6581
6582
6581
6583
6584
6571
6576
6576
6586
6595
6583
6574
6604
6605
6575
6559
6558
6553
6552
6550
6548
6548
6538
6537
6537
6537
6537
6534
6534
6537
6537
6537
6537
6537
6537
6540
6539
6539
6539
6542
6544
6540
6538
6538
6541
6541
6542
6540
6540
6539
6539
6541
6541
6542
6542
6546
6538
6538
6538
6536
6535
6535
6535
6535
6536
6537
6534
6534
6536
6535
6538
6538
6535
6532
6534
6535
6534
6531
6532
6532
6538
6539
6539
6538
6538
6539
6539
6540
6539
6539
6537
6539
6537
6537
6534
6556
6550
6547
6547
6547
6547
6547
6547
6550
6550
6546
6547
6544
6544
6544
6542
6543
6545
6543
6539
6537
6536
6537
6537
6539
6540
6544
6547
6547
6546
6540
6539
6541
6537
6535
6531
6531
6531
6533
6533
6538
6536
6536
6536
6542
6544
6542
6539
6539
6541
6541
6544
6543
6548
6543
6540
6540
6536
6536
6531
6531
6533
6533
6534
6537
6537
6534
6534
6538
6534
6535
6535
6534
6533
6535
6527
6525
6524
6525
6528
6530
6528
6522
6527
6530
6529
6529
6529
6531
6531
6531
6532
6532
6531
6529
6525
6527
6525
6526
6529
6535
6535
6538
6536
6542
6545
6546
6548
6551
6551
6551
6553
6553
6550
6552
6548
6547
6546
6546
6538
6537
6537
6537
6533
6532
6528
6528
6531
6531
6531
6535
6537
6537
6537
6530
6534
6530
6532
6539
6540
6535
6534
6535
6535
6539
6539
6540
6539
6542
6542
6540
6540
6540
6538
6536
6529
6527
6515
6522
6529
6542
6542
6543
6543
6543
6534
6543
6565
6564
6567
6570
6569
6568
6566
6569
6567
6577
6572
6579
6579
6580
6580
6581
6587
6573
6568
6567
6574
6566
6553
6555
6555
6546
6546
6541
6542
6541
6539
6538
6546
6543
6552
6555
6556
6555
6559
6559
6552
6552
6554
6554
6556
6554
6551
6554
6551
6551
6549
6551
6547
6549
6549
6540
6544
6533
6532
6530
6527
6527
6524
6528
6528
6527
6535
6537
6537
6539
6542
6545
6545
6545
6543
6542
6546
6546
6549
6550
6546
6545
6545
6545
6541
6544
6553
6542
6566
6566
6566
6567
6567
6567
6567
6573
6572
6568
6572
6570
6568
6568
6563
6563
6560
6557
6557
6557
6563
6566
6566
6565
6566
6566
6569
6571
6553
6552
6550
6550
6547
6544
6544
6544
6546
6544
6544
6540
6544
6545
6545
6547
6547
6548
6548
6548
6550
6548
6551
6550
6550
6550
6551
6552
6543
6545
6547
6550
6552
6555
6545
6540
6538
6535
6536
6539
6541
6542
6543
6544
6545
6544
6544
6542
6544
6544
6545
6541
6541
6544
6544
6544
6542
6545
6544
6543
6544
6546
6539
6539
6537
6538
6538
6538
6535
6535
6535
6535
6535
6535
6532
6531
6533
6536
6536
6536
6536
6530
6527
6528
6528
6527
6527
6530
6530
6530
6528
6538
6538
6535
6536
6536
6536
6537
6541
6541
6537
6529
6533
6532
6538
6547
6556
6556
6558
6558
6566
6559
6563
6561
6562
6560
6565
6564
6563
6559
6566
6560
6556
6552
6553
6552
6555
6563
6563
6575
6570
6566
6564
6569
6568
6561
6550
6543
6541
6541
6541
6541
6544
6556
6556
6554
6552
6552
6555
6551
6547
6556
6546
6545
6545
6544
6545
6545
6548
6545
6545
6548
6551
6552
6550
6550
6553
6554
6555
6554
6552
6551
6550
6548
6550
6551
6544
6546
6550
6550
6550
6551
6550
6557
6559
6561
6561
6556
6557
6559
6557
6553
6554
6565
6564
6567
6566
6564
6560
6558
6560
6555
6554
6555
6556
6559
6561
6558
6562
6556
6556
6560
6569
6571
6560
6566
6561
6559
6560
6556
6551
6548
6543
6543
6547
6552
6555
6560
6566
6556
6574
6584
6580
6577
6577
6572
6575
6580
6570
6581
6579
6538
6528
6495
6480
6478
6479
6473
6462
6453
6455
6454
6454
6459
6455
6460
6465
6464
6464
6464
6471
6461
6459
6442
6438
6437
6437
6432
6421
6425
6426
6430
6432
6431
6431
6427
6419
6422
6439
6444
6443
6443
6447
6443
6446
6450
6450
6450
6445
6443
6443
6438
6434
6443
6440
6440
6432
6429
6438
6437
6434
6424
6422
6425
6432
6434
6433
6434
6428
6426
6420
6426
6425
6430
6427
6426
6425
6428
6429
6449
6448
6447
6452
6452
6450
6450
6445
6445
6442
6442
6446
6443
6447
6447
6449
6453
6451
6451
6451
6447
6448
6451
6465
6463
6465
6473
6473
6477
6475
6473
6473
6470
6467
6467
6467
6467
6469
6470
6470
6474
6466
6468
6462
6463
6463
6462
6466
6466
6469
6479
6465
6469
6468
6471
6470
6470
6470
6469
6466
6473
6473
6472
6473
6471
6471
6480
6481
6487
6487
6480
6481
6466
6457
6457
6457
6461
6456
6447
6445
6444
6434
6440
6442
6443
6446
6445
6451
6439
6436
6430
6429
6428
6428
6426
6428
6436
6436
6440
6443
6450
6449
6447
6445
6448
6448
6447
6450
6448
6452
6454
6453
6452
6452
6454
6449
6447
6447
6438
6433
6447
6445
6444
6446
6444
6450
6456
6436
6429
6430
6426
6423
6422
6422
6423
6422
6421
6417
6418
6418
6419
6418
6419
6423
6420
6420
6412
6410
6412
6412
6412
6413
6412
6414
6415
6413
6417
6417
6414
6416
6423
6423
6421
6431
6430
6432
6429
6430
6432
6432
6429
6432
6430
6429
6419
6414
6411
6411
6411
6410
6410
6419
6420
6423
6425
6422
6429
6427
6431
6432
6431
6432
6432
6432
6434
6434
6432
6432
6432
6429
6431
6430
6430
6426
6426
6439
6437
6429
6429
6429
6427
6423
6425
6427
6428
6420
6415
6415
6408
6397
6407
6407
6423
6418
6414
6408
6411
6465
6465
6468
6468
6468
6471
6476
6475
6475
6469
6470
6475
6478
6475
6468
6470
6469
6458
6479
6475
6475
6480
6478
6485
6480
6486
6490
6481
6478
6478
6483
6490
6484
6483
6487
6482
6485
6487
6483
6486
6504
6500
6504
6504
6505
6502
6495
6497
6497
6493
6493
6502
6494
6491
6497
6488
6485
6488
6507
6500
6501
6507
6510
6520
6520
6522
6521
6523
6531
6526
6529
6529
6532
6530
6532
6528
6527
6530
6534
6529
6525
6522
6517
6512
6527
6524
6529
6525
6522
6525
6519
6517
6521
6515
6520
6520
6525
6533
6532
6532
6532
6535
6535
6535
6532
6527
6534
6538
6546
6542
6539
6539
6534
6538
6538
6538
6539
6539
6526
6538
6536
6534
6536
6530
6530
6535
6530
6526
6527
6520
6525
6514
6511
6512
6503
6516
6507
6507
6506
6503
6497
6500
6500
6495
6497
6495
6492
6499
6450
6477
6487
6495
6496
6507
6507
6499
6502
6502
6497
6502
6500
6486
6509
6511
6505
6508
6512
6514
6513
6512
6519
6523
6524
6531
6529
6528
6531
6533
6524
6525
6526
6523
6516
6511
6511
6520
6522
6529
6528
6527
6525
6520
6526
6526
6529
6528
6522
6521
6517
6506
6509
6543
6549
6551
6549
6545
6548
6548
6548
6545
6545
6541
6542
6537
6546
6540
6545
6547
6560
6561
6562
6559
6560
6563
6553
6547
6548
6540
6538
6543
6544
6541
6541
6541
6541
6548
6548
6541
6542
6537
6538
6535
6541
6547
6548
6549
6544
6550
6538
6543
6539
6534
6534
6524
6526
6535
6538
6535
6531
6528
6528
6528
6537
6547
6547
6550
6547
6550
6549
6550
6551
6550
6549
6550
6549
6546
6549
6548
6549
6550
6545
6545
6545
6545
6546
6544
6543
6545
6545
6545
6545
6545
6542
6555
6555
6555
6556
6552
6556
6556
6556
6556
6560
6560
6563
6563
6563
6564
6554
6560
6573
6573
6575
6575
6573
6579
6579
6579
6579
6579
6573
6573
6577
6577
6577
6576
6575
6575
6571
6575
6573
6574
6576
6577
6577
6576
6573
6573
6576
6576
6576
6573
6573
6573
6571
6571
6571
6570
6571
6568
6565
6565
6565
6563
6563
6565
6565
6565
6569
6570
6573
6567
6568
6574
6576
6573
6571
6567
6561
6573
6569
6569
6569
6569
6572
6573
6572
6575
6571
6572
6577
6577
6580
6562
6559
6559
6552
6560
6559
6562
6562
6559
6556
6559
6560
6559
6559
6558
6555
6559
6560
6561
6563
6563
6567
6553
6557
6557
6557
6556
6550
6550
6551
6552
6551
6556
6558
6561
6561
6561
6561
6558
6559
6565
6564
6564
6564
6564
6564
6564
6564
6565
6568
6568
6567
6566
6572
6572
6581
6586
6581
6551
6551
6550
6552
6548
6554
6552
6553
6557
6556
6556
6562
6557
6552
6552
6551
6555
6552
6552
6557
6549
6550
6550
6542
6549
6552
6558
6561
6560
6570
6575
6575
6575
6575
6570
6557
6557
6563
6559
6556
6551
