1267
1267
1268
1267
1266
1266
1264
1264
1263
1263
1263
1263
1263
1267
1264
1258
1267
1270
1272
1269
1268
1265
1272
1274
1278
1265
1265
1265
1264
1264
1264
1264
1264
1264
1261
1259
1255
1254
1253
1254
1252
1253
1253
1252
1257
1257
1258
1257
1255
1251
1250
1249
1247
1244
1240
1243
1243
1244
1243
1242
1242
1242
1238
1237
1237
1236
1235
1234
1234
1235
1233
1232
1232
1232
1234
1234
1237
1237
1237
1234
1237
1238
1238
1238
1237
1239
1238
1237
1234
1234
1235
1235
1230
1230
1228
1231
1231
1235
1234
1235
1234
1235
1234
1233
1231
1233
1231
1230
1231
1232
1232
1231
1233
1233
1230
1230
1231
1231
1230
1230
1233
1231
1230
1233
1231
1231
1230
1229
1233
1231
1229
1230
1228
1230
1229
1226
1228
1228
1225
1225
1226
1228
1227
1224
1228
1226
1226
1225
1226
1226
1223
1223
1225
1222
1224
1223
1224
1222
1224
1224
1221
1222
1221
1224
1220
1224
1224
1222
1219
1221
1222
1221
1221
1222
1221
1220
1222
1223
1220
1219
1222
1221
1219
1221
1221
1220
1220
1220
1221
1223
1218
1223
1223
1222
1223
1223
1225
1225
1219
1218
1217
1218
1215
1215
1215
1221
1223
1224
1226
1226
1226
1227
1224
1226
1225
1227
1227
1227
1227
1227
1226
1226
1225
1226
1226
1226
1226
1226
1226
1226
1225
1223
1227
1225
1225
1225
1226
1224
1228
1229
1228
1228
1225
1227
1227
1226
1224
1224
1226
1228
1228
1229
1228
1225
1225
1225
1225
1226
1225
1226
1226
1224
1223
1223
1223
1225
1225
1225
1224
1225
1225
1223
1223
1223
1223
1223
1224
1224
1225
1223
1224
1224
1224
1224
1222
1222
1221
1218
1218
1219
1220
1223
1223
1224
1223
1223
1222
1222
1222
1222
1221
1221
1221
1221
1221
1220
1221
1221
1221
1221
1218
1221
1219
1221
1224
1222
1222
1224
1225
1222
1223
1223
1224
1222
1221
1222
1221
1221
1221
1220
1220
1220
1219
1219
1219
1220
1220
1220
1220
1220
1220
1220
1220
1220
1220
1219
1219
1219
1218
1219
1218
1217
1216
1219
1218
1218
1218
1218
1217
1216
1216
1215
1215
1219
1219
1219
1217
1217
1217
1221
1222
1224
1227
1229
1224
1224
1219
1221
1220
1221
1220
1218
1218
1219
1219
1219
1221
1219
1220
1221
1218
1216
1219
1220
1210
1207
1207
1207
1207
1205
1205
1205
1208
1210
1208
1208
1209
1207
1206
1208
1210
1210
1202
1203
1203
1203
1203
1203
1203
1200
1195
1195
1195
1195
1194
1194
1194
1195
1194
1195
1194
1197
1195
1198
1195
1194
1196
1195
1196
1194
1195
1194
1194
1194
1194
1193
1195
1193
1193
1193
1194
1194
1194
1194
1194
1193
1193
1193
1193
1193
1193
1194
1193
1190
1193
1193
1191
1190
1192
1190
1190
1192
1190
1194
1190
1192
1190
1192
1193
1192
1190
1190
1191
1189
1193
1189
1191
1189
1190
1192
1192
1192
1192
1192
1193
1192
1192
1193
1193
1193
1192
1192
1192
1192
1193
1194
1193
1192
1192
1192
1192
1192
1193
1192
1192
1191
1192
1191
1191
1191
1191
1191
1191
1192
1192
1192
1190
1190
1192
1195
1195
1194
1195
1192
1193
1193
1192
1192
1194
1194
1194
1193
1193
1194
1195
1194
1195
1195
1195
1195
1194
1194
1195
1195
1193
1193
1193
1193
1193
1193
1192
1192
1191
1191
1192
1194
1191
1190
1193
1192
1192
1193
1192
1193
1190
1191
1192
1192
1191
1191
1190
1189
1190
1190
1191
1191
1191
1191
1190
1190
1191
1190
1191
1192
1192
1192
1192
1193
1193
1193
1193
1194
1193
1194
1194
1194
1195
1194
1194
1195
1194
1195
1195
1195
1197
1198
1195
1197
1196
1196
1197
1197
1198
1198
1197
1198
1196
1196
1195
1196
1194
1195
1194
1196
1197
1199
1199
1198
1198
1198
1198
1198
1198
1198
1198
1198
1198
1198
1198
1199
1199
1200
1199
1199
1200
1199
1199
1199
1197
1199
1195
1199
1198
1195
1196
1196
1195
1194
1194
1196
1198
1194
1193
1195
1195
1195
1195
1193
1194
1195
1195
1194
1195
1193
1194
1191
1196
1195
1195
1192
1196
1194
1191
1187
1187
1186
1186
1186
1186
1186
1185
1186
1187
1186
1186
1185
1184
1185
1185
1184
1186
1185
1183
1185
1185
1185
1186
1186
1186
1186
1186
1183
1183
1183
1183
1182
1185
1183
1182
1180
1182
1184
1185
1185
1185
1184
1185
1186
1185
1186
1186
1184
1185
1185
1185
1186
1185
1185
1185
1185
1185
1185
1185
1185
1184
1185
1184
1184
1184
1184
1184
1183
1184
1184
1184
1180
1184
1184
1185
1186
1184
1184
1184
1184
1186
1186
1185
1186
1187
1189
1191
1191
1195
1197
1194
1194
1193
1193
1192
1193
1191
1193
1193
1192
1192
1192
1188
1187
1188
1188
1189
1189
1187
1188
1187
1188
1192
1194
1194
1194
1193
1193
1193
1193
1193
1193
1194
1193
1193
1193
1192
1193
1192
1193
1190
1190
1190
1191
1190
1191
1192
1192
1193
1192
1190
1190
1192
1193
1193
1192
1193
1197
1200
1198
1198
1198
1196
1197
1198
1196
1196
1196
1195
1195
1194
1195
1194
1195
1195
1195
1194
1194
1194
1193
1193
1195
1195
1193
1192
1193
1190
1189
1189
1190
1191
1190
1189
1188
1189
1188
1186
1184
1183
1191
1192
1193
1194
1196
1195
1191
1178
1205
1203
1203
1203
1203
1203
1206
1205
1210
1208
1200
1199
1198
1193
1194
1194
1194
1193
1194
1200
1200
1200
1200
1200
1200
1200
1200
1200
1200
1200
1200
1200
1199
1197
1198
1200
1200
1200
1200
1200
1200
1200
1200
1200
1199
1198
1198
1199
1199
1197
1196
1194
1194
1194
1193
1194
1192
1193
1194
1193
1191
1191
1190
1190
1190
1194
1192
1194
1195
1194
1194
1193
1194
1195
1193
1192
1193
1193
1192
1193
1193
1192
1193
1195
1190
1191
1190
1190
1189
1189
1189
1186
1186
1188
1187
1187
1186
1192
1192
1191
1192
1191
1191
1192
1193
1192
1193
1191
1191
1191
1191
1192
1193
1193
1191
1191
1193
1193
1192
1196
1192
1192
1192
1192
1190
1190
1190
1192
1192
1193
1193
1193
1193
1193
1190
1192
1193
1193
1190
1193
1194
1193
1194
1193
1193
1194
1192
1193
1193
1194
1194
1189
1188
1189
1187
1189
1187
1184
1183
1183
1182
1182
1183
1181
1181
1184
1184
1181
1183
1183
1183
1183
1183
1183
1181
1181
1181
1182
1179
1182
1178
1182
1181
1181
1181
1181
1181
1180
1178
1179
1180
1180
1178
1180
1177
1180
1180
1178
1178
1180
1180
1180
1178
1179
1178
1178
1181
1181
1180
1181
1178
1178
1181
1179
1184
1182
1185
1186
1186
1185
1185
1188
1188
1187
1187
1187
1185
1186
1182
1182
1186
1186
1186
1184
1187
1187
1187
1186
1186
1187
1184
1187
1186
1183
1181
1181
1182
1181
1179
1177
1180
1180
1180
1176
1177
1179
1180
1177
1178
1182
1182
1180
1182
1185
1185
1183
1185
1185
1184
1184
1181
1184
1184
1181
1181
1180
1176
1177
1182
1182
1182
1182
1181
1181
1181
1180
1177
1173
1182
1185
1185
1184
1186
1185
1186
1187
1187
1187
1187
1188
1184
1187
1183
1183
1186
1186
1186
1184
1183
1184
1186
1187
1187
1187
1189
1188
1188
1188
1182
1179
1180
1180
1182
1182
1182
1182
1189
1186
1188
1186
1186
1190
1192
1192
1192
1190
1186
1187
1187
1186
1188
1186
1191
1191
1188
1187
1187
1184
1180
1180
1179
1178
1179
1178
1179
1179
1180
1179
1180
1179
1181
1180
1176
1176
1176
1176
1177
1177
1176
1177
1176
1176
1178
1180
1177
1178
1179
1179
1178
1179
1175
1178
1175
1176
1177
1176
1175
1176
1178
1176
1175
1174
1173
1172
1176
1175
1173
1171
1171
1174
1176
1175
1175
1176
1178
1179
1179
1178
1178
1177
1177
1175
1174
1174
1175
1175
1177
1178
1175
1180
1181
1180
1174
1181
1179
1181
1181
1182
1183
1183
1184
1182
1182
1178
1175
1177
1177
1177
1176
1176
1176
1174
1170
1170
1170
1170
1170
1168
1168
1170
1167
1168
1170
1170
1171
1170
1169
1168
1170
1170
1170
1170
1170
1169
1168
1167
1166
1166
1169
1169
1168
1170
1171
1170
1168
1168
1168
1167
1167
1172
1173
1172
1170
1170
1170
1170
1171
1171
1173
1170
1173
1169
1170
1172
1168
1166
1166
1172
1172
1173
1172
1172
1174
1172
1172
1172
1174
1174
1175
1175
1175
1175
1174
1175
1175
1175
1175
1172
1172
1173
1170
1169
1164
1164
1164
1164
1164
1165
1163
1164
1165
1165
1165
1165
1163
1163
1161
1160
1160
1158
1158
1157
1155
1154
1153
1153
1153
1155
1153
1150
1153
1152
1155
1157
1157
1157
1157
1153
1151
1151
1151
1154
1154
1154
1154
1157
1157
1157
1156
1156
1154
1154
1154
1157
1157
1155
1154
1155
1152
1152
1152
1151
1150
1151
1150
1150
1149
1146
1146
1144
1143
1142
1142
1142
1140
1140
1142
1141
1141
1142
1141
1139
1139
1139
1138
1140
1140
1142
1142
1144
1144
1140
1137
1137
1137
1136
1137
1137
1138
1142
1137
1136
1137
1136
1137
1136
1136
1137
1137
1140
1142
1141
1142
1141
1140
1135
1137
1140
1146
1150
1150
1149
1150
1150
1152
1152
1151
1152
1152
1152
1150
1150
1148
1150
1150
1150
1152
1153
1153
1153
1152
1152
1151
1152
1151
1152
1153
1155
1154
1155
1155
1159
1156
1159
1159
1156
1150
1148
1147
1145
1141
1147
1148
1148
1148
1148
1150
1151
1152
1152
1152
1150
1152
1149
1150
1152
1153
1152
1152
1152
1152
1154
1151
1151
1151
1154
1154
1154
1153
1151
1153
1152
1152
1150
1151
1152
1154
1153
1149
1149
1147
1149
1149
1147
1140
1140
1144
1137
1136
1136
1132
1136
1138
1140
1140
1137
1142
1141
1136
1136
1136
1135
1134
1129
1135
1137
1141
1145
1134
1148
1152
1152
1154
1162
1158
1159
1162
1165
1158
1160
1158
1160
1157
1160
1158
1170
1172
1172
1175
1170
1175
1167
1167
1169
1169
1170
1169
1175
1174
1179
1179
1179
1179
1180
1180
1180
1180
1180
1178
1180
1178
1180
1180
1178
1178
1177
1180
1177
1180
1180
1182
1181
1179
1184
1184
1181
1180
1180
1179
1178
1179
1178
1179
1179
1179
1179
1180
1177
1177
1178
1177
1179
1178
1180
1180
1180
1180
1176
1176
1177
1177
1177
1178
1177
1180
1177
1180
1179
1178
1178
1181
1181
1180
1180
1180
1178
1180
1177
1178
1180
1180
1179
1177
1177
1179
1179
1180
1180
1180
1180
1180
1179
1173
1173
1175
1175
1175
1174
1174
1174
1172
1172
1172
1172
1174
1172
1178
1178
1176
1176
1176
1179
1179
1180
1179
1179
1178
1179
1178
1178
1182
1182
1182
1181
1182
1182
1181
1182
1182
1182
1182
1182
1182
1182
1182
1182
1182
1182
1182
1182
1182
1182
1182
1182
1182
1181
1182
1182
1182
1182
1182
1182
1182
1182
1181
1181
1180
1181
1180
1181
1181
1182
1180
1181
1180
1180
1182
1182
1178
1178
1178
1176
1180
1180
1177
1179
1178
1179
1180
1180
1182
1180
1180
1179
1179
1179
1180
1180
1180
1180
1180
1180
1180
1179
1180
1180
1180
1180
1180
1179
1179
1178
1174
1178
1178
1177
1177
1177
1176
1178
1179
1179
1179
1179
1180
1180
1180
1179
1180
1179
1177
1178
1173
1174
1168
1177
1178
1178
1177
1180
1180
1177
1177
1177
1175
1172
1176
1181
1179
1180
1183
1183
1183
1183
1183
1187
1183
1183
1189
1189
1187
1190
1189
1190
1190
1187
1187
1187
1187
1187
1192
1189
1189
1195
1195
1195
1194
1195
1199
1198
1200
1194
1203
1202
1194
1192
1191
1191
1192
1194
1194
1194
1193
1193
1193
1193
1192
1195
1190
1192
1194
1196
1199
1199
1199
1198
1197
1198
1201
1196
1196
1197
1197
1197
1197
1198
1197
1197
1198
1202
1199
1200
1197
1200
1200
1200
1201
1199
1192
1191
1190
1191
1188
1189
1191
1184
1182
1180
1181
1180
1182
1181
1175
1176
1176
1176
1175
1175
1173
1169
1168
1167
1168
1168
1167
1167
1166
1165
1167
1167
1167
1167
1164
1163
1168
1168
1167
1163
1169
1176
1177
1177
1177
1180
1181
1182
1183
1181
1175
1175
1176
1180
1184
1183
1183
1185
1181
1165
1180
1193
1193
1191
1169
1169
1169
1169
1169
1168
1169
1169
1170
1162
1161
1162
1161
1169
1166
1166
1159
1155
1153
1148
1160
1162
1158
1158
1146
1146
1145
1147
1150
1183
1203
1205
1212
1212
1213
1213
1211
1209
1209
1208
1210
1208
1208
1207
1205
1210
1210
1212
1214
1215
1215
1211
1211
1211
1209
1204
1201
1207
1209
1215
1215
1215
1210
1212
1207
1209
1210
1200
1200
1200
1197
1193
1195
1195
1195
1196
1194
1194
1195
1194
1194
1194
1191
1189
1189
1189
1184
1184
1183
1185
1183
1183
1183
1183
1182
1182
1183
1183
1182
1182
1184
1184
1181
1181
1184
1181
1180
1178
1180
1180
1181
1187
1186
1185
1188
1188
1188
1187
1187
1186
1183
1182
1180
1182
1182
1182
1182
1187
1170
1191
1193
1192
1192
1191
1190
1188
1187
1183
1182
1182
1179
1180
1181
1182
1182
1182
1182
1182
1181
1178
1176
1176
1176
1176
1167
1161
1160
1160
1161
1161
1159
1159
1159
1158
1160
1160
1161
1162
1161
1162
1162
1163
1161
1163
1165
1165
1165
1165
1164
1164
1163
1162
1164
1163
1163
1161
1161
1161
1159
1158
1158
1158
1160
1162
1161
1162
1163
1163
1163
1162
1162
1162
1166
1166
1167
1166
1166
1158
1158
1156
1155
1155
1154
1157
1155
1155
1155
1156
1154
1156
1152
1153
1155
1153
1152
1152
1155
1155
1153
1155
1155
1155
1155
1155
1157
1157
1157
1158
1158
1159
1160
1154
1154
1152
1152
1154
1153
1154
1151
1151
1150
1150
1150
1150
1151
1149
1149
1148
1148
1151
1151
1151
1151
1151
1151
1151
1151
1151
1151
1153
1153
1155
1156
1156
1156
1157
1157
1155
1156
1151
1150
1152
1149
1153
1153
1155
1155
1157
1157
1156
1156
1156
1151
1150
1145
1146
1146
1146
1146
1146
1146
1144
1141
1140
1139
1136
1132
1135
1134
1138
1136
1134
1137
1139
1136
1136
1140
1139
1140
1141
1142
1141
1140
1143
1135
1135
1131
1132
1131
1131
1133
1130
1129
1129
1129
1129
1129
1131
1131
1131
1132
1130
1130
1130
1130
1130
1129
1129
1131
1131
1131
1131
1130
1129
1129
1131
1129
1129
1131
1131
1131
1129
1130
1131
1129
1129
1130
1130
1130
1129
1129
1128
1128
1128
1128
1129
1128
1127
1127
1127
1127
1127
1127
1126
1127
1126
1127
1127
1126
1128
1127
1128
1128
1127
1128
1128
1126
1126
1126
1126
1125
1123
1128
1129
1129
1129
1129
1130
1130
1130
1131
1131
1131
1130
1132
1133
1133
1132
1132
1133
1133
1132
1133
1133
1133
1134
1133
1133
1132
1134
1133
1133
1133
1132
1133
1133
1132
1132
1132
1132
1132
1132
1132
1132
1133
1132
1133
1133
1131
1131
1131
1130
1132
1132
1131
1132
1130
1132
1130
1130
1130
1130
1132
1133
1135
1135
1135
1136
1134
1134
1133
1133
1134
1134
1135
1134
1132
1132
1129
1129
1129
1129
1130
1130
1130
1130
1131
1133
1133
1134
1136
1136
1136
1136
1136
1137
1137
1137
1137
1136
1140
1136
1139
1140
1142
1142
1143
1142
1143
1143
1141
1142
1140
1141
1139
1139
1139
1139
1140
1140
1140
1140
1139
1139
1139
1138
1139
1139
1138
1138
1138
1135
1134
1136
1134
1134
1134
1135
1136
1135
1138
1137
1137
1139
1139
1137
1136
1134
1131
1130
1130
1129
1125
1126
1125
1125
1125
1124
1124
1125
1126
1127
1129
1129
1130
1129
1129
1130
1130
1131
1131
1132
1131
1135
1135
1132
1132
1131
1130
1130
1130
1129
1131
1131
1130
1129
1129
1130
1127
1129
1127
1128
1126
1125
1125
1125
1126
1125
1125
1126
1126
1127
1127
1127
1127
1127
1130
1128
1127
1124
1125
1123
1124
1122
1122
1122
1121
1122
1121
1124
1119
1119
1120
1120
1120
1122
1123
1122
1121
1120
1122
1120
1119
1119
1120
1119
1120
1120
1121
1121
1120
1116
1117
1113
1119
1119
1119
1119
1118
1118
1115
1115
1115
1114
1114
1113
1113
1113
1114
1113
1112
1114
1114
1113
1113
1112
1112
1110
1110
1112
1110
1107
1107
1100
1110
1112
1112
1112
1112
1113
1111
1111
1111
1111
1112
1112
1112
1112
1114
1112
1110
1111
1109
1113
1113
1113
1112
1112
1112
1111
1111
1112
1112
1112
1112
1112
1112
1112
1115
1115
1112
1113
1113
1113
1111
1110
1108
1109
1107
1106
1108
1106
1105
1105
1106
1106
1105
1104
1105
1104
1107
1109
1111
1112
1111
1111
1112
1111
1111
1111
1111
1111
1110
1112
1112
1112
1112
1113
1113
1113
1115
1115
1115
1114
1115
1114
1114
1113
1114
1114
1112
1113
1115
1115
1111
1111
1119
1120
1117
1117
1115
1117
1111
1109
1109
1109
1110
1110
1115
1116
1115
1115
1115
1115
1115
1118
1118
1122
1122
1122
1123
1122
1123
1123
1124
1123
1120
1122
1118
1118
1113
1117
1122
1125
1123
1124
1125
1123
1125
1125
1125
1125
1125
1126
1126
1126
1125
1125
1125
1127
1127
1127
1125
1124
1121
1119
1123
1124
1125
1123
1125
1122
1124
1119
1117
1117
1116
1116
1116
1116
1116
1116
1116
1116
1113
1114
1115
1117
1116
1115
1115
1115
1114
1115
1115
1115
1113
1114
1114
1115
1115
1115
1115
1114
1114
1114
1115
1116
1116
1115
1117
1116
1115
1116
1113
1113
1113
1113
1113
1113
1113
1113
1113
1113
1114
1112
1113
1117
1119
1119
1119
1115
1115
1115
1115
1114
1114
1114
1113
1111
1106
1106
1106
1104
1104
1104
1104
1104
1103
1104
1103
1102
1103
1103
1102
1102
1102
1102
1103
1101
1103
1102
1101
1101
1102
1102
1100
1100
1100
1100
1099
1104
1108
1107
1108
1110
1107
1106
1105
1108
1107
1107
1107
1104
1106
1116
1115
1112
1112
1111
1113
1111
1112
1115
1114
1115
1115
1115
1115
1115
1114
1110
1109
1109
1111
1111
1113
1113
1113
1114
1114
1113
1113
1110
1108
1110
1109
1110
1109
1109
1109
1103
1104
1101
1101
1101
1101
1100
1100
1100
1097
1100
1098
1099
1098
1097
1096
1096
1096
1095
1094
1092
1094
1092
1092
1093
1094
1093
1093
1095
1096
1096
1097
1099
1098
1098
1092
1089
1088
1087
1084
1084
1086
1089
1087
1087
1088
1087
1089
1091
1092
1093
1094
1095
1095
1093
1092
1091
1093
1093
1083
1085
1084
1084
1083
1081
1080
1080
1080
1080
1080
1079
1079
1081
1082
1081
1080
1081
1081
1081
1081
1080
1083
1079
1080
1080
1078
1080
1080
1080
1078
1078
1080
1080
1078
1080
1080
1081
1081
1080
1080
1079
1078
1078
1078
1077
1077
1078
1078
1078
1079
1079
1082
1081
1080
1080
1079
1081
1083
1081
1082
1082
1083
1083
1081
1082
1080
1080
1079
1079
1080
1080
1079
1078
1079
1080
1083
1083
1085
1085
1084
1088
1087
1084
1081
1078
1076
1075
1066
1064
1061
1062
1061
1061
1061
1061
1060
1060
1060
1060
1060
1060
1060
1060
1060
1060
1060
1060
1060
1060
1060
1060
1060
1060
1060
1061
1060
1060
1063
1062
1063
1062
1060
1060
1062
1062
1062
1062
1062
1062
1060
1063
1063
1062
1062
1062
1062
1062
1062
1062
1062
1063
1062
1062
1062
1062
1062
1063
1062
1062
1062
1062
1060
1061
1062
1061
1061
1061
1060
1062
1062
1060
1062
1061
1061
1061
1062
1061
1061
1061
1060
1060
1060
1060
1060
1060
1061
1062
1063
1063
1064
1062
1063
1062
1064
1063
1063
1062
1063
1063
1063
1063
1064
1064
1062
1063
1063
1062
1062
1062
1062
1062
1062
1060
1059
1059
1059
1058
1060
1058
1059
1060
1061
1060
1060
1060
1061
1060
1059
1059
1060
1058
1061
1057
1057
1057
1058
1057
1057
1057
1057
1056
1057
1057
1056
1056
1056
1058
1057
1054
1054
1055
1055
1054
1054
1054
1054
1055
1054
1056
1056
1055
1055
1056
1058
1059
1057
1057
1058
1058
1057
1060
1057
1057
1057
1057
1057
1059
1059
1058
1057
1059
1059
1060
1059
1060
1060
1062
1062
1061
1060
1060
1060
1060
1060
1060
1060
1061
1061
1061
1059
1060
1058
1058
1059
1058
1053
1052
1052
1051
1051
1052
1051
1053
1053
1053
1051
1050
1051
1052
1051
1051
1051
1050
1050
1053
1050
1049
1048
1049
1047
1047
1047
1047
1047
1047
1047
1047
1048
1048
1047
1048
1048
1050
1050
1050
1048
1048
1048
1048
1048
1047
1046
1046
1046
1046
1044
1045
1045
1045
1044
1044
1044
1045
1045
1045
1045
1047
1048
1048
1049
1049
1049
1048
1049
1050
1048
1048
1048
1048
1048
1048
1049
1050
1051
1051
1051
1051
1053
1052
1050
1050
1049
1049
1048
1049
1049
1049
1050
1049
1050
1050
1049
1049
1050
1050
1050
1051
1051
1051
1051
1050
1050
1050
1050
1050
1050
1050
1050
1050
1052
1051
1051
1051
1051
1051
1051
1052
1052
1051
1051
1053
1052
1053
1052
1055
1055
1055
1055
1055
1055
1054
1054
1054
1054
1052
1052
1052
1052
1052
1052
1050
1052
1051
1050
1049
1050
1050
1048
1051
1051
1051
1050
1048
1048
1047
1047
1049
1049
1049
1048
1048
1047
1048
1047
1049
1049
1047
1047
1050
1048
1048
1047
1046
1048
1048
1047
1047
1046
1048
1048
1046
1047
1050
1050
1051
1051
1050
1050
1051
1051
1050
1051
1051
1051
1051
1051
1051
1052
1052
1053
1052
1051
1055
1052
1053
1053
1051
1052
1052
1052
1051
1050
1051
1051
1051
1051
1051
1052
1050
1050
1050
1052
1052
1052
1052
1049
1052
1052
1049
1052
1052
1051
1052
1052
1052
1052
1052
1049
1049
1049
1049
1049
1049
1050
1054
1051
1051
1053
1053
1050
1051
1052
1049
1051
1051
1050
1051
1052
1050
1049
1051
1050
1048
1049
1049
1048
1048
1050
1048
1050
1052
1054
1049
1049
1055
1055
1055
1055
1055
1055
1054
1055
1052
1054
1054
1056
1056
1057
1057
1057
1058
1059
1059
1059
1059
1060
1058
1059
1060
1057
1059
1057
1057
1062
1062
1062
1062
1062
1062
1062
1060
1060
1059
1061
1060
1060
1060
1061
1061
1061
1060
1060
1060
1060
1058
1058
1060
1060
1060
1057
1060
1060
1060
1059
1060
1057
1057
1060
1058
1058
1058
1059
1058
1058
1062
1062
1062
1062
1062
1062
1061
1061
1061
1061
1061
1061
1061
1061
1061
1061
1061
1057
1057
1057
1057
1058
1057
1056
1055
1055
1055
1055
1056
1055
1056
1055
1055
1054
1055
1055
1055
1055
1055
1056
1055
1056
1055
1055
1054
1054
1054
1054
1054
1055
1056
1052
1052
1052
1055
1051
1051
1052
1051
1051
1050
1051
1052
1051
1051
1051
1054
1054
1055
1054
1054
1054
1054
1056
1056
1054
1054
1056
1056
1055
1052
1054
1055
1054
1052
1051
1050
1050
1048
1051
1052
1053
1053
1053
1052
1052
1055
1052
1052
1055
1055
1055
1055
1054
1054
1055
1055
1055
1056
1056
1056
1056
1057
1058
1058
1058
1057
1056
1056
1057
1057
1055
1056
1056
1056
1056
1056
1055
1052
1055
1054
1053
1053
1056
1056
1058
1063
1063
1062
1062
1062
1062
1061
1062
1062
1062
1060
1062
1061
1063
1062
1060
1062
1062
1059
1059
1061
1062
1060
1060
1062
1060
1060
1060
1060
1062
1059
1059
1059
1059
1059
1059
1059
1059
1060
1061
1060
1062
1060
1060
1060
1061
1062
1062
1060
1062
1063
1062
1064
1065
1063
1063
1063
1061
1059
1061
1060
1066
1064
1065
1065
1065
1065
1066
1066
1067
1067
1066
1065
1064
1064
1064
1064
1063
1063
1065
1065
1065
1063
1064
1064
1064
1063
1065
1064
1065
1065
1065
1066
1065
1059
1056
1059
1059
1059
1060
1060
1058
1059
1058
1059
1059
1059
1059
1059
1056
1057
1059
1060
1062
1062
1061
1062
1062
1062
1060
1061
1061
1061
1061
1060
1062
1062
1062
1062
1063
1063
1062
1061
1061
1061
1061
1061
1062
1062
1062
1062
1061
1061
1061
1060
1060
1061
1061
1061
1062
1061
1063
1062
1063
1063
1063
1062
1062
1061
1061
1063
1063
1064
1066
1065
1064
1065
1065
1065
1068
1067
1065
1064
1065
1065
1064
1064
1064
1063
1064
1064
1063
1064
1064
1063
1065
1067
1067
1067
1067
1066
1066
1067
1067
1066
1068
1067
1065
1064
1064
1064
1064
1064
1064
1064
1064
1065
1065
1064
1064
1065
1065
1064
1064
1065
1064
1063
1066
1065
1066
1064
1066
1064
1067
1067
1067
1066
1066
1066
1068
1069
1068
1066
1066
1062
1062
1062
1062
1063
1063
1063
1063
1062
1063
1061
1062
1061
1060
1060
1060
1061
1059
1061
1061
1061
1063
1058
1058
1059
1060
1059
1058
1059
1059
1058
1058
1058
1057
1057
1057
1059
1057
1057
1057
1057
1057
1057
1057
1057
1057
1057
1055
1054
1056
1052
1053
1055
1056
1056
1056
1057
1057
1056
1056
1055
1054
1056
1054
1056
1058
1058
1058
1058
1058
1058
1061
1059
1060
1059
1059
1059
1058
1060
1061
1062
1061
1062
1062
1058
1059
1058
1058
1060
1059
1062
1060
1059
1059
1058
1060
1060
1062
1062
1062
1061
1061
1060
1060
1059
1059
1058
1057
1056
1057
1056
1056
1056
1056
1057
1059
1057
1056
1056
1054
1054
1053
1054
1054
1054
1054
1055
1055
1055
1055
1054
1055
1055
1055
1055
1054
1054
1054
1054
1055
1054
1055
1056
1056
1056
1056
1054
1054
1056
1056
1056
1056
1060
1060
1059
1058
1058
1061
1060
1060
1059
1060
1060
1062
1061
1059
1060
1058
1056
1056
1055
1055
1058
1057
1058
1057
1057
1058
1059
1058
1058
1057
1057
1057
1058
1058
1056
1059
1061
1063
1063
1061
1061
1056
1053
1056
1056
1056
1054
1053
1052
1052
1051
1048
1048
1047
1046
1046
1046
1042
1042
1041
1041
1042
1042
1042
1041
1040
1041
1039
1041
1042
1043
1043
1042
1040
1041
1040
1039
1039
1036
1036
1036
1036
1036
1046
1046
1043
1045
1048
1048
1046
1048
1048
1046
1047
1047
1047
1043
1045
1045
1045
1044
1043
1039
1039
1040
1040
1040
1040
1040
1039
1037
1038
1040
1039
1040
1040
1041
1041
1039
1037
1037
1037
1038
1036
1037
1037
1037
1037
1036
1036
1036
1036
1040
1039
1039
1040
1040
1041
1041
1039
1040
1039
1039
1041
1039
1040
1040
1040
1038
1038
1037
1037
1038
1035
1037
1037
1037
1035
1035
1033
1036
1034
1036
1037
1037
1038
1036
1036
1034
1034
1034
1034
1033
1034
1038
1037
1038
1038
1038
1038
1038
1038
1038
1036
1036
1037
1037
1037
1036
1036
1036
1036
1036
1036
1036
1035
1036
1036
1036
1036
1036
1036
1036
1035
1036
1036
1036
1035
1035
1032
1032
1034
1039
1039
1037
1037
1037
1039
1037
1039
1037
1036
1036
1035
1035
1037
1039
1034
1038
1038
1038
1039
1039
1039
1039
1038
1034
1036
1035
1036
1036
1033
1033
1033
1035
1035
1036
1035
1035
1034
1034
1033
1034
1033
1031
1034
1034
1034
1034
1034
1034
1033
1034
1034
1035
1035
1035
1034
1034
1028
1030
1033
1035
1034
1035
1034
1036
1035
1036
1036
1038
1036
1036
1037
1037
1037
1036
1037
1036
1037
1037
1037
1037
1037
1038
1040
1039
1039
1039
1040
1040
1040
1038
1038
1039
1038
1040
1040
1039
1039
1038
1040
1039
1038
1040
1040
1039
1035
1034
1035
1035
1034
1033
1032
1034
1036
1037
1038
1035
1037
1039
1039
1039
1038
1037
1037
1037
1037
1037
1035
1036
1036
1033
1033
1033
1033
1032
1033
1034
1034
1033
1034
1035
1035
1033
1033
1032
1029
1032
1031
1028
1028
1027
1026
1026
1024
1025
1026
1025
1025
1025
1023
1024
1024
1022
1022
1024
1024
1025
1025
1024
1024
1025
1024
1023
1023
1024
1024
1023
1022
1022
1022
1022
1022
1022
1023
1022
1023
1024
1025
1024
1024
1024
1024
1024
1024
1025
1023
1024
1024
1024
1021
1023
1021
1022
1022
1022
1023
1023
1023
1022
1023
1023
1022
1023
1023
1024
1024
1025
1025
1025
1024
1024
1024
1025
1024
1025
1024
1025
1025
1024
1025
1025
1025
1025
1025
1025
1025
1025
1025
1025
1025
1024
1025
1027
1027
1027
1024
1024
1024
1024
1022
1022
1020
1020
1019
1021
1019
1019
1018
1019
1019
1019
1019
1019
1019
1020
1023
1023
1023
1023
1022
1022
1022
1022
1022
1023
1023
1023
1022
1022
1022
1023
1022
1022
1022
1021
1021
1022
1021
1021
1023
1022
1021
1022
1021
1021
1022
1022
1020
1020
1023
1024
1022
1024
1023
1023
1024
1024
1023
1026
1026
1026
1025
1020
1018
1016
1015
1015
1014
1015
1014
1014
1014
1015
1013
1014
1013
1013
1014
1012
1012
1012
1012
1012
1012
1012
1014
1011
1013
1014
1013
1012
1011
1011
1011
1011
1011
1011
1011
1011
1011
1012
1011
1011
1011
1012
1011
1011
1011
1012
1012
1012
1012
1012
1010
1012
1013
1013
1013
1012
1012
1014
1012
1014
1014
1012
1012
1012
1012
1012
1013
1013
1013
1011
1012
1012
1012
1012
1012
1012
1012
1012
1012
1012
1012
1013
1013
1013
1013
1013
1013
1013
1013
1012
1012
1013
1012
1012
1012
1012
1012
1012
1012
1012
1011
1011
1010
1010
1010
1010
1010
1010
1010
1009
1009
1009
1009
1009
1009
1010
1009
1010
1010
1010
1009
1009
1009
1010
1009
1009
1010
1009
1009
1009
1009
1010
1009
1009
1008
1008
1009
1009
1009
1009
1009
1009
1008
1010
1010
1010
1010
1011
1011
1011
1011
1010
1010
1010
1010
1010
1010
1009
1010
1010
1010
1010
1010
1010
1010
1010
1010
1010
1010
1011
1011
1011
1011
1012
1012
1011
1012
1012
1011
1011
1011
1011
1011
1012
1011
1011
1011
1011
1011
1011
1012
1011
1012
1011
1010
1009
1011
1011
1010
1009
1010
1008
1008
1008
1007
1008
1008
1008
1007
1008
1007
1007
1006
1007
1007
1007
1008
1007
1007
1008
1007
1007
1007
1007
1008
1006
1006
1006
1006
1006
1005
1005
1005
1005
1005
1005
1005
1006
1006
1007
1007
1008
1007
1009
1009
1009
1009
1009
1006
1007
1007
1009
1008
1008
1007
1007
1008
1008
1008
1006
1006
1006
1006
1006
1005
1003
1005
1005
1005
1004
1003
1004
1003
1005
1006
1006
1005
1007
1006
1004
1001
1006
1007
1007
1006
1006
1007
1007
1007
1007
1007
1007
1008
1009
1007
1009
1009
1009
1009
1010
1009
1009
1008
1009
1009
1008
1008
1008
1009
1009
1008
1008
1008
1006
1006
1006
1006
1005
1007
1009
1009
1009
1009
1010
1010
1010
1010
1009
1009
1010
1010
1011
1011
1010
1010
1010
1010
1010
1010
1010
1011
1011
1011
1012
1011
1011
1011
1011
1011
1011
1011
1011
1011
1010
1010
1010
1011
1009
1009
1009
1005
1005
1012
1012
1012
1012
1012
1012
1012
1010
1010
1011
1012
1012
1012
1012
1012
1012
1011
1011
1010
1010
1010
1010
1010
1010
1010
1010
1010
1010
1010
1009
1009
1009
1010
1010
1010
1010
1010
1009
1008
1007
1006
1006
1006
1006
1006
1006
1006
1005
1006
1006
1005
1005
1006
1006
1007
1007
1007
1007
1006
1007
1006
1007
1007
1007
1008
1009
1008
1007
1008
1008
1007
1008
1008
1008
1008
1008
1008
1008
1008
1008
1008
1008
1008
1009
1009
1010
1010
1009
1009
1011
1010
1009
1009
1009
1009
1009
1011
1009
1010
1010
1009
1010
1010
1012
1010
1012
1011
1011
1010
1011
1010
1010
1011
1010
1010
1010
1011
1010
1009
1009
1009
1009
1008
1008
1008
1008
1008
1010
1009
1009
1007
1005
1006
1007
1005
1005
1005
1006
1007
1006
1005
1006
1005
1006
1005
1005
1006
1007
1008
1008
1008
1008
1009
1007
1009
1008
1004
1004
1002
1011
1011
1013
1011
1012
1012
1012
1012
1013
1013
1014
1014
1017
1017
1016
1017
1017
1017
1017
1017
1018
1017
1018
1017
1017
1016
1018
1017
1017
1018
1017
1016
1015
1015
1013
1016
1016
1014
1013
1013
1015
1016
1016
1017
1018
1018
1018
1017
1017
1015
1013
1015
1014
1014
1006
1004
1002
1004
1003
1003
1003
1003
1002
1002
1002
1002
1001
1001
1001
1002
1002
1002
1003
1002
1002
1002
1003
1002
1002
1001
1002
1002
1002
1002
1002
1002
1002
1002
1002
995
996
995
996
990
990
992
994
994
994
994
993
995
995
993
993
996
997
997
997
997
997
998
997
996
998
997
997
997
996
996
996
996
996
996
997
997
998
998
996
996
996
996
996
996
996
997
996
998
998
998
998
998
998
998
999
999
999
999
1000
1001
1001
1001
1001
1001
1001
1002
1001
1001
1001
1001
1001
1001
1001
1001
1000
1000
1000
1000
1000
1002
1001
1001
1001
1000
1000
1000
1000
1000
1000
999
999
1000
1000
1000
999
999
999
999
999
999
999
998
998
999
999
999
999
999
1000
998
998
998
998
998
999
998
998
998
999
998
998
998
998
998
998
998
1000
998
997
998
996
997
995
998
998
1000
998
1001
999
1000
1000
1001
1001
1002
1002
1002
1001
1001
999
999
999
998
998
997
997
997
997
997
997
997
996
996
995
996
996
997
997
995
997
996
996
996
996
996
995
994
995
995
995
996
996
997
997
995
997
997
997
994
997
996
996
995
997
996
996
997
997
996
997
996
995
994
996
997
994
994
997
997
994
994
996
995
995
995
996
995
996
996
996
995
993
993
994
993
993
993
995
995
995
995
995
996
996
997
998
999
998
997
997
997
998
996
993
996
996
996
994
998
997
995
997
994
995
994
995
995
995
995
993
995
995
995
995
994
992
991
993
995
994
995
995
994
994
993
994
993
995
994
993
993
992
993
991
994
994
992
993
992
990
992
990
990
990
989
977
987
986
988
981
1000
1004
1004
1005
1005
1006
1006
1006
1006
1006
1006
1006
1005
1005
1005
1005
1005
1005
1005
1006
1006
1006
1006
1006
1006
1006
1006
1006
1006
1006
1006
1005
1006
1006
1006
1006
1007
1007
1007
1007
1007
1007
1007
1007
1007
1007
1007
1007
1007
1007
1007
1005
1005
1007
1006
1005
1005
1006
1006
1006
1006
1006
1005
1005
1005
1004
1004
1004
1004
1004
1004
1004
1005
1005
1004
1004
1003
1003
1005
1003
1003
1003
1003
1003
1003
1003
1003
1003
1001
1000
1000
1000
1000
1001
1000
1001
1001
1001
1000
1000
1000
1000
1000
999
1000
1001
1001
1000
1000
1000
1001
1002
1002
1002
1002
1001
1002
1001
1001
1001
1001
1001
1001
1001
999
1000
1000
1000
1001
1001
1000
1000
1001
1001
1001
1000
1000
1000
1000
1000
1001
1000
999
1000
1001
1001
1000
1001
998
998
998
999
998
996
994
994
996
998
1001
1000
1000
999
1000
999
999
1000
1000
999
1000
1000
1000
1000
1000
1002
1000
1000
1001
1000
1000
1000
1000
1000
1000
1000
1000
1000
1000
1000
999
998
998
1000
999
1002
1003
1002
1003
1003
1003
1002
1002
1003
1003
1004
1002
1003
1003
1003
1003
1004
1003
1003
1003
1002
1004
1003
1003
1004
1002
1003
1003
1003
1001
1001
1001
1001
1000
1000
1000
1000
1000
1000
1001
1001
1001
1001
1000
1000
998
1001
1003
1003
1002
1003
1003
1003
1001
1001
1001
1001
1002
1002
1003
1005
1007
1008
1009
1009
1008
1008
1010
1008
1008
1009
1009
1008
1006
1006
1006
1006
1006
1006
1006
1006
1006
1006
1006
1006
1007
1006
1006
1006
1007
1008
1008
1007
1007
1007
1007
1007
1006
1007
1007
1007
1007
1007
1007
1007
1007
1007
1007
1007
1008
1006
1006
1006
1006
1006
1006
1006
1005
1005
1005
1005
1005
1005
1005
1005
1005
1005
1004
1004
1004
1004
1004
1004
1004
1004
1004
1003
1003
1004
1002
1002
1002
1002
1002
1004
1002
1002
1002
1001
1000
998
1000
1000
1000
999
1003
1002
1001
1002
1002
1002
1002
1002
1002
1003
1003
1003
1003
1003
1004
1004
1004
1004
1004
1003
1004
1007
1007
1007
1007
1007
1007
1007
1007
1007
1007
1008
1007
1007
1008
1007
1008
1008
1008
1007
1007
1008
1008
1008
1008
1008
1007
1007
1008
1009
1008
1008
1010
1010
1010
1010
1010
1010
1009
1009
1009
1010
1009
1009
1011
1008
1008
1008
1008
1008
1008
1008
1008
1008
1008
1008
1008
1008
1010
1009
1011
1010
1010
1010
1011
1008
1009
1008
1008
1011
1012
1012
1013
1011
1013
1014
1011
1013
1014
1013
1015
1013
1013
1013
1015
1014
1014
1013
1012
1012
1012
1011
1012
1012
1012
1014
1015
1015
1015
1015
1014
1013
1012
1012
1012
1010
1011
1014
1017
1015
1015
1015
1015
1015
1018
1016
1014
1015
1013
1013
1013
1013
1013
1013
1013
1013
1013
1013
1013
1013
1014
1014
1011
1011
1012
1012
1012
1012
1012
1011
1012
1012
1012
1016
1016
1016
1012
1011
1010
1009
1009
1009
1008
1008
1008
1007
1009
1009
1010
1010
1010
1009
1010
1007
1010
1010
1010
1007
1007
1006
1007
1009
1008
1006
1008
1008
1008
1006
1006
1007
1008
1007
1007
1008
1007
1008
1008
1011
1009
1010
1009
1010
1010
1011
1009
1009
1009
1011
1009
1009
1009
1009
1009
1011
1011
1010
1009
1009
1009
1009
1007
1009
1009
1009
1009
1009
1008
1009
1010
1010
1008
1009
1009
1009
1009
1006
1007
1010
1008
1008
1009
1010
1010
1006
1009
1007
1006
1006
1006
1006
1005
1003
1002
1005
1005
1006
1006
1009
1010
1011
1010
1012
1013
1014
1015
1012
1013
1013
1015
1013
1013
1013
1013
1013
1015
1015
1015
1015
1014
1015
1017
1016
1016
1017
1016
1016
1016
1016
1017
1017
1017
1019
1017
1017
1017
1017
1017
1018
1019
1018
1017
1016
1018
1014
1009
1009
1009
1007
1005
1007
1007
1008
1008
1006
1008
1005
1005
1003
1001
1002
1001
1001
1004
1004
1004
1005
1004
1005
1007
1007
1008
1006
1005
1006
1007
1007
1009
1009
1007
1006
1005
1006
1005
1005
1004
1004
1004
1004
1003
1003
1004
1003
1003
1003
1000
999
999
998
1000
999
998
998
998
998
1000
999
998
999
998
998
999
998
999
999
997
996
998
998
996
998
996
996
996
992
993
995
994
995
993
994
995
998
997
997
997
995
994
994
994
993
992
992
996
996
996
995
996
996
998
998
996
996
996
996
996
996
996
997
997
996
998
999
999
996
998
998
997
999
1001
1002
1002
1002
1004
999
1003
999
1000
1001
1001
1000
1000
999
998
998
998
995
998
1000
1004
1000
1008
997
997
997
997
995
995
994
997
995
993
991
991
990
989
990
990
988
990
990
987
987
986
987
988
988
989
988
988
987
987
985
985
985
984
984
985
986
985
986
988
984
982
981
980
981
981
981
980
977
980
980
978
981
980
979
980
980
978
979
978
974
974
976
973
973
976
972
972
974
974
974
975
981
980
972
973
972
974
972
975
973
974
973
973
969
970
969
967
966
967
967
967
966
966
967
966
966
968
968
967
968
968
966
966
967
966
967
967
967
968
967
967
968
968
968
968
968
969
969
969
968
968
968
969
970
970
972
966
973
974
974
975
974
975
975
973
974
975
974
974
973
972
972
973
974
976
977
977
976
976
974
973
973
972
971
970
969
971
969
968
971
971
971
972
968
965
964
966
968
959
962
959
957
958
958
958
958
959
960
963
964
962
962
960
954
953
953
957
959
963
963
969
967
968
966
970
970
973
974
973
975
978
974
979
973
970
974
974
974
969
966
965
965
962
965
964
965
965
965
964
965
962
969
970
971
970
974
974
976
976
975
975
974
979
983
984
984
983
984
985
982
981
980
980
980
980
982
982
983
983
983
983
981
982
982
981
982
981
981
981
980
979
982
981
977
976
976
976
974
974
977
974
975
975
973
971
972
972
975
972
971
968
967
967
966
965
965
968
968
969
969
969
969
970
973
973
976
976
975
973
974
973
972
962
969
978
982
982
981
984
982
982
982
981
988
990
988
988
987
987
987
982
980
981
981
980
980
980
980
980
979
979
980
979
977
979
978
979
978
977
971
971
971
971
971
971
973
975
974
969
972
974
976
976
976
974
974
974
978
977
977
972
967
965
960
960
963
962
962
961
958
960
964
960
962
959
955
951
954
954
957
956
959
960
964
964
968
969
968
967
966
973
972
977
978
977
978
982
979
980
983
984
987
984
983
984
976
976
976
978
976
983
987
987
990
990
991
990
989
988
988
988
983
988
988
983
983
986
978
980
980
980
980
985
969
968
963
963
960
958
967
965
962
956
970
962
961
944
954
958
960
970
968
987
983
982
976
987
999
998
1000
1013
1013
1031
1030
1047
1056
1056
1055
1062
1063
1062
1062
1061
1061
1063
1063
1062
1063
1064
1062
1063
1065
1065
1065
1065
1065
1065
1064
1065
1065
1064
1065
1064
1065
1066
1066
1065
1066
1066
1066
1066
1065
1066
1064
1063
1063
1064
1063
1062
1063
1062
1062
1063
1062
1062
1062
1062
1062
1063
1065
1064
1063
1065
1063
1064
1063
1061
1060
1060
1061
1061
1060
1062
1062
1062
1063
1064
1067
1066
1064
1061
1060
1049
1062
1063
1063
1064
1063
1062
1063
1069
1067
1067
1068
1070
1069
1069
1068
1065
1065
1068
1068
1073
1071
1071
1072
1072
1071
1072
1072
1072
1069
1069
1070
1071
1070
1070
1070
1070
1074
1074
1074
1072
1072
1070
1070
1070
1069
1069
1069
1069
1069
1069
1068
1069
1070
1070
1069
1070
1069
1069
1066
1066
1066
1065
1067
1065
1064
1064
1064
1062
1062
1061
1060
1060
1060
1060
1060
1061
1059
1059
1058
1057
1057
1058
1058
1060
1061
1061
1065
1065
1060
1059
1059
1059
1057
1057
1055
1053
1053
1052
1052
1052
1051
1050
1051
1052
1051
1054
1056
1057
1057
1057
1057
1057
1057
1056
1056
1055
1055
1055
1055
1055
1056
1055
1056
1056
1057
1058
1058
1059
1058
1059
1059
1059
1057
1059
1059
1059
1059
1059
1052
1052
1053
1054
1053
1053
1058
1058
1059
1060
1060
1062
1062
1062
1063
1063
1062
1062
1059
1060
1060
1059
1058
1059
1057
1058
1057
1058
1058
1059
1059
1059
1059
1058
1059
1058
1059
1060
1059
1059
1059
1059
1058
1058
1057
1058
1058
1057
1058
1058
1057
1057
1056
1054
1054
1052
1053
1054
1051
1052
1052
1051
1053
1053
1053
1053
1056
1055
1056
1056
1056
1056
1056
1056
1058
1057
1057
1056
1056
1057
1056
1056
1054
1055
1054
1054
1049
1049
1047
1047
1048
1048
1046
1044
1043
1044
1044
1044
1044
1043
1043
1043
1043
1043
1043
1042
1042
1042
1041
1041
1042
1043
1040
1040
1040
1040
1039
1040
1039
1040
1040
1040
1040
1036
1034
1034
1035
1036
1034
1041
1044
1045
1045
1045
1045
1046
1046
1046
1045
1045
1044
1045
1046
1045
1047
1045
1045
1042
1041
1039
1039
1037
1039
1039
1039
1038
1038
1036
1033
1033
1032
1032
1032
1032
1032
1032
1032
1035
1030
1028
1034
1034
1036
1037
1037
1040
1038
1038
1038
1035
1033
1033
1030
1031
1031
1040
1059
1068
1068
1067
1067
1068
1068
1068
1068
1068
1068
1066
1069
1069
1066
1067
1067
1066
1066
1066
1066
1066
1066
1066
1066
1066
1066
1066
1068
1067
1068
1066
1068
1067
1066
1066
1068
1068
1070
1070
1068
1068
1069
1069
1068
1068
1069
1068
1067
1067
1068
1067
1067
1067
1067
1066
1065
1064
1064
1066
1064
1064
1064
1063
1064
1064
1062
1061
1061
1060
1061
1064
1063
1065
1064
1061
1061
1061
1061
1060
1059
1058
1063
1064
1064
1064
1064
1064
1064
1064
1064
1062
1061
1058
1056
1056
1056
1055
1055
1055
1055
1054
1054
1054
1054
1053
1052
1053
1051
1053
1054
1054
1053
1053
1054
1054
1054
1053
1054
1053
1053
1052
1053
1052
1053
1053
1052
1052
1051
1050
1050
1050
1050
1050
1050
1052
1052
1051
1052
1051
1051
1052
1050
1050
1049
1049
1049
1049
1049
1047
1047
1047
1047
1046
1047
1048
1048
1046
1046
1048
1048
1048
1048
1048
1049
1049
1048
1048
1048
1049
1049
1049
1049
1048
1049
1049
1049
1049
1049
1048
1050
1049
1050
1050
1049
1049
1049
1048
1048
1048
1048
1048
1047
1047
1047
1047
1047
1047
1047
1047
1047
1047
1048
1047
1048
1047
1047
1048
1046
1046
1046
1046
1047
1047
1047
1047
1046
1046
1047
1046
1049
1050
1052
1053
1053
1052
1052
1052
1054
1054
1054
1054
1053
1053
1053
1053
1053
1053
1052
1051
1051
1050
1050
1050
1051
1051
1051
1050
1050
1050
1050
1050
1050
1050
1050
1050
1049
1048
1048
1048
1048
1049
1048
1048
1049
1048
1048
1049
1050
1047
1046
1046
1047
1046
1046
1048
1046
1047
1047
1047
1046
1046
1045
1045
1046
1046
1044
1044
1043
1043
1044
1044
1043
1043
1043
1045
1043
1043
1045
1045
1044
1045
1045
1044
1044
1045
1044
1042
1045
1044
1045
1045
1045
1045
1042
1042
1042
1042
1043
1045
1044
1042
1043
1043
1042
1043
1043
1045
1044
1045
1046
1044
1046
1046
1046
1047
1045
1045
1041
1041
1040
1040
1041
1038
1036
1036
1037
1037
1036
1036
1033
1033
1034
1035
1035
1035
1035
1035
1035
1035
1035
1035
1035
1037
1035
1035
1034
1037
1035
1036
1036
1035
1033
1033
1031
1032
1030
1029
1030
1030
1028
1027
1027
1028
1028
1029
1029
1028
1028
1029
1028
1029
1029
1026
1026
1028
1027
1026
1028
1028
1027
1026
1026
1026
1025
1025
1025
1026
1025
1027
1027
1027
1027
1027
1027
1026
1028
1028
1025
1025
1025
1025
1025
1025
1025
1025
1025
1024
1023
1022
1022
1022
1022
1022
1022
1022
1023
1023
1023
1023
1023
1023
1023
1024
1024
1024
1024
1024
1023
1024
1023
1024
1024
1024
1023
1024
1025
1023
1023
1023
1024
1023
1024
1023
1024
1023
1024
1026
1024
1023
1026
1025
1024
1024
1026
1026
1025
1025
1025
1025
1024
1024
1023
1023
1023
1023
1023
1023
1023
1023
1023
1023
1023
1022
1024
1021
1021
1021
1020
1020
1020
1020
1020
1020
1020
1020
1020
1020
1020
1020
1020
1020
1020
1019
1020
1020
1020
1020
1020
1019
1020
1020
1019
1019
1019
1019
1019
1020
1020
1019
1020
1020
1020
1020
1020
1020
1021
1022
1021
1020
1020
1021
1021
1020
1022
1022
1022
1023
1023
1022
1023
1023
1023
1023
1023
1023
1023
1023
1022
1022
1023
1023
1022
1022
1022
1022
1022
1021
1022
1023
1022
1023
1023
1023
1022
1023
1024
1024
1024
1024
1022
1021
1021
1019
1018
1022
1022
1022
1022
1023
1022
1023
1024
1024
1024
1024
1023
1023
1025
1024
1025
1025
1024
1023
1023
1022
1023
1021
1022
1021
1021
1021
1020
1029
1029
1029
1029
1029
1029
1029
1029
1031
1031
1030
1030
1027
1028
1026
1029
1029
1029
1029
1028
1028
1028
1028
1027
1026
1025
1025
1025
1025
1025
1023
1024
1023
1023
1024
1023
1023
1022
1022
1022
1022
1022
1022
1022
1022
1022
1021
1021
1020
1022
1021
1020
1020
1020
1019
1020
1020
1021
1021
1021
1021
1021
1023
1022
1021
1022
1019
1019
1020
1020
1020
1020
1019
1018
1018
1018
1018
1017
1017
1017
1017
1017
1017
1017
1017
1016
1016
1016
1016
1016
1016
1017
1019
1019
1019
1019
1018
1018
1017
1017
1016
1016
1018
1018
1018
1019
1015
1016
1016
1015
1015
1016
1015
1015
1015
1015
1016
1016
1016
1016
1016
1017
1018
1018
1018
1016
1015
1014
1015
1014
1014
1014
1014
1015
1015
1015
1015
1015
1013
1010
1010
1010
1010
1010
1011
1011
1011
1012
1012
1012
1015
1015
1015
1013
1013
1013
1012
1011
1010
1008
1009
1010
1010
1010
1010
1010
1008
1009
1011
1009
1009
1010
1010
1009
1008
1008
1010
1009
1010
1006
1006
1005
1009
1011
1010
1013
1013
1012
1012
1013
1012
1012
1012
1010
1010
1008
1008
1008
1007
1007
1007
1007
1006
1006
1008
1005
1005
1005
1006
1006
1006
1006
1006
1005
1007
1006
1006
1007
1006
1007
1009
1009
1010
1012
1008
1008
1007
1007
1007
1006
1006
1008
1008
1008
1009
1007
1007
1012
1014
1014
1016
1016
1015
1017
1016
1016
1015
1015
1016
1015
1015
1016
1015
1015
1013
1012
1011
1010
1015
1014
1016
1017
1017
1017
1017
1017
1017
1017
1018
1017
1015
1015
1015
1015
1016
1018
1018
1014
1017
1017
1017
1017
1017
1018
1017
1017
1017
1015
1015
1014
1014
1012
1008
1008
1006
1012
1015
1015
1016
1016
1017
1018
1020
1019
1019
1019
1019
1019
1019
1019
1018
1017
1021
1023
1023
1022
1024
1022
1023
1023
1023
1022
1022
1022
1023
1023
1023
1023
1020
1019
1019
1019
1019
1019
1020
1021
1023
1028
1028
1028
1028
1028
1029
1029
1029
1029
1029
1029
1029
1030
1030
1029
1029
1029
1029
1029
1029
1029
1030
1029
1029
1028
1028
1029
1029
1028
1028
1028
1028
1029
1028
1028
1028
1027
1028
1028
1029
1029
1029
1029
1029
1029
1029
1029
1030
1030
1029
1029
1029
1029
1030
1030
1029
1029
1029
1030
1029
1029
1029
1029
1029
1029
1029
1028
1028
1028
1028
1028
1026
1026
1027
1026
1025
1025
1025
1025
1025
1025
1025
1025
1025
1025
1025
1025
1025
1025
1025
1025
1025
1025
1025
1026
1026
1026
1026
1026
1026
1027
1029
1030
1031
1030
1030
1030
1030
1030
1031
1031
1031
1032
1032
1031
1032
1030
1029
1029
1029
1029
1030
1032
1032
1032
1032
1032
1033
1033
1034
1034
1032
1032
1030
1030
1028
1028
1027
1027
1027
1028
1028
1028
1027
1029
1031
1030
1031
1030
1033
1033
1033
1033
1034
1033
1033
1032
1032
1034
1034
1035
1035
1034
1035
1035
1033
1033
1033
1032
1033
1032
1030
1027
1026
1027
1027
1026
1028
1028
1028
1028
1028
1026
1028
1028
1028
1028
1027
1026
1026
1030
1030
1030
1030
1030
1031
1031
1034
1033
1034
1036
1036
1035
1036
1036
1035
1035
1034
1034
1034
1035
1035
1036
1036
1033
1033
1032
1031
1029
1028
1033
1036
1036
1035
1036
1036
1036
1038
1037
1037
1034
1034
1034
1034
1034
1033
1032
1039
1041
1043
1038
1039
1036
1032
1030
1031
1031
1032
1032
1031
1031
1031
1028
1027
1023
1026
1021
1015
1015
1015
1015
1015
1015
1015
1015
1015
1015
1013
1013
1013
1013
1013
1013
1013
1013
1013
1013
1014
1012
1011
1011
1011
1013
1015
1015
1013
1013
1013
1013
1013
1013
1013
1013
1013
1013
1012
1012
1012
1012
1011
1011
1011
1012
1012
1012
1011
1011
1012
1011
1011
1011
1012
1012
1011
1011
1011
1010
1011
1011
1011
1010
1010
1011
1011
1011
1011
1011
1010
1010
1010
1010
1010
1010
1012
1011
1010
1011
1011
1011
1011
1010
1010
1010
1009
1008
1008
1009
1009
1008
1008
1010
1010
1010
1010
1009
1008
1008
1006
1005
1004
1005
1005
1008
1007
1007
1006
1006
1007
1007
1008
1009
1009
1009
1009
1009
1009
1012
1011
1014
1013
1015
1014
1013
1013
1013
1014
1013
1015
1014
1013
1013
1013
1012
1012
1012
1012
1011
1010
1011
1011
1011
1011
1010
1010
1010
1010
1010
1007
1006
1006
1005
1005
1005
1005
1008
1008
1011
1012
1011
1011
1011
1011
1011
1011
1010
1009
1009
1011
1011
1010
1010
1011
1012
1012
1009
1011
1011
1012
1012
1011
1011
1009
1009
1008
1008
1007
1011
1010
1013
1014
1014
1014
1014
1013
1014
1011
1014
1011
1014
1017
1017
1019
1020
1019
1019
1019
1020
1020
1020
1019
1020
1020
1019
1017
1018
1018
1018
1018
1018
1016
1016
1015
1016
1020
1020
1019
1019
1018
1018
1017
1017
1017
1017
1017
1015
1015
1017
1016
1015
1014
1014
1014
1014
1014
1014
1014
1014
1014
1014
1014
1014
1012
1012
1012
1011
1012
1011
1010
1011
1011
1011
1010
1010
1010
1010
1011
1010
1010
1010
1012
1012
1012
1009
1009
1009
1008
1009
1009
1009
1010
1011
1011
1011
1011
1012
1011
1011
1011
1012
1012
1011
1012
1013
1013
1014
1015
1015
1015
1016
1016
1016
1016
1016
1016
1016
1016
1015
1015
1015
1015
1015
1015
1016
1016
1015
1014
1013
1015
1016
1013
1013
1013
1017
1017
1017
1017
1017
1017
1017
1017
1016
1015
1016
1016
1017
1016
1015
1014
1014
1012
1013
1013
1014
1014
1014
1015
1013
1014
1013
1012
1012
1012
1012
1012
1011
1012
1012
1010
1010
1010
1010
1010
1009
1010
1009
1009
1007
1008
1007
1008
1005
1004
1007
1002
1000
1001
999
1000
1001
1001
999
998
996
997
990
1006
1005
1005
1004
1002
1000
1001
1001
1005
1006
1006
1006
1008
1007
1007
1008
1007
1008
1010
1010
1010
1010
1011
1012
1013
1011
1011
1013
1013
1013
1013
1011
1017
1018
1017
1019
1011
1009
1010
1009
1009
1008
1009
1010
1010
1009
1008
1010
1011
1011
1014
1014
1013
1017
1017
1018
1018
1019
1018
1018
1017
1017
1019
1016
1016
1012
1015
1015
1015
1015
1013
1013
1009
1007
1005
1004
1000
999
999
999
998
995
1010
1018
1019
1022
1022
1021
1020
1020
1019
1018
1016
1015
1018
1018
1020
1020
1020
1020
1020
1018
1019
1019
1018
1017
1019
1020
1020
1018
1020
1019
1020
1019
1019
1019
1019
1017
1017
1017
1016
1014
1015
1015
1015
1014
1015
1016
1016
1016
1017
1016
1016
1014
1013
1013
1013
1012
1013
1014
1016
1017
1016
1015
1015
1015
1015
1015
1014
1014
1012
1014
1013
1011
1011
1014
1014
1013
1012
1007
1007
1007
1007
1008
1008
1008
1007
1006
1005
1007
1008
1008
1009
1009
1009
1009
1008
1009
1009
1009
1007
1007
1007
1006
1007
1007
1007
1007
1007
1009
1009
1009
1010
1007
1005
1006
1006
1010
1011
1011
1010
1010
1009
1009
1007
1007
1007
1006
1002
1002
1002
1002
1002
1001
1001
1001
1001
1001
1001
1001
1002
1002
1002
1001
1000
1002
1000
1001
1001
1002
1003
1003
1002
1003
1002
1002
1001
1002
1002
1002
1000
1002
1002
1001
1001
1001
1000
1000
1001
998
999
999
999
999
999
1000
1001
1000
1001
1001
1001
999
999
999
999
999
999
1002
1003
1002
1002
1001
1001
1001
1002
1000
998
999
1002
1005
1002
1003
1003
1003
1003
1002
1002
1002
1002
1001
1001
1000
998
998
997
995
994
994
994
994
995
994
994
993
993
993
993
993
993
993
993
993
993
993
993
993
992
992
992
992
992
994
994
993
993
992
992
992
991
992
991
991
992
992
994
993
995
993
993
992
992
992
990
990
989
989
990
988
987
986
986
987
989
989
989
992
992
992
995
995
995
994
995
995
993
990
989
990
991
991
991
992
993
992
991
990
990
990
989
990
990
989
988
989
990
990
989
989
991
991
991
989
988
988
989
989
985
985
985
985
985
984
984
984
985
984
986
986
986
987
987
987
987
987
987
987
987
987
986
986
986
981
981
981
982
981
982
983
982
982
982
981
981
980
980
980
980
981
980
980
980
979
981
982
981
982
981
981
980
980
980
978
978
978
978
978
978
981
983
983
983
984
982
982
982
982
979
979
988
988
988
988
987
988
988
987
988
988
987
988
988
988
987
987
988
988
988
988
988
988
987
984
984
984
984
983
983
983
982
984
983
984
984
983
984
983
983
984
983
983
985
980
979
980
980
980
980
980
980
980
976
976
976
976
976
976
976
975
975
975
975
975
975
976
974
975
974
975
975
975
975
975
974
974
974
974
974
975
975
975
975
974
974
975
975
976
977
976
976
975
974
973
972
972
973
972
974
976
975
975
974
974
974
974
974
973
973
975
973
972
970
971
971
971
971
971
972
971
971
971
970
970
970
972
972
971
971
971
970
970
969
968
968
968
968
968
968
968
967
967
967
968
968
968
968
966
967
967
967
967
966
967
967
966
966
966
966
965
966
968
968
968
968
969
969
968
968
968
968
969
968
968
968
968
969
968
968
968
968
965
965
965
965
967
967
967
966
966
965
965
965
964
964
965
965
967
967
966
967
967
967
967
967
967
968
968
968
968
967
967
967
967
965
966
966
966
965
965
964
965
964
964
966
964
962
962
967
969
970
970
969
970
973
973
973
974
975
976
976
976
975
974
973
973
972
972
971
972
972
973
973
973
973
973
973
972
973
973
975
973
972
972
972
972
972
972
972
972
972
971
971
972
972
970
971
971
971
971
972
970
970
970
969
969
970
970
970
970
970
970
969
969
970
970
970
970
969
969
970
970
970
969
968
967
968
968
968
968
968
968
967
967
967
967
965
965
967
967
965
964
967
970
970
971
971
971
970
970
970
970
969
969
969
970
969
969
969
969
969
971
971
971
971
968
968
971
971
975
974
972
971
971
971
970
970
971
975
974
970
970
969
969
969
968
968
968
968
968
967
966
966
966
965
963
964
965
965
964
964
964
964
964
967
967
967
965
965
965
964
962
963
964
964
964
964
964
965
964
964
963
965
968
967
960
959
959
959
958
957
957
957
958
954
954
953
953
952
952
952
953
951
951
951
950
950
951
951
951
951
952
951
953
953
954
954
954
956
956
956
955
955
955
954
955
954
954
955
957
956
957
957
956
957
957
957
957
956
956
956
956
956
955
954
954
954
953
953
953
953
949
954
956
954
954
952
953
953
955
952
955
958
961
961
961
961
960
960
960
961
960
960
958
954
954
954
954
953
954
955
955
955
955
953
952
952
951
951
951
952
953
953
953
952
951
952
951
951
951
952
952
952
953
953
953
954
953
953
954
955
953
956
957
958
955
955
950
950
949
949
949
948
947
944
942
940
939
936
935
935
935
935
935
935
935
933
934
934
934
934
934
934
934
934
934
934
934
934
934
934
934
935
935
935
