3689
3688
3685
3686
3681
3689
3685
3680
3683
3689
3688
3695
3695
3684
3681
3680
3680
3676
3671
3668
3666
3672
3667
3670
3679
3675
3675
3679
3683
3684
3680
3679
3679
3683
3683
3683
3675
3681
3672
3674
3679
3681
3677
3676
3679
3676
3689
3677
3679
3670
3724
3731
3749
3747
3747
3742
3742
3743
3743
3743
3743
3740
3744
3749
3742
3747
3755
3753
3752
3755
3755
3756
3754
3748
3751
3747
3746
3746
3746
3746
3746
3748
3752
3749
3749
3751
3744
3747
3748
3758
3757
3757
3752
3755
3762
3760
3763
3762
3761
3763
3759
3753
3759
3763
3762
3763
3760
3770
3771
3769
3764
3764
3769
3773
3775
3765
3774
3765
3766
3760
3772
3785
3774
3776
3759
3757
3753
3757
3760
3755
3751
3752
3752
3750
3752
3749
3754
3751
3756
3758
3758
3759
3757
3757
3757
3756
3760
3761
3759
3754
3754
3756
3756
3754
3753
3748
3750
3750
3750
3747
3749
3749
3744
3743
3737
3745
3745
3743
3738
3739
3734
3742
3746
3740
3752
3750
3743
3793
3800
3796
3795
3798
3797
3795
3798
3802
3805
3802
3799
3803
3799
3794
3796
3795
3798
3796
3795
3805
3805
3797
3795
3796
3783
3783
3780
3783
3784
3779
3785
3783
3775
3778
3782
3777
3778
3782
3784
3784
3778
3777
3777
3773
3773
3773
3780
3779
3783
3783
3785
3784
3784
3783
3784
3786
3789
3790
3788
3787
3786
3787
3786
3786
3785
3785
3783
3785
3786
3786
3786
3784
3781
3782
3781
3783
3775
3774
3775
3784
3784
3784
3782
3786
3787
3783
3785
3784
3784
3785
3787
3788
3790
3791
3785
3784
3782
3787
3788
3790
3786
3783
3783
3782
3781
3787
3784
3783
3781
3783
3785
3775
3778
3776
3774
3771
3774
3775
3778
3780
3776
3785
3786
3785
3795
3792
3797
3796
3794
3796
3796
3794
3792
3795
3787
3799
3799
3795
3796
3802
3802
3805
3808
3818
3825
3825
3821
3819
3826
3827
3824
3827
3827
3819
3820
3826
3828
3826
3822
3827
3825
3837
3817
3817
3820
3822
3821
3816
3820
3819
3819
3823
3816
3820
3821
3817
3817
3816
3825
3820
3817
3826
3824
3815
3811
3807
3809
3804
3814
3823
3825
3832
3818
3818
3816
3816
3815
3813
3811
3811
3817
3817
3816
3816
3821
3819
3816
3812
3818
3809
3809
3793
3807
3805
3817
3820
3823
3818
3819
3820
3813
3818
3820
3813
3810
3811
3808
3799
3809
3807
3806
3812
3812
3808
3819
3819
3824
3824
3820
3817
3814
3821
3821
3811
3812
3809
3807
3805
3804
3798
3798
3796
3808
3801
3809
3809
3809
3803
3806
3807
3811
3816
3814
3811
3811
3813
3809
3809
3808
3800
3803
3805
3802
3802
3798
3802
3803
3796
3800
3803
3798
3785
3780
3796
3793
3785
3788
3798
3805
3807
3805
3803
3812
3806
3808
3816
3815
3802
3807
3806
3791
3795
3786
3797
3788
3834
3835
3826
3825
3828
3822
3835
3835
3830
3832
3831
3832
3835
3836
3831
3825
3825
3825
3824
3825
3829
3826
3827
3833
3834
3830
3834
3834
3835
3838
3837
3836
3840
3832
3847
3843
3793
3786
3782
3784
3777
3785
3779
3754
3755
3755
3754
3754
3752
3755
3755
3755
3756
3754
3755
3759
3759
3759
3758
3757
3759
3754
3753
3753
3752
3756
3755
3757
3758
3758
3754
3751
3750
3757
3754
3754
3754
3754
3753
3755
3751
3758
3755
3754
3751
3754
3753
3752
3751
3752
3750
3750
3747
3755
3752
3756
3756
3761
3757
3749
3750
3747
3745
3749
3747
3745
3743
3738
3738
3736
3740
3738
3741
3733
3735
3734
3735
3730
3729
3731
3731
3731
3734
3735
3735
3735
3738
3737
3737
3738
3740
3741
3742
3741
3738
3738
3738
3735
3739
3740
3734
3736
3738
3737
3736
3738
3737
3734
3728
3728
3728
3722
3724
3725
3732
3735
3723
3730
3730
3735
3730
3725
3726
3728
3730
3729
3722
3723
3728
3717
3722
3740
3854
3907
3915
3917
3914
3900
3899
3898
3896
3895
3894
3901
3905
3905
3910
3905
3913
3910
3907
3909
3908
3909
3901
3911
3911
3910
3915
3913
3910
3904
3900
3900
3894
3913
3900
3895
3860
3859
3855
3859
3860
3859
3853
3858
3858
3856
3855
3864
3867
3843
3839
3842
3838
3838
3835
3834
3832
3834
3829
3826
3831
3836
3832
3837
3844
3839
3839
3846
3843
3843
3839
3837
3841
3841
3843
3844
3835
3840
3840
3837
3829
3830
3834
3834
3836
3835
3840
3835
3831
3832
3830
3836
3835
3840
3833
3832
3846
3845
3839
3837
3827
3836
3821
3865
3874
3874
3877
3870
3870
3874
3875
3872
3872
3872
3878
3879
3875
3868
3868
3869
3869
3866
3873
3869
3869
3868
3867
3862
3859
3854
3863
3867
3875
3872
3875
3869
3877
3879
3882
3882
3882
3882
3872
3872
3871
3871
3874
3875
3878
3879
3880
3883
3874
3877
3873
3865
3860
3860
3860
3860
3865
3865
3865
3860
3866
3867
3869
3867
3867
3864
3864
3864
3864
3864
3867
3859
3867
3867
3863
3859
3853
3852
3850
3856
3856
3855
3845
3864
3859
3861
3858
3864
3884
3890
3891
3890
3890
3885
3885
3889
3879
3883
3889
3913
3909
3922
3893
3897
3897
3898
3898
3898
3902
3900
3899
3895
3902
3896
3893
3896
3906
3897
3895
3896
3884
3882
3882
3881
3883
3880
3883
3886
3887
3885
3885
3888
3886
3887
3890
3889
3890
3885
3883
3884
3879
3880
3873
3881
3879
3881
3876
3876
3882
3885
3885
3885
3883
3879
3881
3882
3880
3878
3878
3880
3882
3885
3885
3890
3879
3883
3880
3881
3882
3878
3885
3885
3883
3883
3880
3876
3880
3880
3880
3884
3885
3885
3886
3884
3882
3892
3895
3895
3893
3889
3891
3894
3895
3893
3890
3890
3892
3887
3880
3879
3878
3878
3878
3874
3876
3883
3886
3886
3897
3900
3900
3905
3900
3901
3896
3896
3888
3894
3890
3893
3894
3887
3900
3890
3895
3895
3892
3902
3902
3898
3901
3897
3910
3909
3913
3905
3890
3887
3879
3875
3874
3880
3887
3887
3881
3878
3886
3887
3873
3857
3879
3879
3879
3875
3887
3883
3880
3879
3888
3899
3892
3907
3908
3905
3901
3905
3904
3902
3890
3892
3899
3899
3892
3905
3905
3907
3903
3891
3890
3890
3885
3885
3881
3878
3885
3885
3882
3881
3876
3877
3880
3875
3908
3910
3914
3909
3922
3914
3917
3915
3904
3967
3920
3871
3874
3875
3866
3858
3853
3846
3862
3864
3853
3853
3850
3853
3856
3851
3856
3852
3853
3850
3855
3861
3850
3849
3844
3841
3842
3846
3844
3848
3847
3849
3849
3854
3850
3852
3856
3848
3845
3852
3851
3866
3861
3869
3880
3851
3832
3839
3815
3790
3662
3633
3634
3629
3621
3616
3615
3617
3615
3616
3609
3610
3609
3609
3608
3604
3607
3610
3611
3612
3610
3613
3609
3608
3607
3607
3607
3609
3607
3610
3605
3606
3608
3603
3607
3609
3613
3614
3614
3610
3608
3611
3609
3616
3613
3612
3613
3616
3616
3607
3607
3603
3607
3610
3617
3618
3624
3627
3634
3633
3626
3614
3615
3612
3615
3620
3618
3618
3616
3614
3616
3619
3618
3617
3615
3615
3613
3611
3612
3617
3625
3622
3618
3619
3622
3614
3609
3610
3603
3610
3610
3610
3605
3610
3612
3613
3614
3630
3621
3611
3611
3610
3613
3607
3609
3610
3610
3610
3604
3608
3603
3598
3605
3603
3608
3604
3604
3603
3604
3603
3612
3608
3610
3600
3601
3603
3587
3586
3584
3585
3587
3590
3595
3596
3599
3594
3593
3592
3598
3595
3603
3602
3601
3602
3601
3596
3600
3598
3594
3592
3593
3594
3595
3596
3595
3597
3597
3596
3597
3595
3596
3597
3596
3597
3603
3601
3596
3595
3596
3599
3602
3600
3605
3606
3603
3605
3606
3602
3598
3600
3599
3600
3603
3603
3600
3604
3603
3597
3602
3602
3599
3606
3601
3600
3606
3609
3609
3607
3607
3609
3608
3599
3602
3596
3596
3605
3607
3603
3595
3601
3604
3590
3592
3589
3590
3589
3594
3588
3591
3589
3586
3590
3583
3575
3576
3578
3572
3579
3580
3583
3580
3580
3585
3592
3593
3595
3594
3593
3589
3591
3587
3588
3586
3590
3590
3596
3595
3590
3589
3592
3599
3594
3600
3598
3578
3583
3584
3576
3602
3600
3596
3594
3596
3590
3592
3594
3586
3600
3601
3614
3614
3615
3613
3613
3602
3591
3602
3609
3607
3606
3612
3602
3621
3624
3615
3740
3738
3742
3740
3747
3750
3747
3747
3747
3743
3736
3732
3743
3748
3749
3750
3745
3744
3747
3747
3748
3745
3750
3745
3742
3746
3748
3748
3747
3753
3750
3751
3751
3749
3750
3747
3747
3743
3740
3733
3733
3725
3720
3739
3747
3748
3747
3750
3754
3751
3752
3741
3744
3747
3740
3744
3740
3743
3742
3746
3747
3756
3754
3758
3755
3764
3763
3760
3764
3767
3748
3750
3742
3749
3746
3746
3748
3741
3749
3758
3754
3750
3750
3748
3757
3756
3757
3749
3749
3738
3732
3739
3740
3737
3745
3743
3741
3748
3748
3728
3737
3741
3736
3734
3752
3752
3755
3752
3755
3755
3752
3750
3752
3742
3747
3746
3746
3749
3750
3749
3750
3746
3745
3747
3742
3733
3735
3743
3739
3745
3746
3747
3759
3758
3758
3739
3744
3744
3737
3736
3728
3742
3744
3745
3748
3743
3749
3751
3743
3742
3743
3739
3738
3740
3742
3741
3742
3736
3733
3740
3741
3743
3738
3740
3728
3724
3724
3727
3719
3717
3714
3730
3745
3749
3749
3745
3742
3746
3747
3753
3744
3744
3751
3754
3748
3745
3746
3749
3740
3747
3747
3756
3756
3760
3757
3756
3756
3750
3758
3755
3765
3761
3752
3750
3751
3745
3746
3749
3752
3747
3744
3743
3742
3762
3771
3773
3765
3767
3764
3767
3770
3771
3774
3786
3786
3792
3799
3805
3818
3838
3811
3812
3805
3807
3804
3808
3809
3810
3809
3806
3803
3804
3800
3799
3794
3790
3798
3808
3806
3803
3804
3804
3803
3804
3821
3814
3811
3819
3815
3803
3814
3813
3812
3814
3819
3804
3798
3803
3808
3812
3819
3795
3786
3778
3781
3780
3766
3774
3777
3777
3779
3773
3770
3773
3772
3766
3745
3755
3759
3762
3764
3782
3782
3778
3776
3786
3784
3774
3780
3789
3794
3792
3796
3788
3792
3800
3806
3797
3797
3801
3787
3800
3809
3815
3790
3786
3764
3754
3752
3750
3745
3756
3756
3756
3750
3749
3751
3753
3758
3752
3756
3761
3753
3748
3744
3753
3747
3745
3742
3749
3760
3761
3754
3760
3760
3765
3762
3751
3753
3750
3748
3749
3747
3754
3744
3746
3728
3724
3725
3726
3738
3727
3725
3731
3742
3735
3728
3726
3726
3729
3730
3730
3714
3711
3709
3702
3730
3737
3743
3731
3731
3725
3743
3746
3740
3758
3764
3771
3769
3771
3783
3777
3776
3763
3761
3761
3761
3770
3767
3769
3764
3770
3747
3744
3747
3751
3755
3746
3747
3749
3747
3744
3753
3752
3749
3749
3744
3748
3740
3740
3740
3739
3736
3738
3735
3736
3743
3747
3740
3740
3741
3736
3735
3731
3731
3733
3753
3757
3755
3750
3754
3754
3753
3755
3754
3761
3764
3759
3761
3757
3745
3746
3746
3756
3753
3757
3752
3771
3769
3772
3774
3780
3779
3783
3789
3788
3788
3760
3785
3782
3787
3785
3785
3778
3785
3801
3802
3796
3794
3817
3826
3827
3832
3827
3824
3825
3825
3828
3831
3830
3831
3837
3833
3832
3837
3826
3825
3826
3819
3820
3823
3826
3822
3823
3825
3821
3834
3833
3835
3836
3833
3835
3837
3837
3844
3841
3839
3836
3834
3839
3840
3838
3837
3842
3841
3845
3842
3837
3835
3855
3856
3851
3850
3843
3841
3841
3841
3850
3828
3828
3827
3828
3826
3821
3843
3840
3838
3802
3798
3807
3805
3799
3786
3770
3780
3784
3778
3772
3771
3779
3782
3776
3765
3774
3777
3769
3769
3770
3770
3765
3762
3757
3760
3766
3780
3777
3770
3767
3760
3765
3762
3759
3764
3763
3751
3746
3744
3762
3772
3778
3769
3768
3765
3784
3774
3774
3808
3807
3806
3802
3799
3801
3787
3783
3782
3780
3787
3786
3788
3788
3774
3776
3782
3782
3782
3779
3777
3783
3772
3772
3764
3765
3803
3803
3802
3785
3783
3780
3774
3754
3739
3733
3741
3738
3739
3736
3738
3730
3729
3750
3739
3729
3727
3730
3736
3733
3730
3730
3731
3719
3705
3704
3706
3710
3708
3702
3704
3709
3700
3692
3691
3717
3729
3716
3715
3707
3708
3707
3708
3740
3741
3740
3740
3742
3746
3740
3745
3759
3758
3741
3720
3719
3723
3732
3725
3742
3748
3713
3679
3699
3736
3741
3750
3745
3753
3763
3768
3755
3738
3740
3742
3748
3748
3759
3757
3758
3774
3770
3767
3766
3769
3778
3768
3770
3757
3766
3767
3766
3761
3763
3764
3765
3765
3760
3747
3750
3760
3760
3760
3756
3757
3755
3758
3746
3752
3749
3753
3744
3757
3762
3759
3768
3766
3743
3735
3706
3740
3752
3752
3757
3760
3761
3755
3767
3764
3762
3766
3763
3754
3755
3759
3762
3746
3764
3771
3774
3773
3771
3769
3783
3780
3788
3786
3780
3773
3762
3761
3763
3761
3771
3763
3755
3751
3754
3752
3748
3754
3758
3750
3741
3739
3761
3766
3764
3765
3771
3781
3775
3776
3759
3750
3771
3775
3797
3804
3802
3806
3805
3816
3790
3783
3787
3789
3793
3782
3783
3781
3771
3771
3772
3781
3779
3775
3767
3772
3783
3778
3790
3793
3788
3787
3781
3796
3794
3800
3789
3775
3778
3770
3760
3772
3765
3756
3752
3755
3752
3755
3750
3749
3747
3737
3750
3802
3810
3813
3814
3803
3824
3827
3831
3824
3826
3827
3823
3814
3827
3833
3825
3818
3820
3820
3820
3815
3828
3832
3836
3837
3840
3843
3813
3825
3833
3836
3826
3826
3822
3821
3824
3825
3818
3796
3790
3825
3837
3845
3850
3845
3826
3835
3849
4027
4035
4036
4035
4026
4026
4033
4035
4038
4033
4046
4045
4046
4046
4046
4048
4058
4065
4060
4060
4059
4051
4060
4052
4052
4074
4074
4065
4064
4065
4064
4062
4055
4059
4062
4061
4055
4051
4044
4044
4039
4046
4039
4044
4027
4028
4027
4031
4026
4025
4027
4035
4028
4041
4040
4037
4026
4029
4028
4025
4020
4014
3993
4005
3995
4000
4014
4025
4026
4044
4052
4050
4053
4078
4079
4077
4082
4083
4078
4084
4072
4070
4064
4083
4079
4079
4080
4080
4082
4076
4079
4074
4079
4085
4085
4089
4087
4085
4085
4085
4085
4085
4076
4076
4076
4078
4074
4085
4081
4068
4048
4082
4124
4143
4187
4190
4198
4196
4195
4200
4186
4198
4208
4201
4196
4214
4144
4143
4142
4141
4136
4140
4152
4154
4150
4149
4147
4155
4139
4135
4132
4128
4127
4127
4121
4131
4134
4128
4131
4137
4127
4135
4124
4132
4127
4130
4127
4130
4130
4137
4139
4141
4138
4138
4136
4133
4131
4124
4122
4126
4124
4125
4119
4116
4117
4124
4133
4126
4125
4118
4161
4171
4180
4192
4192
4201
4200
4197
4197
4193
4209
4209
4203
4203
4200
4199
4198
4187
4186
4193
4190
4200
4200
4204
4207
4208
4203
4202
4207
4199
4197
4197
4199
4198
4194
4186
4181
4186
4190
4199
4184
4187
4187
4185
4184
4184
4177
4186
4222
4210
4229
4218
4207
4217
4228
4217
4180
4193
4183
4190
4191
4173
4175
4175
4171
4166
4168
4168
4171
4171
4170
4169
4169
4172
4162
4163
4162
4161
4161
4161
4157
4168
4167
4179
4176
4173
4171
4167
4174
4173
4171
4170
4165
4173
4159
4164
4163
4161
4165
4166
4170
4170
4171
4178
4180
4194
4180
4184
4192
4186
4194
4174
4171
4167
4171
4176
4154
4169
4187
4168
4182
4206
4040
4007
4000
4001
4002
4004
4004
4003
4000
3998
3998
3995
3976
3970
3965
3956
3947
3944
3948
3947
3949
3945
3936
3937
3940
3947
3941
3944
3940
3936
3935
3940
3954
3955
3946
3923
3923
3913
3933
3913
3925
3938
3945
3943
3940
3951
3944
3946
3947
3950
3953
3956
3962
3957
3961
3966
3971
3963
3957
3962
3957
3948
3944
3940
3946
3942
3941
3945
3934
3930
3935
3936
3943
3947
3954
3951
3953
3953
3976
3978
3973
3983
3984
3983
3981
3981
3981
3987
3980
3981
3991
3959
3957
3963
3959
3962
3955
3958
3960
3967
3965
3965
3957
3947
3953
3938
3948
3947
3953
3949
3953
3954
3958
3949
3951
3960
3957
3966
3962
3961
3955
3955
3948
3948
3956
3960
3925
3935
3938
3933
3933
3937
3932
3934
3938
3942
3938
3929
3927
3933
3922
3928
3923
3919
3934
3968
3983
3984
3980
3987
3987
3981
3988
3973
3978
3980
3983
3977
3978
3989
3990
4016
4016
4016
4016
4023
4016
4015
4008
4010
4010
4008
4006
4012
4005
4007
4003
4000
3995
4001
4000
4007
4016
4008
4014
4013
4017
4035
4012
4019
4032
4030
4026
4017
4013
4024
4029
4037
4035
4050
4044
4010
4006
4000
3999
4004
3997
3980
3980
3979
3985
3989
3992
3979
3990
3994
4000
3993
4001
3998
3993
3993
3990
3975
3977
3979
3976
3968
3970
3972
3975
3979
3990
3972
3963
3972
3984
3987
3983
3978
3986
3993
3994
3993
3989
3994
3998
4007
4005
3998
4001
4000
4010
4008
4005
4002
3992
3993
3991
3983
3978
3992
3996
3993
4001
4000
3996
3995
3994
4002
4002
4003
4006
4002
4003
4007
4007
4021
4020
4014
4011
4003
4010
4005
4000
3997
3988
3989
3987
3974
3967
3970
3969
3978
3972
3982
3982
3986
3977
3983
3987
3978
3973
3971
3969
3965
3990
3988
3993
3996
4000
4003
3998
3991
3988
3991
3972
3981
3986
3980
4003
3992
4003
3995
3974
3978
3981
3985
3981
3963
3968
3974
3972
3979
3972
3972
3999
3990
3983
3978
3970
3946
3961
3961
3962
3965
3966
3965
3883
3868
3864
3864
3865
3855
3849
3853
3845
3858
3854
3847
3853
3858
3861
3886
3889
3895
3898
3897
3897
3905
3905
3905
3905
3905
3903
3903
3903
3896
3902
3892
3893
3886
3883
3889
3894
3895
3890
3886
3891
3896
3893
3899
3886
3906
3896
3886
3880
3891
3884
3877
3870
3870
3861
3858
3855
3879
3862
3865
3863
3863
3865
3849
3856
3854
3849
3849
3849
3849
3858
3856
3858
3858
3854
3847
3839
3834
3839
3843
3842
3836
3845
3831
3838
3840
3832
3837
3842
3840
3842
3845
3850
3849
3856
3857
3850
3845
3828
3815
3814
3818
3814
3829
3829
3834
3835
3835
3848
3844
3835
3834
3826
3819
3827
3827
3828
3820
3820
3818
3818
3813
3814
3813
3819
3826
3831
3832
3831
3825
3841
3845
3843
3848
3826
3827
3833
3839
3836
3857
3856
3863
3864
3885
3880
3874
3877
3882
3874
3874
3887
3891
3904
3904
3902
3907
3904
3909
3911
3911
3898
3905
3905
3906
3913
3909
3915
3916
3907
3897
3888
3859
3859
3855
3854
3845
3833
3839
3841
3834
3829
3837
3841
3835
3831
3834
3843
3840
3847
3850
3845
3845
3844
3844
3841
3842
3841
3845
3834
3832
3830
3819
3820
3826
3832
3827
3827
3828
3833
3835
3837
3852
3840
3832
3830
3821
3825
3824
3827
3828
3828
3830
3820
3823
3817
3803
3802
3798
3793
3794
3800
3799
3817
3812
3812
3810
3804
3811
3805
3806
3805
3798
3824
3822
3813
3817
3821
3828
3829
3833
3818
3826
3826
3832
3835
3837
3834
3839
3835
3836
3829
3834
3834
3829
3832
3828
3826
3832
3836
3832
3821
3816
3820
3815
3824
3822
3815
3820
3820
3812
3812
3822
3825
3825
3820
3818
3827
3832
3827
3828
3826
3838
3839
3839
3843
3841
3848
3849
3851
3844
3842
3842
3845
3844
3846
3837
3850
3850
3851
3858
3848
3837
3840
3849
3836
3841
3834
3844
3845
3815
3806
3818
3821
3830
3825
3829
3820
3832
3840
3841
3845
3844
3845
3843
3810
3808
3820
3811
3820
3812
3814
3793
3794
3797
3790
3781
3781
3781
3780
3789
3792
3794
3799
3827
3827
3823
3820
3831
3830
3825
3841
3823
3847
3834
3850
3888
3918
3913
3919
3901
3939
3949
3953
3942
3946
3932
3939
3942
3946
3944
3936
3944
3924
3916
3921
3917
3905
3905
3902
3945
3946
3969
3985
3984
3985
3959
3946
3948
3947
3927
3945
3943
3945
3948
3955
3964
3984
3978
3994
3993
3993
3993
3995
3985
3981
3978
3981
3979
3988
3980
3990
3993
3995
4005
4002
4011
4006
4003
4003
4017
4019
4033
4026
4051
4011
4018
4015
4024
4020
4024
4018
4040
4034
4035
4028
4030
4070
4054
4041
4041
4042
4039
4037
4078
4038
4008
4002
3994
3994
3988
4008
4010
4020
4025
4023
4025
4010
4006
3994
4032
4024
4025
4012
3979
3979
3976
3963
3970
3962
3961
3974
3988
3976
3976
3968
3990
3988
3994
4000
4002
3984
3992
3990
4002
4007
4006
3998
4024
4029
4012
4019
4015
4025
4042
4036
4038
4059
4007
4000
3994
3971
3971
3983
3983
3989
3996
3990
3996
4003
3998
3995
3994
3998
4011
3997
3993
3978
3974
3977
3956
3950
3918
3905
3901
3939
3990
3999
4000
4000
4014
4006
3999
3999
4008
4008
4023
4022
4020
4014
4030
4030
4018
4025
4031
4024
4021
4036
4053
4045
4047
4038
4038
4047
4014
3999
3984
3994
4023
4024
4046
4044
4033
4027
4022
4031
4037
4032
4026
4039
4054
4047
4069
4069
4090
4141
4143
4131
4138
4126
4124
4137
4120
4081
4035
4040
4034
4033
4039
4048
4045
4054
4042
4040
4047
4041
4033
4036
4039
4043
4065
4022
4039
4040
4042
4041
4045
4043
4043
4074
4085
4069
4066
4054
4052
4090
4055
4065
4061
4065
4069
4071
4068
4062
4038
4045
4036
4025
4032
4025
4024
3997
3988
3966
3975
3938
3933
3932
3930
3932
3938
3939
3924
3919
3904
3902
3901
3918
3945
3947
3944
3942
3944
3941
3943
3947
3959
3937
3941
3947
3956
4048
4050
4039
4045
4048
4050
4051
4047
4058
4054
4051
4043
4046
4054
4043
4048
4041
4038
4040
4063
4065
4060
4070
4058
4055
4052
4056
4041
4044
4050
4071
4085
4085
4070
4083
4090
4113
4144
4141
4133
4155
4084
4056
4057
4030
4025
4035
4027
4028
4029
4040
4035
4017
4008
4016
4016
4015
4015
4024
4019
4021
4059
4062
4031
4047
4065
4030
4031
4024
4020
4006
4004
4008
4009
3985
3989
4004
4005
3971
3991
3997
3989
3979
3978
3977
3994
4034
4034
4072
4077
4070
4081
4070
4057
4033
4038
4026
4039
4037
4053
4055
4044
4045
4051
4018
4025
4020
4020
4020
4043
4038
4045
4051
4067
4075
4060
4068
4087
4070
4063
4060
4052
4052
4060
4059
4034
4054
4053
4041
4034
4034
4030
4046
4064
4062
4030
4028
4014
4029
4013
4025
4048
4049
4028
4032
4022
3972
3970
3978
3984
3965
3980
3995
4000
3961
3948
3933
3916
3873
3847
3809
3756
3734
3731
3729
3721
3717
3710
3712
3712
3713
3714
3707
3701
3698
3692
3695
3702
3706
3713
3702
3705
3706
3700
3693
3692
3687
3685
3683
3680
3683
3682
3693
3696
3713
3712
3716
3733
3737
3736
3736
3733
3732
3728
3730
3734
3739
3731
3738
3732
3723
3733
3731
3726
3726
3731
3726
3725
3719
3720
3715
3718
3722
3721
3730
3738
3727
3723
3727
3723
3719
3718
3709
3707
3715
3718
3728
3730
3733
3719
3725
3735
3737
3736
3740
3742
3741
3745
3752
3751
3753
3745
3733
3734
3736
3739
3735
3737
3726
3727
3705
3705
3707
3716
3709
3708
3710
3695
3696
3687
3682
3667
3664
3672
3666
3687
3685
3690
3694
3691
3689
3693
3689
3689
3705
3710
3713
3709
3719
3727
3716
3716
3695
3686
3691
3702
3700
3686
3689
3666
3668
3677
3659
3670
3675
3671
3671
3671
3668
3693
3695
3695
3713
3713
3712
3715
3717
3720
3720
3721
3728
3731
3730
3734
3721
3722
3711
3719
3712
3711
3722
3737
3735
3727
3740
3749
3780
3788
3787
3795
3810
3810
3808
3800
3792
3795
3807
3805
3808
3807
3801
3796
3801
3798
3803
3801
3796
3792
3781
3781
3786
3772
3773
3784
3789
3776
3793
3800
3822
3809
3804
3806
3804
3802
3798
3790
3784
3793
3779
3778
3773
3776
3773
3766
3786
3786
3767
3761
3751
3755
3752
3764
3809
3809
3810
3810
3811
3815
3814
3808
3799
3790
3792
3797
3783
3804
3790
3793
3797
3822
3831
3832
3832
3835
3850
3840
3833
3880
3882
3872
3900
3911
3905
3881
3854
3858
3845
3842
3839
3836
3844
3838
3832
3818
3819
3810
3800
3813
3796
3794
3803
3815
3812
3811
3804
3799
3810
3789
3805
3782
3777
3781
3779
3778
3787
3779
3774
3773
3776
3778
3770
3756
3747
3752
3738
3733
3725
3723
3736
3731
3735
3738
3736
3738
3743
3742
3739
3738
3745
3759
3763
3759
3760
3755
3745
3723
3724
3723
3712
3710
3700
3698
3702
3708
3708
3709
3709
3710
3717
3715
3712
3708
3702
3695
3695
3695
3697
3693
3686
3693
3695
3699
3702
3721
3730
3729
3722
3718
3719
3721
3716
3714
3738
3754
3758
3748
3750
3747
3750
3735
3734
3732
3735
3738
3723
3722
3721
3719
3722
3726
3724
3719
3720
3721
3714
3719
3722
3714
3734
3733
3741
3737
3735
3734
3742
3743
3746
3749
3754
3768
3756
3760
3738
3738
3734
3736
3739
3753
3741
3741
3738
3754
3740
3721
3716
3716
3738
3739
3732
3734
3726
3701
3694
3686
3692
3693
3687
3684
3689
3678
3680
3680
3682
3689
3683
3694
3699
3699
3679
3671
3667
3662
3662
3668
3651
3663
3667
3664
3664
3661
3668
3678
3662
3638
3640
3650
3654
3653
3668
3640
3644
3623
3571
3563
3565
3561
3554
3554
3570
3560
3540
3540
3535
3535
3534
3530
3524
3535
3551
3554
3560
3535
3533
3538
3541
3539
3541
3537
3538
3527
3535
3535
3534
3538
3527
3519
3511
3509
3517
3518
3521
3520
3526
3523
3530
3532
3551
3539
3541
3530
3528
3527
3512
3508
3510
3496
3498
3493
3493
3490
3483
3485
3484
3497
3500
3494
3492
3492
3497
3498
3503
3504
3515
3511
3509
3506
3509
3505
3494
3495
3502
3498
3521
3524
3527
3527
3526
3529
3531
3527
3524
3521
3520
3520
3517
3515
3525
3522
3524
3525
3533
3534
3513
3520
3518
3524
3530
3538
3540
3539
3533
3534
3540
3539
3564
3565
3558
3564
3560
3554
3560
3559
3558
3556
3554
3570
3564
3551
3550
3523
3525
3526
3530
3529
3525
3524
3513
3512
3504
3480
3487
3485
3470
3472
3474
3475
3477
3480
3478
3475
3469
3470
3467
3467
3463
3467
3472
3467
3465
3465
3465
3470
3474
3484
3474
3471
3476
3456
3457
3449
3457
3460
3463
3469
3464
3464
3461
3461
3464
3461
3462
3457
3461
3462
3457
3451
3450
3450
3447
3447
3443
3449
3448
3445
3446
3448
3449
3449
3449
3453
3452
3445
3443
3436
3443
3447
3454
3451
3445
3454
3458
3458
3490
3496
3500
3498
3492
3491
3491
3499
3502
3505
3501
3503
3507
3505
3500
3497
3490
3490
3492
3492
3488
3488
3490
3487
3491
3491
3490
3492
3486
3485
3485
3488
3494
3492
3489
3477
3479
3494
3494
3489
3487
3500
3501
3518
3521
3519
3522
3518
3521
3530
3529
3525
3523
3528
3525
3529
3528
3522
3524
3511
3504
3508
3510
3506
3496
3496
3501
3498
3497
3496
3497
3496
3494
3504
3504
3503
3506
3501
3499
3498
3500
3500
3499
3500
3497
3498
3496
3494
3496
3489
3495
3498
3488
3486
3500
3500
3500
3496
3497
3499
3496
3495
3499
3508
3511
3527
3530
3525
3525
3523
3514
3503
3500
3500
3499
3501
3502
3509
3508
3503
3500
3500
3498
3499
3503
3493
3493
3484
3476
3468
3468
3480
3485
3487
3504
3498
3497
3502
3504
3507
3502
3496
3493
3492
3500
3504
3493
3498
3492
3498
3505
3498
3501
3495
3505
3507
3532
3531
3545
3547
3551
3557
3550
3546
3541
3539
3537
3536
3545
3551
3542
3541
3541
3543
3545
3523
3517
3521
3522
3533
3543
3545
3558
3560
3533
3510
3517
3467
3460
3453
3446
3463
3456
3452
3456
3461
3420
3426
3432
3436
3432
3434
3435
3420
3416
3414
3419
3422
3413
3409
3412
3415
3416
3421
3421
3411
3412
3414
3413
3414
3405
3399
3402
3410
3407
3396
3394
3401
3397
3392
3392
3387
3383
3389
3391
3391
3382
3382
3390
3388
3401
3402
3412
3396
3394
3399
3398
3396
3388
3380
3375
3372
3372
3382
3383
3385
3395
3390
3393
3390
3394
3392
3394
3396
3397
3416
3383
3380
3376
3387
3379
3372
3384
3367
3357
3356
3353
3355
3351
3349
3260
3243
3241
3239
3235
3237
3236
3236
3237
3236
3228
3229
3229
3233
3235
3232
3234
3234
3241
3238
3238
3238
3234
3238
3238
3230
3230
3230
3230
3232
3227
3232
3233
3233
3231
3239
3239
3238
3234
3234
3232
3234
3233
3238
3237
3233
3231
3233
3235
3235
3235
3235
3247
3240
3244
3248
3243
3237
3235
3232
3226
3229
3224
3221
3219
3217
3216
3214
3216
3213
3215
3215
3220
3219
3219
3217
3223
3222
3219
3215
3207
3205
3204
3205
3207
3204
3207
3207
3206
3206
3208
3205
3203
3202
3206
3199
3197
3199
3198
3196
3203
3203
3203
3206
3205
3206
3202
3204
3204
3199
3201
3202
3201
3202
3200
3205
3205
3200
3202
3200
3201
3198
3195
3196
3199
3200
3193
3195
3195
3196
3198
3198
3203
3202
3206
3205
3208
3211
3211
3216
3205
3208
3207
3208
3211
3207
3203
3200
3194
3191
3192
3193
3191
3196
3195
3198
3199
3201
3197
3195
3200
3203
3202
3199
3200
3201
3201
3202
3203
3199
3196
3197
3200
3200
3196
3191
3190
3194
3194
3195
3192
3194
3201
3199
3197
3211
3213
3214
3213
3212
3213
3213
3212
3212
3207
3214
3215
3217
3221
3223
3223
3223
3221
3225
3224
3224
3221
3220
3224
3225
3228
3229
3232
3230
3225
3226
3227
3203
3205
3206
3207
3206
3206
3204
3204
3207
3207
3208
3200
3198
3205
3203
3203
3207
3206
3204
3205
3211
3215
3215
3211
3212
3214
3212
3212
3217
3213
3213
3216
3216
3217
3217
3218
3214
3212
3214
3209
3211
3208
3208
3207
3206
3207
3208
3212
3207
3202
3202
3195
3198
3200
3203
3204
3203
3203
3203
3205
3207
3205
3196
3205
3208
3198
3214
3213
3214
3221
3223
3223
3223
3226
3226
3225
3223
3223
3223
3231
3227
3229
3230
3229
3235
3233
3236
3237
3244
3246
3248
3255
3244
3236
3240
3238
3241
3242
3234
3233
3232
3231
3231
3234
3234
3230
3230
3229
3230
3230
3233
3232
3230
3234
3233
3232
3239
3237
3234
3235
3228
3226
3227
3227
3226
3224
3223
3224
3222
3223
3220
3222
3221
3223
3222
3215
3212
3212
3213
3213
3215
3215
3214
3215
3215
3213
3212
3211
3211
3211
3207
3212
3214
3218
3219
3219
3218
3219
3219
3217
3215
3216
3216
3217
3214
3215
3216
3221
3223
3231
3234
3234
3235
3234
3235
3235
3234
3234
3234
3232
3237
3237
3243
3244
3243
3239
3238
3238
3239
3237
3237
3240
3238
3237
3236
3235
3231
3233
3231
3231
3233
3232
3233
3233
3236
3235
3237
3237
3235
3236
3240
3235
3237
3243
3241
3247
3247
3248
3248
3245
3246
3256
3237
3231
3230
3225
3226
3229
3231
3231
3231
3233
3234
3226
3225
3222
3222
3217
3220
3221
3216
3216
3218
3219
3218
3223
3228
3226
3228
3205
3197
3189
3187
3186
3183
3183
3181
3184
3188
3185
3185
3185
3184
3184
3184
3183
3183
3184
3185
3188
3187
3189
3186
3186
3182
3182
3182
3184
3184
3187
3181
3184
3186
3191
3189
3185
3186
3185
3181
3186
3185
3187
3190
3184
3184
3190
3187
3199
3203
3197
3199
3194
3198
3199
3205
3202
3203
3197
3197
3200
3196
3202
3202
3205
3207
3210
3205
3202
3209
3191
3185
3186
3184
3186
3188
3188
3188
3186
3190
3187
3183
3183
3182
3180
3187
3171
3173
3172
3170
3171
3169
3170
3164
3167
3173
3164
3161
3161
3162
3164
3158
3157
3149
3149
3151
3148
3149
3149
3153
3157
3154
3151
3153
3153
3154
3152
3152
3150
3150
3151
3147
3150
3149
3150
3150
3147
3144
3149
3150
3150
3150
3154
3156
3150
3143
3144
3142
3139
3144
3145
3148
3151
3143
3148
3145
3145
3135
3135
3141
3140
3144
3143
3144
3137
3141
3139
3141
3135
3143
3153
3147
3149
3145
3145
3149
3145
3148
3146
3144
3142
3145
3137
3147
3150
3147
3146
3146
3140
3158
3159
3160
3162
3163
3160
3166
3167
3164
3161
3160
3158
3160
3161
3161
3159
3161
3162
3163
3159
3164
3169
3175
3169
3170
3166
3167
3167
3167
3172
3162
3163
3160
3163
3163
3165
3158
3155
3158
3154
3156
3156
3154
3156
3154
3152
3151
3159
3155
3156
3146
3157
3140
3149
3152
3150
3157
3152
3154
3163
3156
3153
3163
3158
3159
3159
3158
3148
3164
3195
3201
3200
3203
3203
3200
3202
3200
3202
3201
3206
3202
3203
3203
3201
3201
3201
3201
3197
3197
3198
3198
3200
3197
3195
3201
3203
3204
3205
3205
3206
3208
3208
3207
3207
3204
3210
3210
3219
3210
3212
3213
3211
3213
3209
3212
3212
3209
3209
3206
3207
3207
3207
3209
3209
3209
3209
3210
3209
3213
3216
3217
3225
3230
3226
3224
3219
3214
3212
3213
3213
3213
3218
3216
3216
3220
3220
3221
3224
3222
3220
3220
3214
3215
3216
3216
3219
3220
3217
3217
3220
3217
3216
3208
3210
3210
3208
3207
3208
3208
3205
3197
3195
3196
3200
3200
3202
3202
3205
3205
3213
3214
3216
3211
3208
3211
3210
3207
3208
3212
3212
3209
3212
3213
3217
3217
3217
3216
3206
3206
3204
3201
3202
3200
3203
3202
3201
3200
3192
3190
3192
3192
3189
3194
3193
3193
3193
3190
3194
3191
3193
3205
3205
3202
3208
3208
3207
3204
3216
3222
3214
3224
3220
3222
3219
3220
3219
3223
3180
3163
3158
3151
3156
3152
3139
3145
3143
3147
3143
3153
3142
3149
3149
3149
3159
3164
3165
3169
3170
3167
3165
3161
3180
3182
3184
3183
3183
3181
3180
3179
3185
3185
3181
3180
3179
3181
3181
3186
3187
3184
3186
3176
3178
3177
3179
3178
3180
3176
3180
3180
3180
3178
3181
3175
3175
3178
3180
3182
3180
3180
3176
3177
3179
3178
3175
3177
3175
3184
3187
3187
3190
3185
3185
3182
3177
3172
3176
3182
3183
3184
3185
3180
3176
3174
3181
3189
3187
3219
3206
3230
3230
3230
3231
3237
3236
3232
3236
3243
3243
3241
3247
3249
3249
3247
3246
3246
3248
3245
3245
3248
3249
3243
3242
3244
3241
3246
3252
3252
3257
3254
3252
3252
3262
3262
3269
3267
3265
3268
3268
3267
3269
3268
3270
3274
3270
3272
3252
3257
3268
3266
3261
3262
3265
3264
3267
3265
3267
3269
3272
3269
3269
3268
3271
3268
3267
3266
3264
3261
3260
3262
3262
3261
3267
3261
3257
3258
3253
3260
3261
3260
3261
3262
3260
3260
3258
3260
3259
3250
3250
3251
3258
3256
3259
3265
3270
3270
3272
3273
3265
3264
3266
3270
3269
3269
3271
3268
3270
3270
3269
3268
3264
3266
3267
3276
3273
3269
3265
3263
3257
3256
3260
3256
3256
3257
3256
3251
3250
3250
3250
3251
3250
3249
3257
3264
3263
3262
3260
3264
3265
3268
3258
3251
3258
3254
3255
3252
3251
3253
3251
3244
3247
3256
3250
3247
3250
3233
3246
3248
3255
3257
3252
3254
3254
3255
3252
3250
3251
3247
3247
3250
3257
3259
3262
3272
3272
3271
3277
3274
3274
3272
3274
3273
3276
3274
3271
3270
3276
3277
3272
3279
3281
3279
3278
3273
3273
3286
3284
3271
3280
3273
3284
3230
3211
3233
3243
3245
3246
3256
3262
3259
3259
3257
3256
3257
3264
3259
3271
3269
3256
3260
3254
3259
3254
3257
3269
3255
3261
3256
3254
3252
3249
3245
3243
3251
3256
3266
3266
3268
3267
3267
3244
3248
3247
3243
3244
3242
3268
3256
3248
3258
3282
3282
3269
3318
3320
3323
3316
3324
3327
3327
3319
3321
3315
3322
3311
3344
3351
3364
3370
3371
3374
3376
3375
3375
3375
3375
3375
3374
3373
3376
3372
3370
3374
3376
3365
3372
3372
3368
3373
3372
3369
3369
3383
3379
3384
3381
3390
3392
3392
3389
3390
3390
3392
3389
3389
3405
3405
3396
3396
3399
3401
3404
3399
3387
3386
3384
3386
3384
3385
3388
3386
3383
3383
3382
3383
3382
3380
3391
3397
3393
3394
3393
3393
3397
3397
3399
3393
3390
3393
3390
3389
3389
3392
3391
3392
3390
3390
3395
3398
3398
3397
3410
3405
3401
3400
3400
3399
3400
3366
3368
3369
3368
3368
3361
3366
3365
3369
3369
3367
3366
3370
3374
3389
3384
3386
3388
3381
3382
3380
3382
3386
3385
3383
3380
3380
3386
3384
3397
3392
3389
3388
3388
3387
3384
3386
3381
3384
3387
3373
3370
3369
3370
3370
3366
3366
3366
3356
3365
3372
3367
3363
3365
3366
3362
3364
3360
3359
3361
3360
3358
3366
3362
3360
3361
3360
3360
3357
3358
3360
3365
3359
3358
3360
3366
3360
3352
3352
3355
3358
3355
3352
3350
3343
3373
3366
3366
3370
3371
3370
3374
3374
3369
3370
3367
3364
3368
3368
3363
3364
3365
3381
3378
3384
3385
3377
3378
3383
3379
3379
3378
3381
3382
3382
3384
3383
3382
3389
3387
3389
3388
3383
3386
3384
3385
3386
3380
3384
3381
3380
3389
3387
3385
3380
3392
3390
3394
3385
3388
3397
3414
3417
3420
3423
3421
3420
3420
3419
3418
3418
3418
3422
3422
3423
3422
3426
3422
3433
3433
3436
3424
3435
3437
3429
3427
3424
3422
3420
3416
3416
3424
3424
3422
3416
3409
3416
3413
3413
3411
3412
3431
3432
3433
3433
3432
3429
3428
3429
3431
3437
3437
3437
3436
3435
3434
3432
3442
3441
3444
3447
3455
3457
3453
3456
3456
3456
3444
3446
3448
3448
3442
3440
3437
3443
3441
3443
3443
3441
3439
3440
3440
3440
3437
3436
3442
3443
3435
3435
3439
3434
3437
3436
3438
3441
3437
3440
3434
3433
3430
3437
3444
3446
3445
3452
3451
3451
3446
3444
3444
3439
3439
3434
3430
3438
3440
3440
3444
3429
3434
3435
3440
3438
3440
3446
3450
3456
3454
3457
3456
3454
3452
3456
3461
3462
3464
3465
3466
3469
3476
3477
3465
3452
3454
3451
3461
3458
3440
3443
3389
3390
3392
3395
3392
3391
3393
3407
3412
3411
3411
3415
3414
3413
3418
3422
3420
3411
3416
3420
3410
3409
3407
3409
3412
3408
3411
3412
3412
3400
3399
3404
3402
3402
3398
3400
3406
3408
3410
3413
3406
3409
3411
3413
3410
3407
3408
3403
3405
3406
3407
3420
3425
3430
3427
3424
3424
3427
3434
3435
3415
3411
3414
3421
3411
3411
3405
3406
3394
3392
3389
3393
3392
3395
3384
3380
3383
3375
3380
3378
3380
3381
3383
3382
3390
3390
3393
3383
3376
3375
3375
3377
3375
3371
3371
3374
3375
3374
3374
3374
3376
3370
3371
3379
3387
3384
3384
3372
3378
3381
3368
3368
3376
3385
3383
3387
3384
3384
3378
3380
3363
3359
3366
3370
3355
3346
3352
3352
3344
3347
3350
3349
3350
3347
3346
3350
3353
3352
3351
3357
3354
3352
3344
3345
3343
3343
3342
3339
3340
3338
3342
3336
3338
3339
3335
3339
3337
3342
3345
3345
3350
3348
3348
3354
3352
3347
3349
3344
3337
3347
3348
3347
3355
3346
3346
3346
3344
3344
3341
3342
3341
3341
3342
3334
3342
3342
3342
3342
3338
3341
3338
3337
3338
3332
3334
3329
3329
3334
3344
3343
3340
3342
3336
3336
3339
3329
3332
3337
3334
3334
3334
3349
3351
3342
3351
3351
3355
3356
3365
3363
3368
3376
3376
3374
3362
3362
3367
3365
3359
3360
3362
3362
3360
3363
3366
3364
3367
3367
3370
3363
3362
3366
3364
3376
3372
3372
3379
3384
3383
3371
3371
3370
3363
3359
3367
3362
3347
3347
3337
3339
3341
3347
3346
3338
3336
3333
3334
3337
3337
3336
3335
3333
3326
3338
3334
3336
3334
3335
3337
3342
3339
3341
3342
3344
3340
3340
3336
3335
3337
3331
3332
3342
3341
3341
3334
3338
3337
3343
3341
3343
3344
3344
3345
3345
3343
3345
3348
3347
3346
3347
3349
3346
3348
3349
3338
3338
3335
3329
3324
3333
3328
3333
3333
3335
3332
3330
3325
3324
3321
3318
3326
3321
3325
3313
3315
3312
3322
3324
3324
3331
3330
3329
3337
3335
3339
3336
3338
3336
3340
3339
3335
3330
3331
3331
3334
3325
3324
3318
3317
3312
3317
3322
3320
3320
3320
3335
3339
3337
3342
3339
3343
3344
3344
3353
3333
3333
3332
3338
3340
3335
3341
3342
3339
3335
3336
3336
3341
3338
3346
3345
3347
3350
3338
3346
3340
3337
3337
3334
3336
3349
3358
3376
3371
3369
3356
3362
3380
3375
3392
3393
3392
3391
3395
3395
3396
3401
3398
3396
3394
3391
3397
3401
3407
3405
3408
3409
3411
3414
3405
3400
3400
3406
3404
3402
3400
3404
3398
3399
3404
3395
3390
3389
3387
3386
3396
3399
3393
3395
3393
3391
3386
3387
3385
3401
3401
3403
3403
3408
3405
3405
3403
3405
3411
3422
3423
3422
3422
3410
3412
3411
3418
3412
3402
3401
3399
3399
3393
3397
3396
3405
3402
3399
3402
3402
3403
3400
3392
3401
3399
3405
3386
3384
3385
3382
3383
3383
3387
3387
3384
3385
3378
3383
3380
3382
3386
3386
3390
3390
3390
3387
3382
3380
3379
3380
3386
3385
3386
3389
3388
3385
3390
3385
3383
3383
3384
3380
3380
3395
3389
3392
3392
3396
3396
3398
3401
3400
3392
3394
3395
3398
3413
3412
3408
3415
3414
3417
3417
3421
3421
3424
3416
3417
3414
3410
3418
3414
3412
3412
3416
3413
3407
3406
3409
3404
3403
3389
3387
3394
3404
3401
3409
3413
3410
3396
3401
3412
3409
3404
3393
3396
3398
3396
3403
3396
3395
3390
3399
3389
3384
3382
3387
3386
3381
3378
3378
3373
3367
3370
3376
3379
3375
3379
3376
3383
3374
3387
3376
3370
3373
3374
3374
3379
3376
3373
3380
3364
3365
3380
3376
3388
3411
3412
3410
3417
3403
3406
3401
3413
3412
3419
3425
3424
3423
3424
3423
3423
3424
3423
3423
3421
3430
3420
3416
3415
3413
3417
3419
3417
3411
3417
3411
3414
3426
3436
3443
3444
3440
3444
3446
3446
3444
3437
3440
3440
3450
3457
3459
3448
3447
3465
3459
3473
3467
3404
3409
3416
3416
3421
3418
3408
3406
3403
3410
3422
3417
3412
3419
3413
3414
3456
3458
3462
3466
3464
3468
3464
3455
3457
3450
3459
3465
3464
3472
3484
3485
3485
3489
3488
3493
3488
3485
3482
3481
3483
3488
3486
3486
3493
3486
3482
3472
3467
3470
3477
3468
3464
3479
3479
3491
3493
3491
3499
3504
3509
3512
3493
3490
3487
3487
3479
3480
3480
3488
3484
3484
3480
3476
3489
3483
3481
3461
3465
3464
3465
3466
3461
3459
3464
3459
3459
3450
3446
3447
3458
3465
3466
3472
3475
3473
3478
3478
3481
3486
3476
3475
3477
3478
3474
3481
3488
3492
3481
3481
3487
3491
3489
3490
3489
3480
3477
3467
3461
3461
3468
3477
3481
3475
3479
3475
3467
3471
3466
3471
3475
3476
3500
3524
3524
3531
3528
3524
3532
3532
3537
3540
3529
3527
3525
3522
3520
3517
3520
3521
3521
3525
3526
3522
3522
3523
3532
3525
3535
3540
3527
3537
3543
3533
3533
3533
3530
3537
3532
3530
3528
3525
3531
3531
3533
3528
3533
3531
3539
3543
3558
3563
3560
3557
3556
3566
3560
3563
3563
3568
3570
3566
3571
3569
3574
3574
3579
3581
3568
3554
3556
3552
3562
3559
3554
3564
3563
3570
3568
3558
3559
3559
3554
3548
3541
3541
3529
3534
3533
3539
3542
3542
3541
3546
3551
3542
3531
3530
3525
3526
3526
3534
3519
3523
3520
3523
3522
3539
3539
3539
3533
3538
3542
3534
3534
3508
3520
3514
3522
3554
3555
3568
3574
3577
3572
3577
3580
3584
3581
3580
3574
3574
3566
3575
3580
3584
3583
3582
3582
3573
3570
3565
3563
3557
3565
3564
3563
3553
3552
3550
3549
3548
3551
3551
3562
3573
3577
3572
3576
3569
3567
3565
3565
3565
3573
3568
3575
3583
3585
3589
3586
3585
3584
3584
3574
3576
3575
3576
3574
3568
3565
3566
3572
3571
3560
3567
3574
3585
3584
3578
3587
3592
3601
3605
3623
3612
3613
3600
3597
3580
3575
3557
3551
3548
3551
3555
3558
3549
3542
3541
3542
3540
3545
3544
3554
3559
3561
3538
3538
3526
3507
3501
3503
3496
3496
3494
3507
3496
3493
3507
3507
3514
3512
3500
3493
3493
3497
3496
3492
3492
3492
3505
3486
3481
3465
3462
3465
3465
3426
3425
3425
3432
3433
3433
3425
3427
3422
3431
3423
3426
3421
3416
3428
3428
3428
3428
3430
3428
3429
3426
3422
3419
3422
3420
3418
3416
3416
3424
3428
3443
3418
3390
3382
3386
3395
3393
3390
3394
3397
3392
3392
3385
3388
3388
3387
3386
3382
3383
3385
3381
3382
3405
3398
3399
3401
3412
3412
3412
3419
3411
3413
3415
3413
3410
3403
3402
3403
3403
3403
3399
3412
3407
3407
3407
3410
3409
3409
3409
3408
3408
3407
3406
3406
3401
3418
3418
3419
3423
3430
3425
3423
3423
3425
3419
3418
3416
3417
3414
3415
3417
3423
3420
3416
3426
3402
3403
3403
3401
3404
3403
3407
3405
3403
3403
3408
3409
3409
3408
3407
3409
3409
3409
3406
3405
3410
3406
3407
3402
3407
3401
3397
3410
3410
3410
3410
3410
3410
3410
3411
3411
3420
3420
3417
3419
3427
3425
3425
3418
3424
3428
3418
3417
3414
3412
3414
3407
3412
3411
3410
3402
3415
3420
3407
3403
3404
3403
3399
3400
3398
3395
3400
3421
3401
3401
3402
3401
3397
3396
3408
3406
3390
3387
3392
3390
3392
3388
3401
3397
3418
3412
3422
3410
3408
3407
3409
3402
3399
3427
3435
3447
3303
3295
3296
3304
3285
3290
3290
3290
3286
3289
3244
3267
3281
3275
3275
3269
3272
3274
3286
3296
3327
3334
3334
3328
3345
3339
3329
3333
3335
3340
3340
3330
3325
3338
3339
3355
3357
3359
3350
3346
3360
3345
3338
3345
3343
3339
3342
3361
3370
3372
3373
3374
3383
3366
3361
3360
3366
3361
3368
3366
3370
3367
3368
3367
3358
3364
3365
3365
3363
3366
3363
3379
3379
3375
3372
3364
3360
3354
3353
3363
3348
3345
3363
3369
3381
3372
3372
3375
3382
3389
3355
3372
3362
3366
3369
3362
3363
3361
3365
3348
3338
3351
3339
3339
3339
3339
3336
3338
3341
3341
3336
3342
3343
3332
3339
3327
3333
3337
3335
3354
3358
3354
3350
3354
3351
3352
3356
3348
3352
3349
3352
3347
3340
3345
3348
3342
3337
3376
3391
3388
3387
3401
3414
3410
3409
3405
3406
3406
3403
3400
3403
3404
3410
3395
3390
3388
3385
3393
3393
3382
3384
3379
3378
3390
3393
3397
3399
3409
3410
3403
3402
3396
3399
3399
3391
3384
3384
3385
3386
3384
3383
3381
3390
3383
3384
3388
3376
3378
3377
3378
3377
3390
3393
3389
3389
3390
3391
3408
3409
3408
3408
3410
3420
3429
3434
3434
3430
3429
3437
3434
3437
3428
3435
3419
3424
3418
3416
3416
3414
3423
3422
3418
3417
3416
3433
3432
3438
3426
3428
3429
3418
3433
3434
3451
3452
3466
3458
3444
3444
3445
3456
3458
3460
3449
3455
3451
3484
3463
3439
3439
3432
3437
3439
3452
3453
3443
3435
3424
3424
3443
3439
3437
3428
3423
3392
3398
3391
3421
3428
3427
3429
3424
3422
3429
3434
3435
3439
3429
3433
3440
3422
3433
3427
3442
3440
3451
3458
3448
3440
3431
3442
3416
3398
3394
3394
3397
3410
3385
3370
3373
3374
3372
3370
3369
3383
3380
3384
3389
3386
3398
3386
3377
3373
3383
3384
3382
3391
3391
3379
3367
3363
3357
3367
3369
3384
3377
3377
3390
3355
3358
3352
3339
3327
3340
3337
3327
3325
3326
3318
3315
3326
3324
3345
3373
3372
3371
3385
3379
3439
3447
3436
3432
3427
3432
3439
3434
3436
3453
3468
3461
3440
3443
3445
3435
3426
3420
3430
3415
3436
3435
3419
3426
3465
3530
3440
3365
3267
3245
3245
3245
3250
3250
3241
3235
3237
3235
3249
3258
3253
3266
3266
3259
3262
3263
3253
3242
3256
3245
3246
3246
3246
3243
3223
3222
3239
3244
3246
3242
3254
3252
3253
3248
3261
3251
3259
3262
3236
3235
3249
3266
3268
3328
3332
3330
3344
3338
3342
3390
3390
3393
3397
3400
3398
3401
3401
3398
3395
3404
3406
3413
3412
3391
3391
3392
3389
3394
3384
3384
3383
3381
3385
3389
3388
3384
3381
3381
3391
3381
3378
3379
3379
3380
3376
3378
3374
3384
3390
3384
3389
3387
3384
3391
3396
3391
3386
3392
3391
3393
3395
3397
3388
3371
3368
3379
3387
3381
3381
3382
3380
3380
3382
3384
3378
3385
3410
3387
3373
3372
3376
3363
3360
3362
3366
3361
3364
3372
3371
3373
3367
3355
3358
3363
3362
3360
3370
3364
3367
3380
3356
3361
3363
3348
3345
3337
3342
3357
3358
3349
3365
3358
3383
3387
3388
3389
3381
3371
3376
3376
3378
3385
3385
3392
3394
3397
3397
3382
3389
3384
3384
3387
3386
3373
3374
3366
3373
3360
3358
3359
3377
3362
3367
3378
3378
3376
3390
3387
3388
3385
3401
3405
3396
3403
3405
3412
3407
3409
3410
3384
3380
3383
3375
3374
3374
3350
3350
3352
3351
3366
3366
3353
3353
3349
3351
3352
3340
3352
3344
3338
3330
3330
3348
3348
3357
3352
3346
3332
3326
3313
3310
3329
3325
3338
3338
3340
3327
3338
3348
3345
3356
3360
3358
3363
3357
3355
3352
3365
3364
3355
3349
3356
3340
3343
3328
3335
3337
3348
3359
3326
3378
3406
3400
3426
3427
3423
3420
3430
3434
3439
3441
3433
3466
3410
3446
3436
3451
3519
3526
3555
3590
3581
3579
3603
3588
3587
3584
3580
3587
3594
3583
3577
3575
3588
3598
3617
3620
3621
3614
3627
3632
3634
3630
3621
3626
3617
3617
3615
3620
3620
3618
3615
3625
3633
3627
3620
3613
3613
3610
3610
3612
3615
3620
3617
3617
3614
3625
3623
3613
3622
3607
3620
3634
3615
3611
3611
3597
3585
3588
3599
3593
3592
3593
3588
3587
3594
3590
3581
3574
3578
3585
3586
3601
3588
3595
3595
3603
3616
3603
3585
3580
3577
3577
3582
3584
3580
3570
3561
3568
3570
3579
3562
3556
3578
3582
3575
3577
3587
3587
3589
3616
3619
3609
3620
3615
3615
3642
3604
3602
3601
3605
3617
3597
3611
3638
3652
3666
3673
3668
3678
3591
3606
3638
3643
3640
3682
3666
3668
3675
3669
3680
3691
3705
3703
3695
3704
3711
3712
3712
3717
3711
3714
3706
3728
3729
3725
3727
3724
3724
3729
3730
3732
3735
3731
3731
3734
3739
3770
3768
3774
3773
3773
3770
3781
3782
3780
3778
3770
3767
3768
3771
3770
3767
3767
3771
3773
3772
3774
3767
3776
3760
3771
3776
3769
3772
3774
3783
3787
3777
3784
3793
3797
3792
3796
3821
3817
3817
3823
3817
3814
3821
3820
3822
3819
3833
3838
3838
3828
3831
3823
3818
3818
3814
3814
3813
3815
3813
3814
3809
3811
3808
3815
3814
3814
3820
3819
3820
3823
3822
3820
3823
3826
3823
3826
3811
3809
3810
3803
3803
3805
3806
3805
3805
3812
3807
3801
3807
3805
3813
3804
3798
3801
3808
3796
3805
3820
3822
3818
3826
3818
3819
3815
3812
3822
3815
3811
3801
3692
3683
3688
3698
3699
3691
3698
3710
3705
3719
3719
3720
3719
3722
3722
3711
3713
3708
3713
3718
3718
3716
3724
3712
3710
3714
3716
3698
3697
3700
3705
3714
3709
3709
3716
3710
3723
3716
3711
3715
3726
3720
3715
3722
3730
3739
3737
3736
3731
3735
3737
3744
3727
3727
3721
3719
3724
3726
3732
3731
3724
3724
3728
3712
3716
3717
3721
3718
3722
3694
3700
3691
3706
3713
3720
3735
3735
3719
3718
3723
3712
3710
3710
3713
3717
3709
3711
3714
3712
3714
3711
3710
3710
3710
3709
3700
3714
3719
3722
3726
3733
3740
3747
3745
3745
3726
3727
3722
3724
3730
3716
3719
3706
3703
3719
3714
3710
3698
3699
3699
3698
3702
3699
3711
3709
3711
3723
3726
3721
3715
3712
3721
3720
3723
3721
3721
3723
3719
3703
3707
3708
3717
3717
3714
3712
3711
3706
3717
3720
3705
3691
3695
3703
3712
3695
3679
3698
3683
3740
3773
3799
3792
3770
3770
3776
3812
3824
3822
3819
3820
3819
3822
3821
3818
3816
3820
3824
3823
3818
3821
3821
3828
3806
3814
3813
3809
3820
3825
3831
3830
3824
3830
3831
3826
3832
3864
3867
3864
3867
3865
3854
3861
3858
3865
3853
3856
3854
3857
3855
3857
3848
3859
3858
3860
3867
3874
3871
3871
3860
3865
3868
3857
3855
3849
3850
3847
3842
3847
3838
3830
3828
3832
3827
3830
3828
3829
3842
3835
3840
3843
3849
3840
3833
3846
3846
3843
3842
3832
3832
3839
3842
3845
3822
3817
3812
3809
3806
3807
3815
3820
3813
3812
3818
3810
3798
3800
3803
3788
3794
3807
3830
3836
3839
3834
3828
3841
3844
3854
3853
3849
3838
3843
3843
3844
3835
3840
3840
3837
3837
3850
3850
3850
3851
3849
3851
3852
3849
3845
3840
3828
3835
3828
3827
3823
3821
3822
3821
3824
3829
3827
3828
3825
3824
3816
3816
3818
3829
3821
3822
3814
3825
3833
3828
3829
3834
3840
3830
3848
3852
3847
3848
3853
3839
3839
3834
3837
3838
3841
3833
3835
3846
3841
3844
3849
3845
3859
3859
3871
3866
3859
3878
3886
3883
3873
3884
3879
3886
3880
3893
3902
3911
3906
3905
3897
3898
3908
3906
3904
3905
3899
3897
3895
3887
3884
3881
3890
3887
3896
3900
3895
3901
3896
3896
3901
3889
3889
3885
3885
3888
3879
3895
3890
3887
3892
3896
3874
3870
3874
3877
3870
3861
3868
3881
3863
3874
3893
3898
3896
3910
3899
3906
3911
3920
3919
3921
3917
3917
3905
3914
3911
3910
3904
3892
3907
3908
3913
3911
3909
3909
3912
3913
3909
3906
3912
3908
3915
3912
3909
3918
3920
3909
3912
3910
3910
3927
3930
3938
3931
3937
3926
3931
3933
3932
3940
3930
3942
3940
3947
3949
3954
3976
3968
3973
3973
3973
3977
3993
3994
3996
3996
3998
4011
4012
4013
4018
4018
4014
3988
3969
3976
3982
3979
3966
3966
3976
3980
3959
3957
3955
3963
3959
3956
3953
3954
3953
3956
3951
3954
3953
3952
3956
3959
3961
3964
3968
3961
3975
3964
3972
3973
3974
3951
3944
3952
3949
3950
3953
3949
3948
3948
3940
3949
3953
3957
3960
3957
3955
3951
3955
3960
3947
3948
3945
3947
3947
3946
3938
3939
3938
3943
3944
3941
3946
3949
3951
3940
3947
3945
3954
3954
3953
3947
3944
3945
3943
3950
3967
3972
3981
3962
3964
3968
3967
3961
3960
3959
3961
3962
3964
3958
3956
3947
3947
3948
3944
3942
3952
3954
3954
3944
3948
3945
3946
3950
3942
3954
3954
3959
3954
3963
3970
3957
3952
3941
3946
3939
3941
3948
3936
3937
3947
3939
3933
3938
3920
3910
3924
3877
3863
3830
3758
3787
3793
3792
3804
3811
3812
3806
3802
3810
3815
3818
3813
3819
3815
3820
3812
3805
3815
3822
3819
3828
3823
3826
3825
3822
3822
3823
3806
3817
3814
3810
3812
3808
3815
3804
3813
3799
3833
3837
3834
3834
3835
3835
3848
3848
3841
3843
3835
3837
3840
3847
3850
3846
3851
3850
3855
3858
3856
3855
3855
3856
3861
3857
3864
3864
3859
3854
3853
3853
3855
3849
3848
3849
3861
3867
3850
3850
3849
3829
3806
3825
3825
3833
3833
3834
3835
3833
3847
3847
3856
3856
3852
3851
3855
3849
3848
3848
3847
3848
3846
3850
3847
3847
3852
3859
3862
3862
3869
3859
3873
3882
3865
3860
3858
3836
3833
3830
3833
3835
3835
3831
3829
3835
3831
3831
3829
3830
3826
3832
3817
3821
3823
3816
3819
3819
3823
3826
3822
3817
3805
3813
3815
3816
3816
3818
3815
3824
3825
3816
3830
3823
3822
3831
3831
3835
3840
3841
3836
3838
3833
3835
3833
3833
3832
3832
3828
3826
3836
3835
3835
3838
3835
3836
3838
3840
3837
3826
3823
3819
3813
3806
3807
3813
3813
3815
3815
3820
3823
3817
3822
3808
3817
3809
3796
3797
3798
3780
3780
3800
3810
3810
3806
3831
3819
3816
3831
3839
3829
3834
3813
3853
3853
3959
3959
3940
3964
3976
3980
3982
3981
3989
3988
3980
3987
3987
3979
3975
3967
3969
3980
3980
3977
3984
3985
3983
3986
3985
3986
3987
3989
3990
3980
3979
3996
3992
3990
4000
3991
3986
3985
3966
3962
3967
3964
3968
3969
3956
3956
3959
3967
3967
3957
3971
3972
3970
3977
3988
3990
3982
3977
3978
3989
4000
3991
3987
3987
3984
3983
3977
3980
3973
3972
3977
3982
3988
3981
3978
3981
3983
3979
3977
3967
3943
3955
3951
3952
3955
3957
3966
3971
3975
3966
3963
3959
3968
3959
3949
3939
3939
3943
3941
3948
3948
3951
3961
3960
3960
3956
3959
3945
3946
3955
3951
3945
3946
3942
3948
3945
3958
3958
3960
3961
3962
3961
3961
3966
3964
3969
3969
3968
3969
3971
3971
3957
3956
3952
3946
3949
3949
3948
3956
3943
3946
3946
3955
3965
3963
3966
3960
3962
3956
3956
3958
3958
3952
3943
3950
3957
3953
3953
3937
3937
3945
3942
3953
3951
3917
3947
3956
3951
3949
3963
3946
3937
3974
4050
4070
4070
4063
4065
4073
4078
4081
4079
4089
4086
4098
4085
4079
4077
4080
4079
4083
4080
4076
4072
4063
4045
4084
4082
4087
4093
4094
4105
4107
4086
4079
4087
4084
4076
4076
4071
4071
4108
4118
4120
4129
4130
4129
4124
4132
4107
4109
4105
4099
4116
4117
4117
4115
4115
4132
4139
4152
4152
4148
4151
4152
4151
4147
4156
4152
4155
4152
4142
4165
4168
4169
4163
4166
4157
4157
4162
4152
4117
4116
4117
4113
4119
4117
4105
4100
4100
4092
4100
4096
4091
4090
4091
4086
4100
4103
4098
4097
4109
4099
4095
4101
4096
4092
4092
4088
4095
4100
4093
4093
4092
4087
4071
4082
4091
4087
4089
4096
4096
4086
4089
4120
4118
4114
4122
4123
4116
4103
4105
4110
4114
4109
4124
4097
4101
4090
4085
4085
4084
4080
4076
4082
4093
4090
4116
4111
4118
4122
4119
4122
4100
4099
4098
4104
4089
4090
4076
4075
4080
4093
4086
4064
4066
4065
4073
4085
4075
4077
4100
4095
4102
4110
4105
4102
4099
4108
4116
4112
4110
4098
4086
4081
4084
4084
4084
4073
4074
4064
4077
4080
4073
4078
4077
4078
4072
4079
4084
4061
4052
4032
4064
4066
4066
4036
4111
4112
4119
4140
4166
4165
4161
4163
4163
4145
4165
4162
4178
4163
4163
4162
4130
4117
4125
4130
4114
4122
4105
4102
4122
4131
4131
4135
4137
4136
4136
4128
4122
4079
4083
4101
4098
4080
4079
4094
4086
4077
4087
4084
4092
4079
4077
4069
4069
4062
4079
4071
4073
4070
4136
4136
4132
4139
4139
4150
4151
4150
4150
4146
4145
4140
4137
4143
4142
4147
4150
4150
4153
4150
4151
4145
4139
4133
4127
4137
4144
4160
4177
4171
4203
4210
4214
4224
4224
4225
4219
4217
4216
4224
4236
4255
4242
4244
4241
4255
4224
4220
4230
4227
4225
4228
4231
4227
4222
4228
4237
4183
4178
4176
4170
4168
4167
4172
4172
4176
4173
4170
4170
4178
4177
4177
4174
4177
4168
4177
4165
4163
4164
4154
4147
4146
4140
4144
4150
4145
4148
4149
4140
4147
4147
4159
4148
4169
4175
4178
4182
4176
4172
4195
4195
4188
4185
4179
4176
4170
4170
4172
4167
4167
4175
4168
4145
4152
4153
4150
4150
4149
4152
4146
4140
4161
4162
4154
4152
4140
4137
4200
4207
4213
4223
4219
4218
4227
4223
4223
4229
4206
4216
4205
4212
4211
4216
4216
4212
4207
4207
4200
4223
4224
4224
4222
4224
4224
4228
4230
4232
4232
4220
4219
4219
4222
4214
4219
4216
4215
4224
4216
4198
4213
4213
4210
4212
4233
4231
4234
4240
4239
4235
4245
4245
4241
4239
4237
4242
4249
4230
4235
4229
4240
4243
4245
4249
4239
4220
4171
4167
4151
4148
4134
4137
4137
4154
4153
4150
4153
4145
4145
4147
4155
4133
4121
4139
4133
4129
4121
4122
4126
4130
