0.0000 1 18597.0600
0.5000 1 18582.6200
1.0000 1 18468.7200
1.5000 1 18179.9300
2.0000 1 18172.9800
0.0000 2 9919.6200
0.5000 2 9926.5900
1.0000 2 9858.3900
1.5000 2 9679.6800
2.0000 2 9596.8700
0.0000 3 6088.7700
0.5000 3 6103.2600
1.0000 3 6101.6000
1.5000 3 6096.5800
2.0000 3 6063.1100
0.0000 4 4625.8800
0.5000 4 4644.2100
1.0000 4 4642.8200
1.5000 4 4629.1300
2.0000 4 4614.9200
0.0000 5 4544.8600
0.5000 5 4570.1400
1.0000 5 4566.2500
1.5000 5 4528.6700
2.0000 5 4452.4900
0.0000 6 2757.7600
0.5000 6 2770.0800
1.0000 6 2770.3200
1.5000 6 2770.7500
2.0000 6 2776.8400
0.0000 7 2848.4000
0.5000 7 2857.1600
1.0000 7 2868.3400
1.5000 7 2865.7900
2.0000 7 2841.9000
0.0000 8 2424.8700
0.5000 8 2435.2900
1.0000 8 2411.9500
1.5000 8 2379.9000
2.0000 8 2393.9700
0.0000 9 1346.6800
0.5000 9 1356.3100
1.0000 9 1356.3800
1.5000 9 1351.2100
2.0000 9 1346.4300
0.0000 10 1251.5600
0.5000 10 1252.4000
1.0000 10 1254.6800
1.5000 10 1254.0700
2.0000 10 1254.2100
0.0000 11 1187.6400
0.5000 11 1191.0400
1.0000 11 1195.2600
1.5000 11 1191.2900
2.0000 11 1192.2500
0.0000 12 1032.7500
0.5000 12 1042.8700
1.0000 12 1033.8400
1.5000 12 1020.1500
2.0000 12 1020.4500
0.0000 13 4052.5000
0.5000 13 4068.3100
1.0000 13 4074.9600
1.5000 13 4071.7100
2.0000 13 4043.0600
0.0000 14 6358.2000
0.5000 14 6367.1100
1.0000 14 6374.0400
1.5000 14 6376.2700
2.0000 14 6404.8900
0.0000 15 6481.7400
0.5000 15 6488.4800
1.0000 15 6489.2400
1.5000 15 6492.4700
2.0000 15 6492.9600
0.0000 16 7185.8600
0.5000 16 7199.2600
1.0000 16 7207.5100
1.5000 16 7137.4500
2.0000 16 7141.3000
0.0000 17 7322.4200
0.5000 17 7362.2300
1.0000 17 7316.3200
1.5000 17 7272.0500
2.0000 17 7183.0600
0.0000 18 8121.1800
0.5000 18 8132.4600
1.0000 18 8140.7700
1.5000 18 8139.5300
2.0000 18 8151.7300
0.0000 19 7565.0500
0.5000 19 7576.1100
1.0000 19 7578.5900
1.5000 19 7581.2500
2.0000 19 7582.5300
0.0000 20 9575.0000
0.5000 20 9601.4000
1.0000 20 9613.8100
1.5000 20 9591.0300
2.0000 20 9550.9400
0.0000 21 9233.8400
0.5000 21 9248.8000
1.0000 21 9254.5400
1.5000 21 9269.6600
2.0000 21 9275.9200
0.0000 22 11211.5200
0.5000 22 11236.3200
1.0000 22 11239.3000
1.5000 22 11081.9900
2.0000 22 10943.1000
0.0000 23 11012.2400
0.5000 23 11046.2900
1.0000 23 11053.6800
1.5000 23 11039.5900
2.0000 23 10981.0500
0.0000 24 16152.6500
0.5000 24 16094.1600
1.0000 24 15739.8300
1.5000 24 15810.8700
2.0000 24 15766.1100
