0.0000 1 730
0.5000 1 570
1.0000 1 560
1.5000 1 580
2.0000 1 620
0.0000 2 740
0.5000 2 570
1.0000 2 570
1.5000 2 600
2.0000 2 600
0.0000 3 730
0.5000 3 580
1.0000 3 580
1.5000 3 590
2.0000 3 610
0.0000 4 750
0.5000 4 590
1.0000 4 590
1.5000 4 580
2.0000 4 610
0.0000 5 750
0.5000 5 620
1.0000 5 620
1.5000 5 600
2.0000 5 620
0.0000 6 750
0.5000 6 570
1.0000 6 570
1.5000 6 560
2.0000 6 580
0.0000 7 730
0.5000 7 590
1.0000 7 580
1.5000 7 610
2.0000 7 590
0.0000 8 750
0.5000 8 590
1.0000 8 570
1.5000 8 570
2.0000 8 610
0.0000 9 760
0.5000 9 590
1.0000 9 580
1.5000 9 620
2.0000 9 620
0.0000 10 730
0.5000 10 580
1.0000 10 570
1.5000 10 550
2.0000 10 620
0.0000 11 750
0.5000 11 580
1.0000 11 560
1.5000 11 600
2.0000 11 600
0.0000 12 740
0.5000 12 580
1.0000 12 570
1.5000 12 590
2.0000 12 610
0.0000 13 700
0.5000 13 560
1.0000 13 540
1.5000 13 580
2.0000 13 600
0.0000 14 730
0.5000 14 570
1.0000 14 600
1.5000 14 610
2.0000 14 630
0.0000 15 740
0.5000 15 580
1.0000 15 590
1.5000 15 610
2.0000 15 600
0.0000 16 750
0.5000 16 590
1.0000 16 580
1.5000 16 630
2.0000 16 620
0.0000 17 750
0.5000 17 580
1.0000 17 580
1.5000 17 580
2.0000 17 600
0.0000 18 740
0.5000 18 580
1.0000 18 580
1.5000 18 600
2.0000 18 580
0.0000 19 750
0.5000 19 580
1.0000 19 570
1.5000 19 570
2.0000 19 580
0.0000 20 760
0.5000 20 590
1.0000 20 580
1.5000 20 610
2.0000 20 630
0.0000 21 740
0.5000 21 570
1.0000 21 570
1.5000 21 570
2.0000 21 580
0.0000 22 700
0.5000 22 560
1.0000 22 570
1.5000 22 580
2.0000 22 590
0.0000 23 730
0.5000 23 560
1.0000 23 560
1.5000 23 580
2.0000 23 590
0.0000 24 800
0.5000 24 600
1.0000 24 600
1.5000 24 620
2.0000 24 650
