0.0000 1 1800.0100
0.5000 1 1160.1200
1.0000 1 1166.0400
1.5000 1 1130.9400
2.0000 1 1148.6500
0.0000 2 1923.8900
0.5000 2 1181.5200
1.0000 2 1202.1400
1.5000 2 1158.5300
2.0000 2 1123.9200
0.0000 3 1776.1100
0.5000 3 1204.5200
1.0000 3 1246.3100
1.5000 3 1202.5300
2.0000 3 1190.0400
0.0000 4 1836.8300
0.5000 4 1211.0000
1.0000 4 1238.6800
1.5000 4 1163.1600
2.0000 4 1174.2600
0.0000 5 1806.2900
0.5000 5 1239.2300
1.0000 5 1274.8900
1.5000 5 1186.1300
2.0000 5 1199.4400
0.0000 6 1876.2200
0.5000 6 1202.2300
1.0000 6 1222.8800
1.5000 6 1148.3500
2.0000 6 1128.8800
0.0000 7 1728.3100
0.5000 7 1146.8400
1.0000 7 1162.3800
1.5000 7 1144.9600
2.0000 7 1097.3300
0.0000 8 1850.3700
0.5000 8 1210.9000
1.0000 8 1230.5400
1.5000 8 1136.6800
2.0000 8 1142.6200
0.0000 9 1930.3500
0.5000 9 1229.7700
1.0000 9 1248.8500
1.5000 9 1209.9000
2.0000 9 1134.3000
0.0000 10 1757.2800
0.5000 10 1171.7900
1.0000 10 1193.4100
1.5000 10 1090.8000
2.0000 10 1134.6000
0.0000 11 1854.2100
0.5000 11 1257.6200
1.0000 11 1278.9100
1.5000 11 1234.2600
2.0000 11 1183.6800
0.0000 12 1866.4800
0.5000 12 1220.1800
1.0000 12 1242.6000
1.5000 12 1173.0100
2.0000 12 1209.5200
0.0000 13 1755.9600
0.5000 13 1146.6300
1.0000 13 1170.1100
1.5000 13 1129.1700
2.0000 13 1118.4800
0.0000 14 1785.3700
0.5000 14 1149.1600
1.0000 14 1188.8900
1.5000 14 1165.6500
2.0000 14 1142.6100
0.0000 15 1853.4400
0.5000 15 1178.6700
1.0000 15 1203.7300
1.5000 15 1111.9800
2.0000 15 1171.5700
0.0000 16 1806.0800
0.5000 16 1206.6400
1.0000 16 1214.1700
1.5000 16 1204.6200
2.0000 16 1163.1500
0.0000 17 1831.4300
0.5000 17 1178.4500
1.0000 17 1188.4500
1.5000 17 1168.1400
2.0000 17 1158.2700
0.0000 18 1846.0300
0.5000 18 1164.7700
1.0000 18 1200.3800
1.5000 18 1132.5000
2.0000 18 1088.9600
0.0000 19 1983.2800
0.5000 19 1229.8100
1.0000 19 1259.4400
1.5000 19 1201.9300
2.0000 19 1207.8300
0.0000 20 1923.4700
0.5000 20 1224.4200
1.0000 20 1242.9500
1.5000 20 1189.8300
2.0000 20 1159.5100
0.0000 21 1967.4700
0.5000 21 1217.0700
1.0000 21 1254.8900
1.5000 21 1182.4100
2.0000 21 1151.5100
0.0000 22 1796.2300
0.5000 22 1180.1400
1.0000 22 1218.1000
1.5000 22 1167.9700
2.0000 22 1182.5600
0.0000 23 1940.8600
0.5000 23 1168.7500
1.0000 23 1201.1200
1.5000 23 1120.2900
2.0000 23 1163.8500
0.0000 24 1948.3200
0.5000 24 1266.2900
1.0000 24 1292.1600
1.5000 24 1224.8800
2.0000 24 1259.8900
